1#753.6,832.3;753.6,717.6;823.4,657.8;773.5,662.7;718.7,767.5;753.6,857.2;793.5,662.7;778.5,513.2;778.5,518.1;768.5,443.3;808.4,383.5;838.3,443.3;823.4,508.2;733.6,513.2;728.6,458.3;768.5,398.5
2#754.6,832.2;754.6,712.6;824.4,657.7;769.5,662.7;719.7,767.4;754.6,857.1;794.5,662.7;779.5,513.2;779.5,518.2;769.5,443.4;804.4,383.6;839.3,443.4;824.4,508.2;729.7,513.2;729.7,453.4;769.5,398.6
3#755.0,832.7;750.9,732.4;821.8,657.3;767.6,661.5;717.5,765.8;755.0,857.7;792.6,657.3;780.1,515.3;780.1,519.5;771.7,444.3;811.4,408.8;842.7,444.3;826.0,507.0;734.2,515.3;730.0,461.0;761.3,417.2
4#755.5,830.0;735.0,731.7;816.9,658.0;763.7,662.1;718.6,772.6;759.6,862.7;788.2,658.0;776.0,514.7;780.0,518.8;771.9,445.1;827.1,414.4;841.5,441.0;825.1,510.6;730.9,514.7;735.0,457.4;761.6,422.6
5#755.5,833.6;735.1,731.5;816.8,658.0;763.7,662.1;718.8,772.3;759.6,862.2;788.2,658.0;776.0,515.0;780.0,519.1;771.9,445.6;827.0,415.0;841.3,441.5;825.0,511.0;731.0,515.0;747.4,441.5;761.7,423.2
6#755.1,833.4;734.2,733.3;813.4,658.3;759.2,662.4;717.5,770.8;759.2,862.6;788.4,658.3;771.7,512.3;775.9,516.5;767.6,441.4;803.0,410.1;842.6,445.6;821.8,512.3;730.0,512.3;725.9,466.4;742.6,437.3
7#751.3,826.3;731.6,731.6;802.6,640.8;751.3,652.7;723.7,767.1;759.2,861.9;775.0,648.7;771.0,510.6;771.0,510.6;765.1,433.6;838.1,629.0;834.2,447.4;814.4,506.6;727.6,518.5;719.7,479.0;755.2,447.4
8#756.5,852.5;731.2,734.5;798.6,620.7;739.6,637.5;727.0,755.6;752.2,860.9;764.9,624.9;764.9,494.2;764.9,494.2;769.1,418.4;823.9,646.0;832.3,443.7;811.3,490.0;722.7,490.0;727.0,460.5;756.5,439.4
9#810.1,666.3;840.0,563.8;776.0,598.0;716.1,606.5;716.1,730.4;741.8,832.9;746.0,602.2;763.1,474.1;763.1,465.5;771.7,392.9;805.9,388.7;835.8,444.2;805.9,474.1;720.4,469.8;716.1,495.4;793.0,405.7
10#740.2,788.0;701.1,690.3;701.1,569.2;767.6,569.2;818.4,561.3;810.6,666.9;736.3,565.3;759.8,444.1;755.9,436.3;765.6,367.9;716.8,526.2;697.2,498.8;709.0,440.2;814.5,448.0;822.3,549.6;791.0,569.2
11#761.8,747.1;733.6,649.2;721.5,551.0;742.9,553.2;753.9,564.3;777.1,663.1;734.1,549.5;744.3,425.0;741.7,415.4;746.5,347.4;744.0,477.5;740.8,475.6;727.9,420.2;765.5,430.8;773.9,513.9;764.0,522.6
12#783.4,706.2;766.0,608.1;742.0,532.7;718.3,537.1;689.3,567.2;743.5,659.3;731.8,533.6;728.8,405.8;727.5,394.5;727.4,326.9;771.3,428.9;784.4,452.5;746.8,400.2;716.4,413.7;725.6,478.1;737.0,475.9
13#805.0,665.3;798.5,567.0;762.4,514.5;693.6,521.1;624.8,570.2;710.0,655.5;729.6,517.8;713.3,386.7;713.3,373.6;708.3,306.4;798.5,380.2;828.0,429.3;765.7,380.2;667.4,396.5;677.2,442.4;710.0,429.3
14#803.1,669.2;796.2,576.7;758.5,501.3;686.6,515.0;580.4,508.2;686.6,587.0;720.9,508.2;700.3,371.1;693.5,357.4;671.2,294.1;806.5,371.1;833.9,402.0;755.1,360.9;642.1,378.0;645.5,436.2;672.9,422.5
15#808.5,677.4;788.1,585.6;743.9,490.4;682.7,497.2;560.3,449.6;665.7,531.2;713.3,493.8;679.3,357.8;675.9,340.8;653.8,291.5;777.9,327.2;828.9,361.2;740.5,344.2;621.5,371.4;631.7,456.4;655.5,527.8
16#811.0,675.8;781.4,594.5;733.4,483.7;670.6,483.7;659.5,468.9;637.3,502.1;700.2,483.7;666.9,343.2;663.2,343.2;635.5,274.9;746.3,282.3;803.6,324.8;714.9,335.9;618.9,350.6;570.8,413.5;629.9,457.8
17#811.2,676.2;777.9,591.1;733.5,483.7;670.5,483.7;659.4,468.9;637.2,502.2;700.1,483.7;666.8,342.9;663.1,342.9;635.3,274.4;739.0,281.8;803.8,324.4;715.0,335.5;618.7,354.1;570.5,413.3;629.8,457.7
18#792.3,681.6;768.3,587.3;716.5,483.8;650.0,483.8;564.9,402.5;631.5,461.6;683.2,483.8;653.7,343.3;650.0,343.3;624.1,269.4;705.4,236.1;760.9,284.2;701.7,332.2;605.6,350.7;579.7,310.1;609.3,265.7
19#766.4,676.0;755.5,573.8;704.3,486.1;638.6,493.4;704.3,504.4;664.2,544.5;671.5,486.1;642.3,343.7;642.3,343.7;620.3,270.6;673.3,221.3;715.3,263.3;686.1,329.0;587.5,347.3;572.9,299.8;602.1,234.1
20#743.4,659.3;735.8,554.0;687.0,490.1;623.0,505.1;653.1,542.7;660.6,576.5;653.1,493.8;626.8,347.2;626.8,351.0;619.3,275.8;655.0,221.2;694.5,275.8;671.9,343.4;581.7,354.7;574.2,302.1;594.8,228.8
21#726.4,640.6;722.5,534.5;673.8,496.0;610.9,510.0;639.1,547.5;660.6,594.3;640.9,499.7;623.1,354.2;623.1,355.2;622.1,280.2;655.4,241.1;690.6,297.9;667.1,355.1;578.1,357.1;569.6,306.4;596.7,237.9
22#709.4,621.8;709.3,515.0;660.6,501.8;598.8,514.9;625.0,552.4;660.5,612.1;628.8,505.5;619.3,361.3;619.3,359.4;624.9,284.5;655.9,260.9;686.8,320.0;662.4,366.8;574.4,359.4;565.1,310.8;598.6,247.1
23#692.3,603.1;696.0,495.6;647.5,507.7;586.6,519.8;611.0,557.2;660.5,630.0;616.6,511.4;615.6,368.3;615.6,363.7;627.7,288.9;656.3,280.8;682.9,342.1;657.6,378.6;570.8,361.8;560.5,315.1;600.6,256.2
24#675.3,584.4;682.8,476.1;634.3,513.5;574.5,524.7;596.9,562.0;660.4,647.8;604.4,517.2;611.9,375.4;611.9,367.9;630.5,293.2;656.7,300.7;679.0,364.2;652.9,390.3;567.1,364.2;555.9,319.4;602.5,265.3
25#642.1,566.1;638.5,515.3;620.3,515.3;565.9,526.2;598.6,591.5;645.7,664.0;594.9,518.9;613.1,384.7;613.1,377.5;634.8,304.9;653.0,533.4;663.8,468.1;656.6,395.6;569.5,370.2;562.3,330.3;602.2,301.3
26#610.8,645.3;600.7,591.7;604.1,514.7;543.8,518.1;577.3,588.4;617.5,668.8;573.9,514.7;610.8,380.7;614.1,377.4;642.6,312.0;661.0,337.2;674.4,397.5;647.6,394.1;573.9,370.7;537.1,420.9;563.9,417.6
27#576.4,638.4;551.2,562.8;595.3,509.2;522.8,509.2;551.2,572.2;585.9,654.2;560.7,509.2;604.8,383.1;611.1,373.6;641.0,318.5;655.2,361.0;671.0,411.5;642.6,395.7;567.0,370.5;532.3,411.5;554.4,411.5
28#578.1,540.1;592.7,496.2;578.1,504.9;519.5,496.2;513.7,537.2;560.5,625.0;548.8,496.2;601.5,379.1;610.3,364.4;638.1,316.1;657.2,376.1;660.1,425.9;642.5,393.7;563.5,364.4;528.3,414.2;554.7,405.4
29#579.4,549.8;601.4,492.7;572.5,500.6;512.0,489.2;527.0,516.6;554.5,594.1;542.2,491.3;601.8,375.9;610.5,360.0;639.3,310.3;656.7,384.7;658.2,433.1;643.6,391.6;562.2,359.3;528.2,409.1;557.7,404.5
30#580.8,559.5;610.2,489.2;566.9,496.3;504.4,482.3;540.2,495.9;548.5,563.2;535.7,486.4;602.1,372.6;610.6,355.6;640.5,304.5;656.2,393.2;656.3,440.2;644.7,389.6;561.0,354.2;528.2,404.0;560.8,403.7
31#582.1,569.2;618.9,485.7;561.3,492.0;496.9,475.3;553.5,475.3;542.4,532.4;529.1,481.6;602.4,369.4;610.8,351.2;641.6,298.7;655.7,401.8;654.4,447.4;645.8,387.6;559.8,349.1;528.1,398.9;563.8,402.8
32#583.4,578.9;627.6,482.2;555.7,487.7;489.4,468.4;566.8,454.6;536.4,501.5;522.6,476.7;602.7,366.1;611.0,346.8;642.8,292.9;655.2,410.3;652.5,454.6;646.9,385.5;558.5,344.0;528.1,393.8;566.8,402.0
33#581.5,598.2;620.7,495.7;557.4,471.6;500.2,462.6;575.5,474.6;572.5,583.1;524.3,468.6;602.6,360.1;611.7,342.0;643.3,289.3;647.8,426.4;650.8,462.6;647.8,384.2;560.4,333.0;518.2,342.0;557.4,390.2
34#575.3,612.1;605.8,532.8;578.4,484.0;508.2,456.5;593.6,499.2;569.2,596.8;541.8,471.8;602.8,349.7;611.9,337.5;647.0,287.2;648.5,450.4;657.7,456.5;645.5,374.1;563.1,325.3;508.2,307.0;563.1,398.5
35#575.3,612.1;605.8,532.8;578.4,484.0;508.2,456.5;593.6,499.2;569.2,596.8;541.8,471.8;602.8,352.8;611.9,337.5;647.0,287.2;648.5,450.4;657.7,456.5;645.5,374.1;563.1,325.3;508.2,307.0;563.1,398.5
36#583.3,628.8;604.0,542.3;576.3,476.5;520.9,452.2;593.7,507.6;572.9,608.1;548.6,462.6;604.0,344.9;611.0,331.0;647.3,273.9;662.9,476.5;666.4,448.8;645.6,369.1;562.5,317.2;534.8,365.7;562.5,383.0
37#604.1,640.7;611.4,549.4;582.2,476.3;527.4,458.0;596.8,509.2;578.5,549.4;549.3,461.7;600.4,333.8;607.8,326.4;649.8,262.5;662.6,483.6;669.9,432.4;644.3,359.3;552.9,304.5;496.3,262.5;571.2,374.0
38#611.7,651.6;630.5,553.9;596.6,474.9;536.5,459.9;585.4,482.5;577.8,561.4;566.6,463.7;604.2,335.9;607.9,328.4;643.6,258.9;664.3,482.5;675.6,433.6;649.2,358.5;555.3,302.1;500.8,258.9;523.4,251.4
39#617.6,647.4;651.2,537.0;608.0,469.9;560.0,465.1;593.6,489.0;579.2,585.0;584.0,469.9;603.2,335.5;608.0,325.9;632.0,263.5;656.0,465.1;689.6,431.5;651.2,359.5;550.4,306.7;516.8,253.9;526.4,186.7
40#619.5,630.6;668.9,523.7;603.1,478.4;549.6,470.2;590.7,503.1;578.4,606.0;578.4,478.4;607.2,338.6;607.2,330.4;627.7,264.5;652.4,416.7;705.9,425.0;656.5,359.2;557.8,313.9;508.5,264.5;529.0,202.8
41#619.5,626.8;669.0,523.8;603.1,478.5;553.6,470.3;590.7,503.2;578.3,606.2;578.3,478.5;607.2,338.5;607.2,330.2;627.8,264.3;652.5,416.7;706.0,425.0;656.6,359.1;557.7,313.8;508.3,268.5;528.9,202.5
42#630.0,616.9;683.8,509.4;610.8,490.2;553.1,490.2;599.2,524.7;580.0,632.3;580.0,490.2;610.8,344.2;610.8,340.3;622.3,263.5;714.5,378.7;718.3,405.6;656.9,363.4;557.0,328.8;507.0,294.2;530.1,232.8
43#634.3,587.7;704.4,488.1;619.6,495.5;560.6,491.8;590.1,565.5;575.3,661.4;590.1,495.5;608.5,351.7;608.5,348.0;617.8,268.7;667.5,325.9;726.5,370.1;660.2,362.7;560.6,340.6;512.7,322.2;536.6,268.7
44#652.7,549.6;713.3,466.3;626.2,496.6;569.5,496.6;573.3,595.0;577.0,689.7;599.8,496.6;607.3,360.3;607.3,352.8;614.9,277.1;675.5,292.2;720.9,341.4;656.5,360.3;565.7,356.6;535.4,314.9;539.2,284.6
45#665.2,498.4;712.6,443.2;637.6,494.4;578.5,502.3;566.7,600.9;566.7,691.6;606.1,494.4;610.0,364.3;610.0,360.4;610.0,285.4;683.0,259.8;708.6,320.9;657.3,364.3;566.7,364.3;543.0,368.2;543.0,328.8
46#557.8,687.1;565.7,616.0;644.6,497.6;589.3,505.5;565.7,600.2;561.7,691.0;613.0,497.6;613.0,371.3;613.0,367.3;613.0,292.3;676.2,493.7;695.9,308.1;656.4,363.4;569.6,375.2;695.9,312.1;545.9,347.6
47#557.8,687.1;565.7,616.0;644.6,497.6;589.3,505.5;565.7,600.2;561.7,691.0;613.0,497.6;613.0,371.3;613.0,367.3;613.0,292.3;542.0,363.4;695.9,308.1;656.4,363.4;569.6,375.2;695.9,312.1;545.9,347.6
48#686.5,506.7;667.4,529.6;648.4,506.7;595.1,518.2;568.4,594.3;564.6,681.9;621.7,506.7;610.3,377.2;610.3,373.4;606.5,301.1;697.9,506.7;682.7,426.7;656.0,377.2;568.4,381.0;534.1,434.4;530.3,384.9
49#689.8,508.9;682.8,430.9;654.4,505.4;601.1,516.0;576.3,572.8;583.4,661.5;629.5,512.5;608.2,384.7;608.2,377.6;604.7,306.6;686.3,516.0;696.9,327.9;650.8,374.1;565.6,391.8;533.7,452.2;533.7,406.0
50#684.9,535.3;644.4,457.7;661.3,508.3;600.6,515.1;580.3,552.2;600.6,639.9;627.6,511.7;603.9,390.3;603.9,380.2;597.2,312.7;690.0,290.8;705.1,346.4;647.8,380.2;556.7,400.4;533.1,464.5;533.1,420.6
51#678.4,576.9;693.6,476.6;651.1,507.0;590.2,516.1;587.2,537.4;614.6,613.4;617.6,510.0;599.4,397.5;599.4,382.3;599.4,315.4;689.1,307.8;705.8,367.1;648.0,382.3;550.7,406.6;526.4,470.5;535.5,437.1
52#674.5,597.8;696.6,498.2;644.0,514.8;586.0,525.9;586.0,506.5;621.9,586.7;610.9,517.6;597.0,398.7;597.0,384.8;599.8,321.2;691.1,329.5;702.1,384.8;644.0,390.4;550.0,407.0;516.8,473.3;693.8,329.5
53#675.5,597.9;697.6,498.2;642.3,514.8;584.2,525.9;578.6,506.5;622.9,586.8;609.1,517.6;598.0,398.6;598.0,384.8;598.0,321.1;692.1,329.4;703.2,384.8;645.1,387.5;551.0,406.9;517.8,473.3;548.2,440.1
54#674.1,623.2;701.4,523.1;637.7,517.0;574.0,523.1;613.5,486.7;616.5,559.5;607.4,517.0;595.3,401.7;595.3,389.6;595.3,322.9;695.3,356.3;698.4,401.7;546.7,407.8;640.7,392.6;698.4,404.8;692.3,353.2
55#676.7,653.1;697.8,550.8;637.6,517.7;574.4,517.7;562.3,496.6;538.2,529.7;601.4,514.6;592.4,406.3;592.4,388.2;586.4,325.0;694.7,385.2;691.7,421.3;643.6,400.3;547.3,409.3;505.1,457.5;559.3,448.4
56#679.2,669.2;682.2,580.9;639.6,519.9;581.7,519.9;581.7,495.5;554.3,544.3;612.1,519.9;590.8,407.2;590.8,392.0;580.2,329.5;694.4,407.2;694.4,440.7;639.6,401.1;545.1,410.2;557.3,462.0;514.6,440.7
57#681.0,668.3;671.5,586.2;639.9,516.7;583.0,516.7;624.1,535.6;573.6,564.0;611.5,516.7;592.5,406.1;589.4,393.5;570.4,327.2;696.7,428.2;690.4,450.4;639.9,399.8;548.3,406.1;554.6,447.2;589.4,447.2
58#671.6,665.1;675.0,572.1;644.1,513.6;592.4,520.5;630.3,554.9;585.5,585.9;616.5,513.6;595.8,406.9;592.4,393.1;571.7,324.2;702.6,448.2;695.7,462.0;644.1,406.9;547.6,403.4;533.9,375.9;530.4,303.6
59#671.5,664.7;674.9,571.9;644.0,513.5;592.5,520.4;630.3,554.8;585.6,585.7;616.5,513.5;595.9,407.0;592.5,393.3;571.9,324.6;702.4,448.3;695.6,462.0;644.0,407.0;547.8,403.6;534.1,376.1;530.7,300.5
60#656.2,647.6;678.8,557.3;653.0,518.6;607.8,525.1;630.4,589.5;572.3,612.1;630.4,515.4;607.8,405.7;601.4,392.8;582.0,331.6;704.6,486.4;698.1,460.6;653.0,409.0;559.4,399.3;524.0,383.2;530.4,334.8
61#656.1,615.3;684.3,542.1;664.6,522.4;616.7,519.6;630.8,601.2;636.4,629.4;642.0,522.4;616.7,406.9;611.1,390.0;597.0,328.1;709.6,494.2;701.2,466.1;661.8,406.9;574.4,404.1;535.0,398.5;543.5,353.4
62#658.6,590.1;667.7,544.8;670.7,520.7;619.4,523.7;628.5,587.1;637.5,632.3;646.6,523.7;628.5,406.1;625.5,394.1;607.4,330.7;703.9,478.5;728.0,466.4;673.7,409.1;586.3,403.1;547.1,424.2;553.1,372.9
63#702.2,569.2;702.2,569.2;683.7,519.7;628.0,525.8;628.0,578.4;637.3,649.6;655.8,522.7;637.3,411.4;637.3,399.0;620.2,341.8;705.3,445.4;745.5,457.8;686.8,411.4;594.0,405.2;581.6,451.6;559.9,402.1
64#701.0,595.8;674.3,500.7;689.1,518.6;635.7,521.5;629.7,604.7;638.6,673.0;662.4,521.5;647.5,411.6;644.6,393.8;628.2,353.7;715.9,417.6;760.4,435.4;695.1,405.7;603.0,411.6;588.1,471.0;567.3,423.5
65#701.0,595.8;674.3,500.8;689.1,518.6;635.7,521.5;629.7,604.7;635.7,672.9;662.4,521.5;647.5,411.7;644.6,393.9;628.2,353.8;715.8,417.6;760.4,435.4;695.0,405.8;603.0,411.7;588.2,471.1;567.4,423.6
66#711.7,595.4;683.8,549.0;693.1,521.2;643.6,533.6;628.2,610.9;634.4,685.1;668.4,527.4;652.9,413.0;649.8,400.6;632.8,358.9;719.4,365.1;764.2,400.6;696.2,403.7;606.5,422.3;578.7,465.5;563.3,443.9
67#705.5,605.3;697.0,536.8;694.1,522.5;642.7,531.1;625.6,599.6;639.9,679.6;668.4,528.2;651.3,419.7;651.3,405.4;641.3,361.2;732.7,361.2;754.1,374.0;697.0,408.3;602.7,431.1;577.0,482.5;565.6,468.3
68#712.2,641.3;705.0,557.9;697.7,528.8;646.9,532.5;614.3,572.4;643.3,659.5;672.3,532.5;654.2,427.2;654.2,416.3;636.0,358.3;726.8,314.7;737.7,365.5;701.4,412.7;607.0,441.7;581.6,496.2;570.7,488.9
69#712.9,661.3;712.9,577.0;698.9,538.3;649.7,541.8;611.0,552.4;639.1,633.2;674.3,541.8;649.7,436.4;649.7,429.4;632.1,366.1;727.0,334.5;744.5,380.2;698.9,422.4;604.0,454.0;582.9,513.7;593.5,496.1
70#715.0,684.5;715.0,600.7;691.5,557.1;641.2,560.4;604.3,553.7;641.2,604.0;664.7,557.1;644.6,446.4;641.2,436.4;621.1,376.0;731.7,359.2;751.9,402.8;688.2,429.6;597.6,466.5;577.5,543.7;570.8,547.0
71#715.0,684.5;715.0,600.7;691.5,557.1;641.2,560.4;604.3,553.7;641.2,604.0;664.7,557.1;644.6,446.4;641.2,436.4;621.1,376.0;731.7,359.2;751.9,402.8;688.2,429.6;597.6,466.5;577.5,543.7;570.8,547.0
72#716.8,712.4;713.5,629.3;680.3,552.9;633.8,559.6;607.2,566.2;623.8,616.0;657.0,556.2;637.1,449.9;633.8,443.3;613.8,380.2;730.1,390.1;743.4,423.4;680.3,433.3;593.9,466.5;580.6,523.0;574.0,569.5
73#718.3,726.3;705.6,649.8;683.3,563.8;625.9,563.8;622.7,618.0;625.9,637.1;651.4,563.8;629.1,458.7;625.9,442.8;608.4,396.6;727.9,414.1;737.4,439.6;673.7,442.8;584.5,471.5;575.0,547.9;590.9,586.1
74#708.2,720.9;699.3,643.2;669.4,568.5;624.6,568.5;624.6,619.3;618.6,640.2;645.5,568.5;624.6,457.9;624.6,446.0;608.1,387.7;729.2,443.0;729.2,463.9;666.4,449.0;582.7,466.9;570.8,529.6;609.6,523.7
75#697.7,716.2;703.2,625.3;659.1,567.5;617.8,564.8;642.6,589.5;628.8,655.6;637.1,564.8;626.1,460.1;623.3,440.8;616.4,400.9;728.0,468.4;725.2,484.9;667.4,454.6;584.8,468.4;557.2,512.4;604.1,501.4
76#694.0,701.4;713.7,614.6;654.8,569.7;615.6,566.9;657.6,594.9;635.2,662.2;638.0,566.9;626.8,463.2;624.0,449.2;614.2,400.1;727.7,480.0;722.1,499.6;671.6,463.2;581.9,463.2;542.7,482.8;545.5,480.0
77#694.1,701.5;713.7,614.6;654.8,569.7;615.5,566.9;657.6,595.0;635.2,662.3;638.0,566.9;626.7,463.1;623.9,449.1;614.1,400.0;727.7,482.8;722.1,499.6;671.6,463.1;581.9,463.1;542.6,482.8;545.4,480.0
78#700.8,684.8;730.3,602.1;656.5,575.5;612.2,572.5;656.5,602.1;632.9,693.6;635.8,572.5;629.9,466.2;626.9,454.4;619.6,405.7;739.2,504.6;718.5,513.5;674.2,469.2;582.6,460.3;541.3,445.5;591.5,416.0
79#713.6,663.7;745.3,582.7;657.2,575.6;615.0,575.6;664.3,610.8;636.1,705.9;636.1,575.6;632.6,462.9;632.6,462.9;622.0,396.0;745.3,522.8;720.6,519.3;674.8,470.0;593.9,455.9;555.1,424.2;586.8,389.0
80#721.2,642.3;760.5,563.8;667.6,570.9;621.2,574.5;656.9,635.2;639.1,724.5;642.7,574.5;639.1,467.4;639.1,463.8;624.8,396.0;742.6,535.2;728.3,520.9;681.9,474.5;599.8,460.3;571.2,403.1;573.0,379.9
81#726.2,618.1;764.7,541.2;679.2,575.4;636.5,583.9;645.0,656.6;636.5,750.5;653.6,579.7;645.0,464.3;645.0,464.3;640.8,396.0;751.8,532.7;739.0,519.9;687.8,477.2;606.6,460.1;589.5,404.5;585.2,349.0
82#724.1,602.8;764.2,530.7;688.1,574.8;640.0,582.8;644.0,666.9;644.0,759.1;664.0,578.8;656.0,462.5;656.0,462.5;652.0,398.4;732.2,514.7;748.2,506.6;700.1,474.6;615.9,446.5;591.9,402.4;579.9,350.3
83#724.4,603.1;764.7,530.6;688.2,570.9;639.9,582.9;643.9,667.5;643.9,756.0;664.1,578.9;656.0,462.2;656.0,462.2;652.0,401.8;732.5,514.5;748.6,506.4;700.3,474.2;615.8,446.1;591.6,405.8;579.5,349.5
84#726.3,592.6;758.3,525.5;691.2,576.6;643.3,579.8;646.5,672.4;646.5,755.4;668.9,579.8;665.7,468.0;665.7,471.2;664.1,412.1;739.1,490.4;764.7,493.6;707.2,477.6;627.3,455.3;581.0,418.5;574.7,412.1
85#769.8,653.8;753.2,531.5;693.7,581.1;640.8,584.4;647.4,673.6;647.4,756.3;667.3,584.4;670.6,475.2;670.6,478.6;672.2,417.4;746.6,485.2;763.2,478.6;710.3,478.6;630.9,468.6;581.3,442.2;586.3,410.8
86#754.6,668.4;758.3,562.6;696.4,590.4;645.3,592.6;637.1,670.0;642.4,750.4;670.4,592.6;672.6,484.9;672.6,485.1;671.6,425.3;725.4,465.2;752.3,471.4;711.7,487.2;632.4,481.6;584.6,467.2;589.0,433.6
87#739.3,682.9;763.3,593.6;699.2,599.6;649.9,600.7;626.7,666.3;637.3,744.6;673.5,600.7;674.6,494.7;674.6,491.6;670.9,433.2;704.1,445.3;741.3,464.1;713.2,495.8;633.9,494.6;587.8,492.1;591.6,456.3
88#724.1,697.5;768.4,624.7;701.9,608.9;654.4,608.9;616.4,662.7;632.3,738.7;676.6,608.9;676.6,504.4;676.6,498.1;670.3,441.1;682.9,425.3;730.4,456.9;714.6,504.4;635.4,507.6;591.1,517.1;594.3,479.1
89#724.1,697.6;768.4,624.8;701.9,608.9;654.4,608.9;616.4,662.8;632.2,738.8;676.6,608.9;676.6,504.4;676.6,498.0;670.2,441.0;682.9,425.2;730.4,456.9;714.6,504.4;635.4,507.5;591.0,517.0;594.2,479.0
90#723.6,720.9;758.8,646.1;700.8,618.4;655.4,616.1;602.7,647.4;623.5,721.0;677.1,617.2;673.6,512.2;673.6,506.7;664.8,449.3;677.8,425.1;719.8,459.9;710.4,508.7;634.8,518.8;593.7,533.1;595.9,497.5
91#723.0,744.2;749.3,667.4;699.6,627.8;656.4,623.2;588.9,632.1;614.7,703.1;677.5,625.6;670.7,519.9;670.7,515.5;659.4,457.7;672.8,425.0;709.1,463.0;706.2,513.1;634.1,530.1;596.5,549.3;597.5,516.0
92#722.5,767.5;739.7,688.7;698.5,637.3;657.4,630.4;575.2,616.7;606.0,685.3;678.0,633.9;667.7,527.7;667.7,524.2;654.0,466.0;667.7,424.9;698.5,466.0;702.0,517.4;633.5,541.4;599.2,565.4;599.2,534.5
93#715.5,762.0;731.1,685.9;696.4,637.7;656.0,631.0;577.9,621.2;606.9,690.1;676.2,634.2;667.1,530.3;667.1,526.0;654.6,469.8;669.3,438.2;699.2,477.0;701.3,521.0;632.8,542.6;599.7,567.0;602.5,538.9
94#708.5,756.5;722.5,683.1;694.4,638.1;654.6,631.6;580.6,625.7;607.8,694.9;674.4,634.5;666.5,532.9;666.5,527.8;655.2,473.6;670.9,451.6;699.8,488.0;700.6,524.6;632.1,543.9;600.3,568.6;605.8,543.3
95#701.5,750.9;713.8,680.3;692.3,638.5;653.2,632.2;583.4,630.1;608.6,699.7;672.5,634.8;665.9,535.4;665.9,529.5;655.9,477.4;672.5,464.9;700.5,499.0;699.8,528.3;631.5,545.1;600.8,570.3;609.0,547.6
96#694.5,745.4;705.2,677.5;690.2,638.9;651.8,632.8;586.1,634.6;609.5,704.5;670.7,635.1;665.3,538.0;665.3,531.3;656.5,481.2;674.1,478.2;701.2,510.0;699.1,531.9;630.8,546.4;601.3,571.9;612.3,552.0
97#687.5,739.9;696.6,674.7;688.1,639.3;650.4,633.4;588.8,639.1;610.4,709.3;668.9,635.4;664.7,540.6;664.7,533.1;657.1,485.0;675.7,491.6;701.8,521.0;698.4,535.5;630.1,547.6;601.9,573.5;615.6,556.4
98#680.5,734.4;688.0,671.9;686.0,639.7;649.0,634.0;591.5,643.6;611.3,714.1;667.0,635.7;664.1,543.2;664.1,534.9;657.8,488.8;677.3,504.9;702.5,532.0;697.7,539.1;629.5,548.9;602.4,575.1;618.9,560.8
99#673.5,728.8;679.4,669.1;684.0,640.0;647.7,634.6;594.2,648.1;612.2,718.9;665.2,636.1;663.5,545.7;663.5,536.6;658.4,492.5;678.8,518.2;703.2,543.1;697.0,542.7;628.8,550.1;602.9,576.8;622.1,565.2
100#666.5,723.3;670.8,666.3;681.9,640.4;646.3,635.2;596.9,652.6;613.1,723.7;663.4,636.4;662.9,548.3;662.9,538.4;659.0,496.3;680.4,531.6;703.8,554.1;696.3,546.3;628.1,551.4;603.5,578.4;625.4,569.6
101#659.5,717.8;662.1,663.5;679.8,640.8;644.9,635.8;599.7,657.0;613.9,728.5;661.6,636.7;662.3,550.9;662.3,540.2;659.6,500.1;682.0,544.9;704.5,565.1;695.5,550.0;627.4,552.6;604.0,580.0;628.7,573.9
102#652.5,712.2;653.5,660.7;677.8,641.2;643.5,636.4;602.4,661.5;614.8,733.3;659.8,637.0;661.7,553.5;661.7,542.0;660.2,503.9;683.6,558.2;705.2,576.1;694.8,553.6;626.8,553.9;604.5,581.6;632.0,578.3
103#645.5,706.7;644.9,657.9;675.7,641.6;642.1,637.0;605.1,666.0;615.7,738.1;657.9,637.3;661.1,556.0;661.1,543.7;660.9,507.7;685.2,571.6;705.8,587.1;694.1,557.2;626.1,555.1;605.1,583.3;635.2,582.7
104#638.5,701.2;636.3,655.1;673.6,642.0;640.7,637.6;607.8,670.5;616.6,742.9;656.1,637.6;660.5,558.6;660.5,545.5;661.5,511.5;686.8,584.9;706.5,598.1;693.4,560.8;625.4,556.4;605.6,584.9;638.5,587.1
105#640.7,720.6;640.7,659.7;675.5,637.9;640.7,633.6;601.6,657.5;610.3,727.1;658.1,633.6;660.3,557.4;660.3,542.2;661.4,508.5;697.3,585.7;719.1,598.8;695.1,559.6;627.7,553.1;612.5,574.8;605.9,603.1
106#642.4,734.4;644.8,668.9;678.7,637.4;642.4,630.2;596.3,642.3;608.4,715.0;659.3,635.0;659.3,555.0;661.8,542.9;665.4,500.5;703.0,574.4;732.0,589.0;695.7,555.0;625.4,552.6;610.9,589.0;632.7,584.1
107#642.4,735.3;644.8,669.9;678.7,638.4;642.4,631.2;596.4,643.3;608.5,713.5;661.7,636.0;659.3,556.1;661.7,544.0;665.4,501.6;702.9,575.5;732.0,587.6;695.6,556.1;625.4,553.7;610.9,590.0;630.3,585.2
108#642.9,747.2;652.8,682.9;675.1,638.4;633.1,631.0;593.5,631.0;615.8,692.8;655.3,636.0;662.7,552.0;662.7,542.1;663.9,498.9;729.4,561.9;744.2,569.3;699.8,552.0;625.6,552.0;610.8,591.5;638.0,584.1
109#650.4,753.0;658.8,689.1;676.4,636.5;634.7,628.8;619.3,651.7;628.7,700.3;655.9,632.2;662.7,545.9;661.8,537.5;663.9,492.7;726.4,538.8;740.8,555.6;698.4,545.0;625.1,545.9;600.6,576.9;622.4,571.0
110#657.9,758.9;664.9,695.2;677.8,634.6;636.3,626.7;645.1,672.5;641.5,707.7;656.5,628.3;662.6,539.9;660.8,532.9;664.0,486.4;723.3,515.7;737.5,542.0;697.0,538.1;624.6,539.9;590.4,562.2;606.8,557.9
111#665.4,764.7;670.9,701.4;679.1,632.7;637.9,624.5;670.9,693.2;654.4,715.2;657.1,624.5;662.6,533.8;659.9,528.3;664.0,480.2;720.3,492.6;734.1,528.3;695.6,531.1;624.1,533.8;580.2,547.6;591.2,544.8
112#672.7,752.7;681.8,688.7;675.7,621.7;639.2,618.7;660.5,673.5;660.5,719.2;657.5,621.7;657.5,527.3;657.5,521.2;663.6,475.6;721.4,503.0;730.6,539.5;691.0,530.4;624.0,527.3;584.4,524.3;608.8,503.0
113#672.7,752.8;681.9,688.8;675.8,621.7;639.2,618.7;660.5,673.5;660.5,719.2;657.5,621.7;657.5,527.3;657.5,521.2;663.6,475.5;721.5,502.9;730.6,539.5;691.0,530.3;624.0,527.3;584.4,524.2;611.8,502.9
114#679.5,734.6;689.6,673.8;676.9,618.1;641.5,618.1;664.3,676.3;669.3,724.5;659.2,615.5;659.2,524.3;659.2,521.8;663.0,472.4;722.5,514.2;730.1,544.6;692.1,529.4;628.8,521.8;595.9,501.5;617.4,472.4
115#692.9,708.6;702.7,639.8;680.6,610.4;646.2,615.3;668.3,679.2;668.3,728.3;663.4,612.8;658.5,521.9;660.9,517.0;662.2,466.6;722.4,521.9;727.3,548.9;692.9,526.8;629.0,517.0;604.4,487.5;617.9,466.6
116#695.0,700.6;701.9,639.7;684.3,607.6;649.7,612.2;666.2,675.2;666.7,726.0;667.0,609.8;661.9,519.7;663.7,514.3;665.3,465.0;724.8,516.4;733.0,543.2;695.8,523.8;631.8,515.3;606.1,492.5;616.0,473.6
117#697.1,692.5;701.2,639.5;688.1,604.8;653.1,609.2;664.1,671.2;665.2,723.8;670.6,606.7;665.2,517.5;666.6,511.6;668.4,463.4;727.3,510.8;738.8,537.5;698.7,520.8;634.6,513.7;607.8,497.4;614.1,480.7
118#699.3,684.5;700.4,639.4;691.8,602.1;656.6,606.1;662.0,667.2;663.6,721.5;674.2,603.7;668.6,515.3;669.4,509.0;671.5,461.9;729.7,505.3;744.5,531.8;701.6,517.8;637.4,512.0;609.4,502.4;612.3,487.7
119#701.4,676.4;699.6,639.2;695.6,599.3;660.0,603.0;659.9,663.2;662.0,719.2;677.8,600.6;672.0,513.1;672.3,506.3;674.6,460.3;732.1,499.7;750.3,526.1;704.5,514.8;640.2,510.4;611.1,507.4;610.4,494.7
120#703.5,668.4;698.9,639.1;699.3,596.5;663.5,600.0;657.9,659.2;660.5,717.0;681.4,597.6;675.3,510.9;675.1,503.6;677.6,458.7;734.6,494.2;756.0,520.3;707.3,511.8;643.0,508.7;612.8,512.3;608.5,501.8
121#705.6,660.3;698.1,638.9;703.1,593.7;666.9,596.9;655.8,655.2;658.9,714.7;685.0,594.5;678.7,508.7;678.0,500.9;680.7,457.1;737.0,488.6;761.8,514.6;710.2,508.8;645.8,507.1;614.5,517.3;606.6,508.8
122#707.8,652.3;697.3,638.8;706.8,591.0;670.4,593.8;653.7,651.2;657.3,712.4;688.6,591.5;682.1,506.5;680.8,498.3;683.8,455.6;739.4,483.1;767.5,508.9;713.1,505.8;648.6,505.4;616.1,522.3;604.8,515.8
123#709.9,644.2;696.6,638.6;710.6,588.2;673.8,590.8;651.6,647.2;655.8,710.2;692.2,588.4;685.4,504.3;683.7,495.6;686.9,454.0;741.9,477.5;773.3,503.2;716.0,502.8;651.4,503.8;617.8,527.2;602.9,522.9
124#712.0,636.2;695.8,638.5;714.3,585.4;677.3,587.7;649.5,643.2;654.2,707.9;695.8,585.4;688.8,502.1;686.5,492.9;690.0,452.4;744.3,472.0;779.0,497.5;718.9,499.8;654.2,502.1;619.5,532.2;601.0,529.9
125#703.7,646.8;693.8,629.5;712.8,588.4;676.8,589.9;647.8,643.0;651.9,706.9;694.8,587.4;692.0,502.6;690.5,496.5;690.9,454.3;749.8,462.7;775.8,491.0;722.5,502.0;657.6,502.6;617.4,530.2;615.5,516.4
126#695.4,657.5;691.9,620.4;711.3,591.4;676.2,592.2;646.2,642.8;649.7,706.0;693.7,589.5;695.2,503.1;694.4,500.0;691.8,456.3;755.3,453.4;772.5,484.6;726.0,504.2;661.0,503.1;615.4,528.3;630.0,502.9
127#687.1,668.1;689.9,611.4;709.8,594.4;675.7,594.4;644.5,642.6;647.4,705.0;692.7,591.5;698.4,503.6;698.4,503.6;692.7,458.2;760.8,444.1;769.3,478.1;729.6,506.4;664.4,503.6;613.3,526.3;644.5,489.4
128#687.4,682.9;676.5,620.0;714.8,603.6;684.7,600.9;638.2,633.7;646.4,699.4;698.4,603.6;701.1,510.6;698.4,507.8;692.9,464.0;758.6,444.9;764.0,483.2;728.5,510.6;668.3,507.8;621.8,518.8;640.9,472.2
129#687.2,701.6;661.6,619.7;715.3,606.9;684.6,609.5;625.8,622.3;648.8,688.8;700.0,609.5;697.4,517.4;697.4,514.8;692.3,471.3;753.7,458.5;761.4,494.4;730.7,517.4;664.1,517.4;623.2,512.3;636.0,471.3
130#685.6,717.9;669.7,656.7;717.6,622.1;677.7,619.5;621.8,616.8;653.7,672.7;693.6,622.1;696.3,526.3;693.6,523.6;688.3,475.7;754.9,475.7;762.8,510.3;725.6,526.3;661.7,526.3;621.8,521.0;635.1,491.7
131#701.6,713.5;669.7,655.0;717.6,620.4;677.7,617.8;621.8,617.8;653.7,673.6;696.3,620.4;696.3,527.3;693.6,524.7;688.3,476.8;754.8,476.8;760.1,508.7;725.5,524.7;661.7,527.3;621.8,522.0;635.1,490.1
132#684.4,736.8;679.2,671.2;715.9,624.0;676.6,618.7;618.8,597.7;655.6,658.1;697.6,621.3;692.3,532.1;692.3,532.1;679.2,482.2;755.3,492.7;765.8,521.6;723.8,529.5;660.8,537.3;621.4,540.0;637.2,511.1
133#693.7,752.2;693.7,689.8;716.1,630.0;673.7,622.5;616.4,585.1;656.3,644.9;696.2,622.5;693.7,537.7;686.2,532.7;675.0,491.5;758.5,510.2;766.0,535.2;726.1,535.2;663.7,542.7;651.3,587.6;633.8,507.7
134#696.5,761.2;701.6,694.7;717.0,628.2;678.6,625.7;696.5,697.3;688.8,761.2;696.5,628.2;688.8,538.8;686.3,533.6;630.0,523.4;755.3,528.5;763.0,551.5;722.1,536.2;627.5,582.2;632.6,607.8;655.6,643.6
135#696.7,753.2;706.8,690.6;724.3,625.4;684.2,620.4;636.6,602.9;661.7,665.5;704.3,622.9;691.7,542.7;689.2,532.7;672.9,498.9;754.4,545.2;764.4,565.3;724.3,537.7;659.2,547.7;656.7,590.3;639.1,590.3
136#700.8,736.0;718.6,675.1;726.2,626.8;688.1,621.8;639.9,619.2;660.2,690.3;705.9,624.3;693.2,543.1;690.7,538.0;684.3,491.0;754.1,555.7;766.8,571.0;728.7,540.5;660.2,545.6;642.4,591.3;624.6,606.5
137#700.8,736.0;718.6,675.1;726.2,626.8;688.1,621.8;639.9,619.2;660.2,690.3;705.9,624.3;693.2,543.1;690.7,538.0;684.3,491.0;754.1,555.7;766.8,571.0;728.7,540.5;660.2,545.6;642.4,591.3;624.6,606.5
138#707.8,713.8;741.2,655.2;726.6,621.7;684.8,619.7;647.1,636.4;661.8,707.5;703.6,619.7;697.3,542.3;693.1,525.5;685.8,495.2;747.5,559.0;762.2,577.8;730.8,540.2;663.9,544.3;636.7,588.3;634.6,619.7
139#716.0,696.0;763.1,641.0;716.0,617.4;679.4,620.1;650.6,654.1;658.5,719.5;692.5,617.4;650.6,570.3;648.0,573.0;611.3,546.8;744.8,559.9;763.1,573.0;734.4,538.9;648.0,588.7;653.2,607.0;637.5,633.2
140#731.7,676.4;785.7,627.6;724.0,614.7;685.4,614.7;657.2,668.7;659.7,733.0;706.0,614.7;703.4,532.5;703.4,524.8;698.3,475.9;754.8,558.2;778.0,568.5;739.4,532.5;670.0,532.5;626.3,560.8;644.3,555.6
141#741.3,679.8;789.5,628.4;729.4,613.0;691.5,614.0;663.8,661.5;670.6,721.9;711.6,613.5;706.5,532.1;706.2,524.6;700.8,476.4;756.6,549.7;779.2,562.5;740.6,531.0;674.5,532.6;637.8,560.7;656.8,556.1
142#750.8,683.1;793.4,629.1;734.8,611.2;697.6,613.3;670.4,654.3;681.5,710.7;717.2,612.2;709.6,531.6;709.1,524.3;703.2,476.9;758.4,541.2;780.4,556.6;741.8,529.6;679.0,532.7;649.2,560.5;669.4,556.6
143#760.4,686.4;797.2,629.9;740.2,609.5;703.8,612.6;677.0,647.1;692.3,699.5;722.8,611.0;712.7,531.2;711.9,524.1;705.7,477.4;760.2,532.7;781.6,550.6;742.9,528.1;683.4,532.8;660.7,560.4;681.9,557.2
144#769.9,689.8;801.0,630.6;745.6,607.7;709.9,611.8;683.5,639.9;703.2,688.4;728.4,609.8;715.8,530.8;714.8,523.9;708.2,477.9;762.0,524.2;782.9,544.7;744.1,526.7;687.9,532.9;672.2,560.3;694.5,557.7
145#779.5,693.1;804.9,631.4;751.0,606.0;716.0,611.1;690.1,632.7;714.1,677.2;734.0,608.6;719.0,530.4;717.6,523.7;710.6,478.4;763.9,515.7;784.1,538.8;745.3,525.2;692.4,532.9;683.6,560.2;707.0,558.2
146#789.1,696.5;808.7,632.1;756.4,604.3;722.1,610.4;696.7,625.5;725.0,666.1;739.6,607.4;722.1,530.0;720.5,523.4;713.1,478.9;765.7,507.2;785.3,532.8;746.4,523.8;696.9,533.0;695.1,560.0;719.6,558.8
147#798.6,699.9;812.6,632.9;761.8,602.5;728.3,609.7;703.3,618.3;735.8,655.0;745.2,606.1;725.2,529.5;723.4,523.2;715.5,479.4;767.5,498.7;786.5,526.9;747.6,522.4;701.3,533.1;706.5,559.9;732.1,559.3
148#808.2,703.2;816.4,633.6;767.2,600.8;734.4,609.0;709.9,611.1;746.7,643.8;750.8,604.9;728.3,529.1;726.2,523.0;718.0,479.9;769.3,490.2;787.7,520.9;748.8,520.9;705.8,533.2;718.0,559.8;744.7,559.8
149#811.4,699.5;822.9,630.0;771.2,600.7;737.1,609.6;711.3,615.0;753.4,653.8;753.5,604.8;730.3,528.5;728.3,522.4;721.1,479.2;771.2,496.5;790.9,525.8;752.8,520.4;707.2,534.7;718.1,561.9;743.3,556.5
150#814.5,695.7;829.5,626.5;775.1,600.7;739.8,610.1;712.7,619.0;760.2,663.7;756.1,604.7;732.4,528.0;730.3,521.9;724.2,478.4;773.1,502.8;794.2,530.7;756.8,519.8;708.6,536.1;718.1,563.9;741.9,553.1
151#817.7,692.0;836.0,622.9;779.1,600.6;742.5,610.7;714.1,622.9;766.9,673.7;758.8,604.6;734.4,527.4;732.4,521.3;727.3,477.7;775.0,509.1;797.4,535.6;760.8,519.3;710.0,537.6;718.2,566.0;740.5,549.8
152#820.2,679.4;841.9,612.2;781.3,600.8;743.9,611.1;721.9,634.1;768.8,684.9;760.1,605.1;739.1,527.3;737.6,520.1;735.1,475.4;778.2,517.6;800.4,540.1;766.9,520.6;712.2,535.6;709.1,562.2;740.4,550.1
153#822.8,666.7;847.9,601.5;783.5,601.1;745.3,611.4;729.8,645.4;770.8,696.1;761.4,605.7;743.9,527.2;742.9,518.8;743.0,473.1;781.5,526.1;803.3,544.6;773.0,521.8;714.4,533.6;699.9,558.5;740.3,550.4
154#825.3,654.0;853.8,590.9;785.7,601.3;746.7,611.8;737.6,656.6;772.7,707.2;762.7,606.2;748.6,527.1;748.1,517.6;750.8,470.9;784.7,534.5;806.2,549.1;779.2,523.1;716.6,531.7;690.8,554.8;740.2,550.7
155#827.8,641.4;859.7,580.2;787.9,601.5;748.1,612.1;745.4,667.9;774.6,718.4;764.0,606.8;753.4,527.0;753.4,516.4;758.7,468.6;787.9,543.0;809.2,553.6;785.3,524.4;718.8,529.7;681.6,551.0;740.1,551.0
156#820.7,626.6;853.0,564.9;791.2,599.8;748.3,610.5;748.3,677.6;772.4,731.3;769.8,602.5;759.0,522.0;759.0,516.6;767.1,468.3;847.6,554.2;831.5,548.8;791.2,522.0;729.5,524.7;732.2,559.5;753.7,551.5
157#768.3,734.3;846.2,557.1;776.3,600.1;746.8,610.8;757.5,686.0;771.0,742.4;762.9,602.7;762.9,522.2;762.9,519.5;775.0,467.1;813.9,527.5;840.8,532.9;795.1,519.5;728.0,516.8;725.3,557.1;746.8,562.5
158#808.1,610.4;831.7,554.1;787.3,595.6;745.9,607.4;757.7,681.4;763.6,743.6;763.6,598.5;766.6,515.6;766.6,515.6;775.5,468.3;852.5,524.5;846.5,527.5;796.2,521.5;737.0,512.7;698.5,491.9;710.3,462.3
159#796.6,626.7;826.7,563.4;790.6,599.6;745.4,602.6;748.4,674.9;772.5,738.1;769.5,602.6;769.5,515.2;769.5,512.2;778.5,467.1;847.8,506.2;853.8,524.3;802.6,521.3;739.4,512.2;709.2,482.1;709.2,443.0
160#789.5,640.7;826.6,574.5;786.9,598.3;752.5,603.6;744.6,664.5;779.0,717.3;768.4,603.6;773.7,513.7;773.7,511.1;776.3,468.8;847.7,519.0;855.7,537.5;805.4,521.7;744.6,511.1;707.6,484.6;704.9,452.9
161#790.6,640.7;827.6,574.5;790.6,598.4;750.9,603.6;745.6,664.5;780.0,717.4;769.4,603.6;772.0,513.7;772.0,511.0;777.3,468.7;846.1,519.0;854.1,540.1;806.4,521.6;742.9,511.0;708.5,484.6;705.9,452.8
162#791.4,645.1;824.1,580.6;790.0,592.4;750.3,595.5;748.6,657.8;774.9,709.4;769.0,596.5;774.7,509.0;775.1,505.6;781.4,463.4;848.0,524.3;853.1,539.6;808.0,517.5;745.6,505.3;713.0,486.8;703.4,459.9
163#792.1,649.4;820.6,586.8;789.3,586.4;749.8,587.3;751.6,651.1;769.9,701.4;768.6,589.4;777.4,504.3;778.1,500.3;785.4,458.2;849.9,529.7;852.1,539.2;809.7,513.4;748.3,499.5;717.4,489.1;700.9,467.1
164#792.9,653.8;817.1,592.9;788.7,580.4;749.2,579.2;754.6,644.4;764.8,693.4;768.2,582.3;780.1,499.6;781.2,494.9;789.5,452.9;851.8,535.0;851.1,538.7;811.3,509.3;751.0,493.8;721.9,491.3;698.4,474.2
165#793.6,658.2;813.7,599.1;788.0,574.4;748.7,571.1;757.6,637.6;759.8,685.5;767.8,575.3;782.9,494.8;784.2,489.5;793.5,447.6;853.7,540.4;850.2,538.3;813.0,505.2;753.6,488.1;726.3,493.5;695.9,481.3
166#794.4,662.6;810.2,605.2;787.4,568.4;748.1,563.0;760.6,630.9;754.7,677.5;767.4,568.2;785.6,490.1;787.3,484.1;797.6,442.3;855.6,545.7;849.2,537.8;814.6,501.1;756.3,482.4;730.8,495.7;693.4,488.4
167#795.1,666.9;806.7,611.4;786.7,562.4;747.6,554.8;763.6,624.2;749.7,669.5;767.0,561.1;788.3,485.4;790.3,478.8;801.6,437.1;857.5,551.1;848.2,537.4;816.3,497.0;759.0,476.6;735.2,498.0;690.9,495.6
168#795.9,671.3;803.2,617.5;786.1,556.4;747.0,546.7;766.6,617.5;744.6,661.5;766.6,554.0;791.0,480.7;793.4,473.4;805.7,431.8;859.4,556.4;847.2,536.9;817.9,492.9;761.7,470.9;739.7,500.2;688.4,502.7
169#799.0,668.1;796.4,615.8;783.3,547.9;749.3,540.0;765.0,615.8;751.9,662.8;767.6,542.6;793.8,464.2;796.4,453.8;814.7,412.0;851.3,558.3;840.8,524.3;822.5,477.3;762.4,453.8;741.5,490.4;762.4,498.2
170#797.2,659.8;791.8,603.5;778.4,533.8;743.5,528.4;762.3,579.3;762.3,643.7;762.3,531.1;789.1,447.9;791.8,439.9;817.3,393.0;834.7,531.1;837.4,506.9;824.0,461.4;754.3,431.9;716.7,469.4;684.5,515.0
171#790.1,654.2;790.1,591.5;778.7,517.4;744.5,514.6;755.9,577.3;761.6,648.5;761.6,514.6;790.1,431.9;792.9,426.2;814.3,379.2;832.8,517.4;835.7,488.9;821.4,446.2;755.9,423.4;724.5,460.4;684.6,517.4
172#784.2,646.9;790.4,578.9;781.1,510.9;747.1,507.8;756.4,578.9;753.3,659.2;765.6,507.8;790.4,418.2;793.4,409.0;808.9,365.7;833.6,507.8;833.6,476.9;821.3,433.7;759.5,402.8;731.6,387.3;753.3,353.3
173#784.2,647.2;790.4,579.0;781.1,510.9;747.1,507.8;756.4,579.0;753.3,659.5;765.6,507.8;790.4,418.1;793.5,408.8;809.0,365.4;833.7,507.8;833.7,476.9;821.4,433.5;759.5,402.6;731.6,387.1;753.3,353.1
174#782.8,636.7;789.2,569.3;786.0,495.4;747.5,488.9;750.7,562.8;747.5,646.4;770.0,495.4;786.0,405.4;786.0,399.0;802.1,350.8;831.0,492.2;831.0,460.0;818.2,418.3;753.9,389.3;747.5,360.4;752.3,317.0
