1#716.3,851.5;702.4,795.8;751.1,729.6;716.3,733.1;681.5,816.7;709.3,882.8;733.7,733.1;723.3,628.6;726.7,632.1;716.3,576.4;745.9,532.8;768.5,572.9;754.6,625.1;691.9,632.1;695.4,572.9;719.8,541.5
2#716.3,851.5;702.4,795.8;751.1,729.6;716.3,733.1;681.4,816.7;709.3,882.9;733.7,733.1;723.3,628.5;726.7,632.0;716.3,576.3;745.9,532.7;768.6,572.8;754.6,625.1;691.9,632.0;695.4,572.8;719.8,541.4
3#693.6,830.6;693.6,776.1;751.5,725.1;710.7,735.3;683.4,817.0;710.7,881.7;731.1,731.9;724.3,626.3;724.3,629.7;710.7,575.2;744.7,530.9;768.6,575.2;751.5,622.9;690.2,633.1;693.6,575.2;717.5,541.1
4#694.7,831.4;694.7,777.0;752.5,726.0;711.7,732.8;684.5,817.8;711.7,882.3;732.1,732.8;721.9,627.4;721.9,630.8;711.7,576.5;742.3,532.3;766.1,576.5;752.5,624.0;691.3,634.2;694.7,576.5;718.5,542.5
5#711.1,879.1;693.3,797.3;732.4,726.2;704.0,729.8;686.2,818.7;711.1,886.2;714.7,726.2;718.2,623.1;718.2,623.1;711.1,566.1;746.7,537.7;764.5,583.9;750.2,615.9;686.2,623.1;693.3,580.4;714.7,541.3
6#718.8,843.0;705.4,763.2;728.1,705.2;695.6,708.6;672.4,789.8;703.6,857.6;709.6,705.2;710.2,603.5;710.2,602.2;703.9,545.9;746.2,537.5;761.5,580.0;742.8,596.8;678.3,604.8;685.0,581.4;706.3,550.1
7#726.5,806.9;717.5,729.1;723.9,684.3;687.3,687.4;658.6,760.9;696.1,829.0;704.5,684.3;702.3,584.0;702.3,581.3;696.8,525.8;745.6,537.2;758.5,576.2;735.5,577.7;670.5,586.6;676.6,582.4;697.9,558.8
8#734.1,770.8;729.7,695.0;719.6,663.4;679.0,666.2;644.8,732.0;688.6,800.3;699.4,663.4;694.4,564.4;694.4,560.4;689.6,505.6;745.1,537.0;755.4,572.4;728.1,558.6;662.6,568.3;668.3,583.3;689.5,567.6
9#741.8,734.7;741.8,660.9;715.4,642.4;670.6,645.0;631.0,703.1;681.1,771.7;694.3,642.4;686.4,544.8;686.4,539.5;682.4,485.4;744.5,536.8;752.4,568.5;720.7,539.5;654.7,550.0;660.0,584.3;681.1,576.4
10#732.9,734.5;732.1,662.3;708.2,640.8;663.1,643.6;627.8,701.5;677.0,769.2;686.8,641.0;680.7,543.3;680.7,538.2;678.8,484.3;736.6,534.4;745.2,566.1;714.6,539.0;649.0,547.7;653.1,582.0;673.9,575.1
11#724.0,734.2;722.4,663.7;701.0,639.3;655.7,642.3;624.6,699.8;672.8,766.8;679.3,639.7;674.9,541.8;674.9,536.8;675.2,483.1;728.8,532.1;738.0,563.7;708.4,538.4;643.3,545.4;646.2,579.7;666.7,573.7
12#715.2,734.0;712.7,665.0;693.8,637.7;648.2,641.0;621.4,698.2;668.7,764.3;671.7,638.3;669.2,540.3;669.2,535.5;671.5,482.0;721.0,529.7;730.8,561.3;702.2,537.9;637.6,543.1;639.3,577.4;659.5,572.4
13#706.3,733.8;703.0,666.4;686.6,636.1;640.8,639.6;618.2,696.6;664.6,761.8;664.2,636.9;663.5,538.7;663.5,534.1;667.9,480.9;713.1,527.3;723.6,558.9;696.1,537.4;631.9,540.8;632.4,575.1;652.4,571.1
14#697.4,733.5;693.3,667.8;679.4,634.5;633.4,638.2;615.0,694.9;660.4,759.3;656.7,635.5;657.7,537.2;657.7,532.8;664.3,479.7;705.2,524.9;716.4,556.5;690.0,536.9;626.2,538.5;625.5,572.8;645.2,569.7
15#688.5,733.3;683.6,669.2;672.2,633.0;625.9,636.9;611.8,693.3;656.3,756.9;649.2,634.2;652.0,535.7;652.0,531.4;660.7,478.6;697.4,522.6;709.2,554.1;683.8,536.3;620.5,536.2;618.6,570.5;638.0,568.4
16#679.6,733.0;673.9,670.6;665.0,631.4;618.5,635.5;608.6,691.6;652.1,754.4;641.7,632.8;646.2,534.2;646.2,530.1;657.1,477.4;689.5,520.2;702.0,551.7;677.7,535.8;614.8,533.9;611.7,568.2;630.8,567.0
17#670.8,732.8;664.3,671.9;657.9,629.8;611.0,634.2;605.4,690.0;648.0,751.9;634.1,631.4;640.5,532.7;640.5,528.8;653.4,476.3;681.7,517.8;694.9,549.4;671.5,535.3;609.0,531.7;604.8,565.8;623.6,565.7
18#661.9,732.6;654.6,673.3;650.7,628.3;603.6,632.9;602.2,688.4;643.9,749.5;626.6,630.1;634.8,531.2;634.8,527.4;649.8,475.2;673.9,515.5;687.7,547.0;665.4,534.7;603.3,529.4;597.9,563.5;616.4,564.4
19#653.0,732.3;644.9,674.7;643.5,626.7;596.1,631.5;599.0,686.7;639.7,747.0;619.1,628.7;629.0,529.7;629.0,526.1;646.2,474.0;666.0,513.1;680.5,544.6;659.2,534.2;597.6,527.1;591.0,561.2;609.2,563.0
20#644.1,732.1;635.2,676.1;636.3,625.1;588.6,630.1;595.8,685.1;635.6,744.5;611.6,627.3;623.3,528.1;623.3,524.7;642.6,472.9;658.1,510.7;673.3,542.2;653.1,533.7;591.9,524.8;584.1,558.9;602.1,561.7
21#635.3,731.9;625.5,677.4;629.1,623.5;581.2,628.8;592.6,683.5;631.5,742.0;604.0,625.9;617.6,526.6;617.6,523.4;638.9,471.8;650.3,508.3;666.1,539.8;646.9,533.2;586.2,522.5;577.2,556.6;594.9,560.4
22#626.4,731.6;615.8,678.8;621.9,622.0;573.8,627.5;589.4,681.8;627.3,739.6;596.5,624.6;611.8,525.1;611.8,522.0;635.3,470.6;642.5,506.0;658.9,537.4;640.8,532.6;580.5,520.2;570.3,554.3;587.7,559.0
23#617.5,731.4;606.1,680.2;614.7,620.4;566.3,626.1;586.2,680.2;623.2,737.1;589.0,623.2;606.1,523.6;606.1,520.7;631.7,469.5;634.6,503.6;651.7,535.0;634.6,532.1;574.8,517.9;563.4,552.0;580.5,557.7
24#608.7,732.0;590.2,684.6;600.8,624.0;553.3,624.0;569.1,679.3;600.8,739.9;577.0,624.0;603.4,529.2;603.4,521.3;628.4,469.9;635.0,513.4;650.8,542.3;629.7,537.1;574.4,521.3;553.3,555.5;574.4,571.3
25#605.2,733.0;590.5,683.8;599.2,624.3;552.0,622.6;571.4,674.8;597.5,739.4;575.7,623.3;602.2,527.7;602.9,520.0;628.1,468.9;635.0,525.0;650.0,548.0;629.6,537.0;572.4,518.3;549.6,545.3;574.7,556.7
26#601.8,734.0;590.7,683.1;597.6,624.6;550.7,621.2;573.6,670.3;594.3,738.8;574.4,622.6;601.0,526.1;602.3,518.6;627.8,467.9;634.9,536.6;649.2,553.7;629.5,536.9;570.4,515.3;546.0,535.2;575.1,542.1
27#598.3,735.0;591.0,682.3;596.0,624.9;549.3,619.9;575.9,665.8;591.0,738.3;573.1,621.9;599.8,524.6;601.8,517.3;627.5,467.0;634.9,548.1;648.4,559.4;629.4,536.8;568.4,512.3;542.3,525.0;575.4,527.5
28#594.8,736.0;591.2,681.6;594.4,625.2;548.0,618.5;578.2,661.3;587.8,737.7;571.8,621.2;598.6,523.0;601.3,515.9;627.2,466.0;634.9,559.7;647.6,565.1;629.3,536.7;566.4,509.3;538.6,514.9;575.8,512.9
29#591.4,737.0;591.5,680.8;592.9,625.4;546.7,617.1;580.4,656.7;584.5,737.2;570.6,620.4;597.3,521.5;600.7,514.6;626.8,465.0;634.8,571.3;646.9,570.7;629.1,536.7;564.4,506.2;535.0,504.7;576.1,498.4
30#587.9,738.0;591.7,680.1;591.3,625.7;545.4,615.7;582.7,652.2;581.3,736.6;569.3,619.7;596.1,519.9;600.2,513.2;626.5,464.0;634.8,582.9;646.1,576.4;629.0,536.6;562.4,503.2;531.3,494.6;576.5,483.8
31#584.4,739.0;592.0,679.3;589.7,626.0;544.0,614.4;585.0,647.7;578.0,736.1;568.0,619.0;594.9,518.4;599.7,511.9;626.2,463.1;634.8,594.4;645.3,582.1;628.9,536.5;560.4,500.2;527.6,484.4;576.8,469.2
32#581.0,740.0;592.2,678.6;588.1,626.3;542.7,613.0;587.2,643.2;574.8,735.5;566.7,618.3;593.7,516.8;599.1,510.5;625.9,462.1;634.7,606.0;644.5,587.8;628.8,536.4;558.4,497.2;524.0,474.3;577.2,454.6
33#577.5,741.0;592.5,677.8;586.5,626.6;541.4,611.6;589.5,638.7;571.5,735.0;565.4,617.6;592.5,515.3;598.6,509.2;625.6,461.1;634.7,617.6;643.7,593.5;628.7,536.3;556.4,494.2;520.3,464.1;577.5,440.0
34#577.5,740.8;592.5,677.7;586.5,626.6;541.4,611.6;589.5,638.6;571.5,734.8;565.5,617.6;592.5,515.4;598.5,509.4;625.6,461.3;634.6,617.6;643.6,593.5;628.6,536.4;556.5,494.3;520.4,461.3;577.5,440.2
35#588.4,755.3;598.5,681.4;588.4,617.5;544.7,610.8;585.0,634.3;561.5,684.7;568.2,614.1;588.4,513.3;595.1,506.6;618.7,459.5;635.5,617.5;642.2,587.2;625.4,530.1;551.4,489.8;524.5,449.4;553.1,407.4
36#588.5,757.8;609.4,686.1;591.5,620.5;555.6,614.5;573.6,647.3;567.6,704.0;576.5,620.5;591.5,516.0;591.5,510.1;609.4,456.3;624.3,599.6;648.2,581.7;627.3,530.9;555.6,495.1;536.2,445.9;536.2,445.9
37#593.3,746.7;619.9,670.3;596.7,623.8;553.5,617.2;580.0,650.4;566.8,713.5;576.7,620.5;593.3,517.5;593.3,507.5;606.6,457.7;626.6,560.7;659.8,574.0;629.9,527.5;560.1,504.2;530.2,447.7;535.2,409.5
38#600.8,733.4;634.7,653.3;597.7,625.6;554.6,622.5;582.3,653.3;566.9,730.3;576.1,622.5;591.5,514.7;594.6,508.6;606.9,456.2;653.1,539.4;668.5,554.8;628.5,524.0;554.6,502.4;517.6,468.5;529.9,428.5
39#607.3,716.1;645.1,640.5;597.9,624.8;556.9,627.9;575.8,672.0;566.4,750.8;575.8,624.8;594.7,514.5;594.7,511.4;604.2,457.8;632.5,498.8;673.5,527.1;629.4,520.8;556.9,508.2;519.1,486.2;538.0,445.2
40#607.3,715.1;645.1,639.5;597.9,623.8;556.9,626.9;575.8,667.8;566.4,749.7;575.8,623.8;591.6,516.7;594.7,510.4;604.2,456.9;632.5,497.8;673.4,526.2;629.4,519.9;556.9,507.3;516.0,485.2;538.1,444.3
41#559.9,768.7;566.5,689.5;559.9,623.4;599.6,620.1;655.7,616.8;612.8,686.2;579.7,620.1;593.0,517.7;593.0,514.4;602.9,458.3;546.7,451.7;520.3,497.9;553.3,511.1;629.3,521.0;668.9,497.9;632.6,464.9
42#553.2,769.9;556.6,694.6;611.4,619.3;566.9,619.3;556.6,698.0;556.6,769.9;590.9,615.9;594.3,520.1;594.3,516.6;597.7,455.1;642.2,441.4;662.7,479.0;631.9,520.1;631.9,513.2;659.3,479.0;638.8,437.9
43#630.6,645.0;652.9,566.9;619.5,619.0;574.8,626.4;556.2,700.8;545.1,771.5;597.1,622.7;593.4,522.3;593.4,514.9;589.7,459.1;652.9,429.3;649.2,474.0;626.9,518.6;563.7,522.3;552.5,544.6;533.9,488.8
44#649.8,613.2;649.8,613.2;625.3,623.7;583.2,623.7;551.7,693.8;544.7,767.4;600.8,623.7;593.8,525.5;590.2,518.5;583.2,462.4;656.9,423.8;649.8,472.9;628.8,518.5;558.7,529.0;551.7,543.0;530.6,501.0
45#648.8,605.7;648.8,605.7;624.9,626.2;580.5,626.2;559.9,680.9;553.1,752.7;604.4,626.2;590.7,530.5;590.7,523.7;580.5,469.0;652.2,431.4;652.2,479.2;624.9,520.3;556.5,533.9;553.1,564.7;652.2,428.0
46#648.9,605.7;648.9,605.7;625.0,626.3;580.4,626.3;559.9,681.1;553.0,753.0;604.4,626.3;590.7,530.4;590.7,523.6;580.4,468.8;652.3,431.1;652.3,479.1;625.0,520.1;556.5,537.3;553.0,564.6;652.3,417.4
47#638.1,647.1;638.1,579.2;631.9,625.5;582.5,628.6;564.0,665.6;573.3,733.4;607.2,625.5;585.6,536.0;585.6,526.8;576.4,474.4;650.4,449.7;659.6,496.0;619.5,526.8;551.7,542.2;530.1,585.4;527.0,554.5
48#637.8,666.8;650.8,594.1;624.9,625.2;575.5,630.4;567.7,656.4;585.9,721.4;598.9,625.2;585.9,536.9;585.9,529.1;578.1,474.6;650.8,466.8;661.2,513.5;619.7,529.1;549.5,547.3;528.7,591.5;513.2,594.1
49#637.0,695.8;652.5,616.2;619.3,622.8;570.6,638.3;564.0,636.1;597.2,698.0;590.5,625.0;581.7,538.7;583.9,527.7;581.7,479.0;650.3,485.6;661.3,527.7;619.3,532.1;548.5,547.6;524.1,596.2;606.0,576.3
50#634.9,711.6;654.5,629.2;565.6,635.7;611.1,622.7;650.1,629.2;637.1,705.1;587.3,629.2;580.7,540.4;580.7,527.4;580.7,479.7;530.9,618.4;520.0,592.4;546.1,546.9;615.4,533.9;658.8,542.5;650.1,501.3
51#633.4,726.8;651.0,647.5;609.1,636.4;560.7,634.2;580.5,594.6;582.7,649.7;582.7,632.0;578.3,539.5;576.1,528.5;577.2,478.9;648.8,521.9;655.4,552.7;611.3,535.1;543.0,543.9;505.6,574.8;518.8,570.3
52#633.3,727.9;650.9,646.4;609.1,635.4;560.7,635.4;591.5,593.6;580.5,648.6;582.7,633.2;578.3,538.6;576.1,527.6;577.2,478.0;648.7,521.0;655.3,554.0;611.3,536.4;543.1,543.0;505.7,576.0;521.1,571.6
53#636.6,747.5;644.3,668.0;610.9,626.9;564.8,626.9;531.4,632.0;541.7,642.3;585.3,624.3;575.0,537.1;572.5,526.8;568.6,484.5;649.4,539.6;649.4,565.3;541.7,539.6;608.4,531.9;649.4,565.3;649.4,539.6
54#635.8,746.0;633.1,683.6;611.4,629.2;573.3,626.5;567.9,664.5;535.3,680.8;586.9,626.5;573.3,536.9;570.6,526.0;557.0,474.4;652.1,553.2;646.7,577.6;611.4,534.1;543.5,539.6;546.2,577.6;573.3,577.6
55#626.3,743.8;632.3,678.1;611.4,630.3;569.6,630.3;581.5,657.2;539.8,690.0;593.5,630.3;578.6,534.8;572.6,522.9;554.7,472.2;650.2,576.6;650.2,585.6;617.4,534.8;536.8,534.8;506.9,514.0;509.9,475.2
56#611.1,734.8;632.9,664.1;616.6,628.7;570.3,631.4;589.4,688.6;586.6,680.4;594.8,631.4;581.2,536.2;575.8,525.3;562.2,473.6;651.9,601.5;649.2,596.0;619.3,538.9;540.4,530.8;510.5,511.7;513.2,465.5
57#604.8,716.2;620.3,665.1;618.1,629.6;582.6,627.4;587.0,700.7;587.0,698.4;600.3,627.4;587.0,536.3;582.6,520.8;570.4,481.9;660.3,607.4;651.4,591.9;624.8,540.8;551.5,529.7;551.5,563.0;525.9,486.4
58#604.8,714.9;620.3,664.0;618.0,630.8;582.6,630.8;587.0,699.4;587.0,699.4;600.3,628.5;584.8,535.5;582.6,522.2;570.4,481.3;660.1,606.4;651.3,590.9;624.7,540.0;549.4,528.9;511.7,526.7;521.7,485.7
59#604.4,697.0;617.0,656.5;619.6,633.7;579.1,633.7;581.6,697.0;581.6,714.7;599.3,633.7;596.8,537.5;594.3,527.4;582.9,475.5;637.3,595.7;665.1,593.2;634.8,542.6;561.4,532.5;523.4,542.6;525.9,502.1
60#615.1,676.3;615.1,668.3;633.8,633.5;591.0,633.5;574.9,665.6;583.0,737.9;612.4,633.5;601.7,539.8;599.0,531.7;589.6,482.2;649.9,571.9;684.7,585.3;639.2,542.4;564.2,534.4;537.4,561.2;526.7,523.7
61#648.7,684.8;637.5,687.6;634.8,631.9;595.8,631.9;576.4,684.8;579.1,754.3;615.3,631.9;609.7,537.4;607.0,531.8;594.4,480.4;670.9,556.8;696.0,565.2;645.9,537.4;573.6,537.4;534.6,570.8;529.1,537.4
62#644.7,699.6;611.0,657.5;639.1,632.3;594.2,640.7;574.6,696.8;574.6,767.0;616.7,632.3;608.2,539.7;608.2,531.2;595.6,484.9;656.0,497.6;698.1,531.2;650.3,534.0;569.0,542.5;538.1,579.0;526.9,556.5
63#641.9,713.0;624.8,656.0;639.1,627.5;596.3,630.3;570.6,684.5;576.3,755.8;616.2,627.5;604.8,533.4;604.8,530.5;593.4,476.3;653.3,462.1;684.7,499.2;639.1,524.8;567.8,544.8;542.1,587.6;564.9,610.4
64#642.0,713.3;624.9,656.1;639.2,627.5;596.3,630.4;570.6,681.9;576.3,756.2;616.3,627.5;604.9,533.2;604.9,530.3;593.4,476.0;653.5,461.7;684.9,501.7;639.2,524.6;567.7,544.6;542.0,587.5;547.7,607.5
65#635.4,723.8;619.6,651.0;635.4,625.7;591.1,625.7;559.4,660.5;578.4,736.4;613.2,625.7;600.6,533.9;597.4,527.6;584.8,477.0;654.4,442.2;667.0,486.5;635.4,524.5;559.4,546.6;537.3,594.1;524.6,594.1
66#634.3,744.1;624.6,663.5;627.9,631.3;585.9,631.3;547.2,637.7;576.3,708.7;608.5,631.3;592.4,537.8;589.2,528.1;573.0,479.7;647.2,447.5;666.6,486.2;627.9,524.9;553.7,550.7;527.9,605.5;534.3,602.3
67#633.7,759.0;624.6,677.7;621.6,632.6;582.5,632.6;540.3,620.5;573.4,680.7;603.5,632.6;582.5,539.2;579.4,533.2;561.4,479.0;641.2,465.4;666.8,497.0;621.6,524.1;543.3,554.2;525.2,608.5;510.2,626.5
68#636.1,777.3;627.7,701.3;610.8,628.1;565.7,628.1;534.7,628.1;554.4,664.7;588.2,628.1;568.5,535.1;565.7,529.5;544.6,477.4;640.3,483.0;658.6,512.6;605.1,518.2;531.9,552.0;520.6,602.7;515.0,636.5
69#631.9,775.0;620.6,707.8;603.8,629.3;556.2,629.3;542.2,665.7;542.2,679.7;578.6,629.3;553.4,534.0;547.8,520.0;535.2,482.1;637.5,500.4;648.7,522.8;589.8,520.0;516.9,550.8;508.5,604.1;516.9,651.7
70#631.7,774.7;620.5,707.6;603.8,629.3;556.2,629.3;542.3,668.5;542.3,679.6;578.6,629.3;553.4,534.3;547.9,520.3;535.3,482.6;637.3,500.8;648.5,523.1;589.8,520.3;517.1,551.1;508.7,601.4;517.1,651.7
71#623.1,765.0;612.3,700.4;590.8,622.4;542.4,627.8;537.0,678.9;542.4,697.7;566.6,619.7;545.1,531.0;539.7,517.5;527.6,478.5;631.1,514.8;636.5,536.4;582.7,520.2;507.4,544.4;491.3,592.8;510.1,614.3
72#612.6,756.5;612.6,681.3;577.7,614.2;537.4,616.9;540.1,689.4;537.4,705.5;556.2,614.2;540.1,525.5;537.4,517.5;525.3,459.8;626.0,525.5;628.7,547.0;575.0,517.5;505.1,539.0;483.7,581.9;523.9,571.2
73#605.8,738.3;616.5,661.3;568.6,613.5;531.5,613.5;555.4,637.4;536.8,711.8;547.4,610.8;536.8,525.8;534.1,512.5;519.5,463.4;627.1,539.1;621.8,555.0;574.0,517.9;502.2,531.1;512.9,563.0;534.1,563.0
74#604.6,720.9;628.4,644.2;559.7,607.2;522.7,609.8;554.4,646.9;535.9,720.9;541.2,609.8;533.2,522.6;530.6,514.6;518.7,463.1;620.5,546.4;617.9,562.2;570.3,519.9;498.9,525.2;506.8,562.2;535.9,562.2
75#608.6,697.7;635.7,622.6;557.5,616.5;521.5,622.6;548.5,652.6;530.5,736.8;539.5,616.5;530.5,520.4;527.5,514.3;518.4,457.2;635.7,574.5;614.6,565.4;569.5,520.4;491.4,517.4;440.3,481.3;485.4,454.2
76#607.8,697.9;637.9,622.6;559.6,616.6;520.4,619.6;547.5,652.7;529.4,737.1;538.5,616.6;529.4,520.1;526.4,514.1;517.4,456.8;637.9,574.4;613.8,565.3;568.6,520.1;493.3,517.1;439.0,480.9;484.2,453.8
77#606.7,675.0;637.3,602.5;563.9,612.6;522.5,618.1;538.2,668.4;528.5,749.4;541.6,613.8;532.0,516.5;528.9,511.3;521.7,454.3;625.5,568.0;616.5,558.4;569.9,517.7;495.0,513.3;451.8,471.6;479.0,440.0
78#605.5,652.2;636.7,582.4;568.3,608.6;524.6,616.7;528.9,684.2;527.6,761.7;544.8,611.0;534.7,512.9;531.3,508.6;525.9,451.8;613.2,561.6;619.3,551.5;571.3,515.3;496.8,509.6;464.5,462.2;473.7,426.1
79#604.4,629.3;636.1,562.3;572.6,604.6;526.7,615.2;519.6,699.9;526.7,774.0;547.9,608.2;537.3,509.3;533.8,505.8;530.2,449.3;600.8,555.2;622.0,544.6;572.6,512.9;498.5,505.8;477.3,452.9;468.5,412.3
80#591.5,606.5;622.6,551.3;563.8,603.1;518.9,613.4;522.4,696.4;529.3,768.9;539.6,610.0;536.2,506.3;536.2,513.2;543.1,451.1;594.9,527.1;629.5,523.6;570.7,509.8;501.6,502.9;470.5,461.4;458.4,411.3
81#590.0,628.3;614.6,557.9;565.4,603.6;519.7,614.2;523.2,695.1;533.7,772.5;544.3,607.2;540.8,508.7;540.8,508.7;547.8,452.4;604.1,501.6;625.2,508.7;575.9,512.2;502.1,501.6;459.9,477.0;463.4,438.3
82#584.5,639.8;608.1,569.4;562.1,608.2;516.5,618.2;514.6,690.1;527.8,766.2;541.0,611.8;535.6,513.0;535.6,512.8;540.7,457.0;595.6,501.4;617.4,511.0;570.2,515.6;497.7,507.2;458.8,482.2;462.4,443.6
83#579.0,651.2;601.7,581.0;558.9,612.9;513.2,622.1;505.9,685.1;521.8,759.8;537.8,616.3;530.4,517.3;530.4,516.9;533.5,461.5;587.1,501.2;609.6,513.3;564.5,518.9;493.2,512.7;457.6,487.4;461.4,448.9
84#573.4,662.7;595.2,592.5;555.6,617.5;510.0,626.1;497.3,680.1;515.9,753.5;534.5,620.9;525.2,521.6;525.2,521.0;526.4,466.1;578.7,501.0;601.8,515.6;558.9,522.2;488.8,518.3;456.5,492.5;460.5,454.1
85#567.9,674.2;588.7,604.1;552.4,622.1;506.8,630.1;488.7,675.1;509.9,747.2;531.2,625.4;520.0,525.9;520.0,525.1;519.3,470.6;570.2,500.8;594.0,517.9;553.2,525.6;484.4,523.9;455.4,497.7;459.5,459.4
86#562.4,685.6;582.3,615.6;549.1,626.8;503.6,634.0;480.0,670.1;504.0,740.8;527.9,630.0;514.8,530.2;514.8,529.2;512.2,475.2;561.7,500.6;586.2,520.2;547.5,529.0;480.0,529.4;454.2,502.9;458.5,464.7
87#556.9,697.1;575.8,627.2;545.9,631.4;500.4,638.0;471.4,665.1;498.0,734.5;524.6,634.5;509.6,534.5;509.6,533.3;505.0,479.7;553.2,500.4;578.4,522.5;541.8,532.3;475.6,535.0;453.1,508.1;457.5,470.0
88#551.3,708.6;569.3,638.8;542.6,636.0;497.1,642.0;462.8,660.1;492.1,728.2;521.4,639.1;504.3,538.9;504.3,537.3;497.9,484.3;544.7,500.1;570.7,524.9;536.1,535.7;471.1,540.6;452.0,513.2;456.6,475.3
89#545.8,720.0;562.9,650.3;539.4,640.7;493.9,645.9;454.1,655.1;486.1,721.8;518.1,643.6;499.1,543.2;499.1,541.4;490.8,488.9;536.2,499.9;562.9,527.2;530.4,539.0;466.7,546.1;450.8,518.4;455.6,480.6
90#540.3,731.5;556.4,661.9;536.1,645.3;490.7,649.9;445.5,650.1;480.2,715.5;514.8,648.2;493.9,547.5;493.9,545.5;483.7,493.4;527.8,499.7;555.1,529.5;524.8,542.4;462.3,551.7;449.7,523.6;454.6,485.8
91#534.8,743.0;549.9,673.4;532.9,649.9;487.5,653.9;436.9,645.1;474.2,709.2;511.5,652.7;488.7,551.8;488.7,549.6;476.5,498.0;519.3,499.5;547.3,531.8;519.1,545.7;457.9,557.3;448.6,528.8;453.6,491.1
92#529.2,754.4;543.5,685.0;529.6,654.6;484.2,657.8;428.2,640.1;468.3,702.8;508.3,657.2;483.5,556.1;483.5,553.7;469.4,502.5;510.8,499.3;539.5,534.1;513.4,549.1;453.4,562.8;447.4,533.9;452.7,496.4
93#523.7,765.9;537.0,696.5;526.4,659.2;481.0,661.8;419.6,635.1;462.3,696.5;505.0,661.8;478.3,560.4;478.3,557.8;462.3,507.1;502.3,499.1;531.7,536.4;507.7,552.4;449.0,568.4;446.3,539.1;451.7,501.7
94#512.3,749.4;530.3,686.2;520.6,663.3;476.0,666.9;423.4,648.5;460.3,709.0;499.9,666.3;475.5,566.1;475.5,561.2;463.9,512.7;502.6,510.9;530.7,547.5;504.9,559.5;446.2,572.8;443.1,563.0;434.4,555.7
95#501.0,732.8;523.6,675.8;514.9,667.3;471.1,672.1;427.2,661.9;458.4,721.4;494.7,670.8;472.8,571.9;472.8,564.5;465.5,518.3;502.9,522.8;529.6,558.7;502.1,566.6;443.5,577.1;440.0,586.9;417.0,609.6
96#489.6,716.3;516.9,665.5;509.1,671.4;466.1,677.2;431.0,675.3;456.4,733.9;489.6,675.3;470.0,577.6;470.0,567.9;467.1,523.9;503.2,534.6;528.6,569.8;499.3,573.7;440.7,581.5;436.8,610.8;399.7,663.6
97#475.1,702.0;432.7,681.8;503.4,673.7;459.0,677.8;422.6,693.9;456.9,752.6;483.2,671.7;465.0,580.7;465.0,572.7;466.0,529.2;503.4,550.4;525.7,584.8;497.4,578.7;434.7,582.8;424.6,647.4;398.3,679.8
98#457.6,765.0;432.4,680.2;494.3,666.4;459.9,675.6;423.2,698.5;453.0,765.0;478.2,668.7;464.5,579.4;464.5,574.8;467.9,525.6;503.4,567.9;526.3,600.0;494.3,577.1;434.7,581.7;416.4,602.3;446.1,606.9
99#461.8,710.6;434.9,686.2;491.1,661.8;459.3,664.2;430.0,708.2;447.1,774.2;474.0,661.8;466.7,578.7;466.7,571.4;465.4,521.3;505.7,578.7;527.7,608.0;500.9,578.7;432.4,581.1;427.6,610.5;442.2,608.0
100#461.8,710.6;434.9,686.2;491.0,661.8;459.3,664.2;430.0,708.2;447.1,774.1;474.0,664.2;466.6,578.8;466.6,571.4;465.4,521.4;505.7,578.8;527.7,608.1;500.8,578.8;432.5,581.2;427.6,610.5;442.2,608.1
101#463.2,734.0;460.8,685.8;487.3,661.7;451.2,661.7;427.1,705.0;441.5,770.1;470.4,661.7;465.6,574.9;465.6,565.3;466.8,518.3;501.8,594.2;530.7,606.2;499.4,574.9;431.9,577.3;417.4,625.5;436.7,618.3
102#464.7,777.8;464.7,704.5;491.6,660.4;452.4,658.0;418.2,692.2;437.8,760.7;474.4,660.4;464.7,572.4;464.7,560.2;461.0,522.3;516.0,584.6;540.5,594.4;498.9,567.5;425.5,574.9;418.2,621.3;440.2,614.0
103#467.3,807.9;475.5,742.2;489.2,665.5;445.4,662.8;401.6,676.4;428.9,739.4;467.3,665.5;461.8,575.1;461.8,566.9;460.4,516.3;524.8,572.4;552.2,575.1;497.4,566.9;428.9,580.6;423.5,616.2;448.1,605.3
104#474.0,829.0;476.9,763.0;485.5,682.6;448.2,674.0;388.0,668.3;422.4,731.4;468.3,679.8;465.4,582.2;465.4,576.5;458.3,523.4;504.2,529.1;545.8,553.5;499.9,573.6;431.0,588.0;416.7,633.9;442.5,619.5
105#478.2,837.4;478.2,771.6;481.3,686.9;440.6,680.6;390.4,671.2;424.9,727.7;462.5,680.6;465.6,592.9;465.6,589.7;456.2,539.6;525.2,498.8;531.5,545.8;497.0,583.5;431.2,599.1;415.5,646.2;443.7,655.6
106#478.1,838.0;478.1,772.3;481.2,687.9;440.6,681.6;387.4,672.2;424.9,728.5;462.5,681.6;465.6,590.9;465.6,587.7;456.2,537.7;525.0,497.0;531.3,547.1;496.9,584.6;431.2,597.1;415.5,647.2;443.7,656.6
107#470.3,845.2;470.3,783.2;479.6,693.4;439.4,690.3;389.8,684.1;427.0,742.9;461.0,693.4;464.1,603.5;467.2,603.5;457.9,550.8;535.4,504.3;523.0,557.0;495.1,597.3;433.2,612.8;417.7,659.3;433.2,662.4
108#464.9,859.6;464.9,792.3;482.5,713.4;441.5,704.6;388.9,707.5;432.8,763.1;462.0,707.5;464.9,614.0;464.9,614.0;459.1,561.3;535.1,520.4;523.4,567.2;497.1,605.2;432.8,622.7;421.1,675.4;447.4,684.1
109#448.4,852.4;459.7,804.3;485.2,728.0;442.8,719.6;394.7,730.9;434.3,784.6;465.4,722.4;465.4,629.1;465.4,626.3;456.9,575.4;533.2,535.9;521.9,583.9;499.3,620.6;434.3,637.6;423.0,691.3;445.6,685.6
110#443.7,835.4;458.1,815.1;484.2,739.9;443.7,731.2;400.3,748.6;437.9,818.0;463.9,737.0;466.8,647.3;466.8,638.7;461.0,589.5;530.4,554.8;524.7,601.1;501.5,638.7;435.0,650.2;423.4,702.3;437.9,716.8
111#454.5,852.1;460.8,820.5;484.0,751.1;446.1,742.6;420.8,780.5;448.2,829.0;465.1,749.0;469.3,664.7;467.2,652.1;462.9,605.8;523.0,598.4;528.2,618.4;503.0,658.4;437.7,666.8;420.8,717.4;437.7,732.1
112#471.8,834.8;468.9,826.5;483.0,761.1;444.2,752.5;431.6,799.8;450.6,830.0;464.0,758.9;471.1,673.0;469.7,660.3;467.5,614.6;527.4,599.7;529.5,627.9;505.6,668.1;438.6,674.4;417.5,717.3;434.4,722.9
113#489.2,817.4;477.1,832.4;482.0,771.0;442.4,762.5;442.5,819.1;453.0,831.0;462.9,768.9;472.8,681.2;472.1,668.5;472.1,623.3;531.9,601.0;530.7,637.5;508.1,677.7;439.6,681.9;414.1,717.2;431.1,713.6
114#506.5,800.1;485.2,838.4;481.0,781.0;440.5,772.4;453.3,838.4;455.4,832.0;461.8,778.8;474.6,689.5;474.6,676.7;476.7,632.1;536.3,602.3;532.0,647.0;510.7,687.4;440.5,689.5;410.8,717.1;427.8,704.4
115#480.1,833.4;504.3,829.3;482.1,785.0;445.9,776.9;437.8,803.1;448.9,844.4;464.0,776.9;480.1,696.3;480.1,684.2;482.1,639.9;538.6,613.7;534.5,658.0;512.4,696.3;447.9,694.3;441.8,714.4;455.9,698.3
116#486.0,832.8;509.3,829.7;486.4,788.5;450.1,781.2;442.2,802.4;455.1,842.9;468.3,781.2;483.4,700.6;483.6,689.2;485.6,645.0;540.6,621.4;537.4,664.4;515.4,700.6;451.9,698.8;446.2,719.7;466.1,697.2
117#491.8,832.2;514.3,830.1;490.7,792.0;454.3,785.5;446.6,801.8;461.4,841.4;472.7,785.5;486.7,705.0;487.1,694.1;489.1,650.1;542.5,629.1;540.4,670.8;518.4,705.0;455.9,703.4;450.6,724.9;476.3,696.0
118#497.7,831.7;519.3,830.6;494.9,795.4;458.5,789.8;451.0,801.1;467.6,840.0;477.0,789.8;490.0,709.3;490.6,699.1;492.6,655.2;544.5,636.9;543.3,677.2;521.4,709.3;459.9,707.9;455.0,730.2;486.6,694.9
119#503.5,831.1;524.3,831.0;499.2,798.9;462.7,794.1;455.4,800.4;473.8,838.5;481.3,794.1;493.3,713.7;494.1,704.1;496.1,660.3;546.4,644.6;546.3,683.6;524.4,713.7;463.9,712.5;459.4,735.5;496.8,693.8
120#509.4,830.5;529.2,831.4;503.5,802.4;466.8,798.4;459.9,799.8;480.0,837.0;485.6,798.4;496.7,718.0;497.6,709.1;499.6,665.4;548.4,652.3;549.2,690.0;527.4,718.0;467.8,717.0;463.8,740.8;507.0,692.6
121#515.2,829.9;534.2,831.8;507.8,805.9;471.0,802.6;464.3,799.1;486.3,835.5;490.0,802.6;500.0,722.3;501.1,714.0;503.1,670.5;550.3,660.0;552.1,696.5;530.5,722.3;471.8,721.5;468.2,746.0;517.2,691.5
122#521.1,829.3;539.2,832.2;512.1,809.4;475.2,806.9;468.7,798.4;492.5,834.0;494.3,806.9;503.3,726.7;504.6,719.0;506.6,675.6;552.2,667.7;555.1,702.9;533.5,726.7;475.8,726.1;472.6,751.3;527.4,690.4
123#526.9,828.8;544.2,832.7;516.3,812.8;479.4,811.2;473.1,797.7;498.7,832.6;498.6,811.2;506.6,731.0;508.1,724.0;510.1,680.7;554.2,675.5;558.0,709.3;536.5,731.0;479.8,730.6;477.0,756.6;537.7,689.3
124#532.8,828.2;549.2,833.1;520.6,816.3;483.6,815.5;477.5,797.1;505.0,831.1;503.0,815.5;509.9,735.4;511.6,728.9;513.6,685.8;556.1,683.2;561.0,715.7;539.5,735.4;483.8,735.2;481.4,761.8;547.9,688.1
125#538.6,827.6;554.2,833.5;524.9,819.8;487.8,819.8;481.9,796.4;511.2,829.6;507.3,819.8;513.2,739.7;515.1,733.9;517.1,690.9;558.1,690.9;563.9,722.1;542.5,739.7;487.8,739.7;485.8,767.1;558.1,687.0
126#580.7,926.8;564.4,859.3;536.5,819.7;499.2,819.7;527.2,861.6;508.6,889.6;517.9,819.7;515.5,735.9;515.5,733.6;515.5,689.4;559.8,696.3;569.1,726.6;541.1,735.9;487.6,740.6;487.6,775.5;506.2,766.2
127#587.2,920.0;575.6,857.8;536.5,816.3;499.6,818.6;518.0,857.8;506.5,908.5;518.0,818.6;515.7,733.4;515.7,726.4;514.6,683.8;561.8,703.4;573.3,733.4;541.1,728.8;488.1,735.7;485.8,772.5;508.8,765.6
128#586.4,906.7;581.3,839.9;540.1,806.5;506.7,806.5;527.3,857.9;509.3,911.8;524.7,806.5;519.6,724.2;519.6,716.5;518.3,666.4;565.8,708.8;576.1,734.5;547.9,719.1;491.3,726.8;483.6,765.3;511.9,757.6
129#586.7,888.8;591.0,818.8;538.5,792.5;510.1,796.9;532.0,816.6;525.4,860.3;525.4,794.7;525.4,709.4;525.4,702.8;526.5,655.8;564.8,718.1;575.7,735.6;556.0,705.0;492.6,713.8;488.2,748.8;507.9,737.8
130#586.8,889.1;589.0,818.9;538.5,792.6;510.0,796.9;531.9,816.7;525.4,860.5;525.4,794.7;523.2,711.4;525.4,702.6;526.5,655.5;564.8,718.0;575.8,735.5;556.1,704.8;492.5,713.6;488.1,748.7;510.0,737.7
131#591.9,857.7;601.7,799.1;541.1,779.6;511.8,785.5;541.1,805.0;533.3,857.7;527.4,781.6;527.4,701.5;527.4,689.8;533.3,646.8;572.4,719.1;576.3,730.8;554.8,697.6;496.2,703.4;504.0,734.7;525.5,734.7
132#594.0,838.1;611.6,773.6;547.1,765.8;515.9,769.7;539.3,820.5;533.4,877.2;531.5,769.7;529.5,689.7;533.4,677.9;540.3,634.0;560.8,715.1;582.3,726.8;560.8,689.7;496.3,687.7;455.3,703.3;461.2,703.3
133#592.0,832.6;606.7,777.1;551.9,763.0;519.7,766.7;539.6,819.2;534.7,875.5;535.7,766.4;533.9,685.6;537.4,674.6;544.1,630.6;561.3,710.9;583.2,723.2;564.5,686.1;501.4,682.9;463.0,692.2;467.8,691.8
134#589.9,827.0;601.7,780.6;556.7,760.1;523.6,763.6;539.9,818.0;536.0,873.9;539.9,763.2;538.3,681.5;541.4,671.4;547.9,627.3;561.8,706.8;584.1,719.6;568.2,682.4;506.5,678.1;470.7,681.2;474.3,680.2
135#587.9,821.5;596.8,784.1;561.5,757.3;527.4,760.6;540.3,816.7;537.4,872.2;544.1,759.9;542.8,677.4;545.4,668.1;551.7,623.9;562.2,702.6;584.9,716.0;572.0,678.8;511.6,673.3;478.4,670.1;480.9,668.7
136#585.8,816.0;591.9,787.6;566.3,754.5;531.3,757.6;540.6,815.5;538.7,870.6;548.3,756.6;547.2,673.3;549.4,664.8;555.5,620.5;562.7,698.5;585.8,712.4;575.7,675.1;516.7,668.5;486.1,659.0;487.5,657.2
137#583.8,810.4;586.9,791.0;571.0,751.6;535.1,754.5;540.9,814.2;540.0,868.9;552.5,753.4;551.6,669.1;553.3,661.6;559.3,617.2;563.2,694.3;586.7,708.8;579.4,671.5;521.8,663.6;493.7,648.0;494.0,645.6
138#581.7,804.9;582.0,794.5;575.8,748.8;539.0,751.5;541.2,813.0;541.3,867.3;556.7,750.1;556.0,665.0;557.3,658.3;563.1,613.8;563.7,690.2;587.6,705.2;583.1,667.8;526.9,658.8;501.4,636.9;500.6,634.1
139#579.7,799.4;577.1,798.0;580.6,746.0;542.8,748.5;541.6,811.7;542.7,865.6;560.9,746.8;560.5,660.9;561.3,655.0;566.9,610.4;564.1,686.0;588.4,701.6;586.9,664.2;532.0,654.0;509.1,625.8;507.2,622.6
140#577.6,793.8;572.1,801.5;585.4,743.1;546.7,745.4;541.9,810.5;544.0,864.0;565.1,743.6;564.9,656.8;565.3,651.8;570.7,607.1;564.6,681.9;589.3,698.0;590.6,660.5;537.1,649.2;516.8,614.8;513.7,611.0
141#575.6,788.3;567.2,805.0;590.2,740.3;550.5,742.4;542.2,809.2;545.3,862.3;569.3,740.3;569.3,652.7;569.3,648.5;574.5,603.7;565.1,677.7;590.2,694.4;594.3,656.9;542.2,644.4;524.5,603.7;520.3,599.5
142#575.4,787.7;567.2,804.2;589.9,740.1;550.6,742.2;542.4,808.4;545.5,861.1;569.2,740.1;569.2,653.3;569.2,647.0;574.4,604.6;567.2,678.1;589.9,694.6;594.1,657.4;542.4,645.0;520.6,604.6;520.6,600.5
143#576.2,801.6;563.1,779.7;591.5,742.6;556.5,751.3;543.4,812.5;544.5,868.2;574.0,747.0;574.0,657.4;574.0,650.9;571.8,609.4;567.5,698.9;598.0,703.3;600.2,664.0;543.4,650.9;521.6,615.9;514.0,593.0
144#573.6,813.0;564.4,769.5;601.1,748.9;564.4,748.9;537.0,806.1;546.1,867.9;582.7,748.9;578.2,661.9;578.2,661.9;569.0,618.4;573.6,712.3;601.1,710.0;603.3,668.8;548.4,657.3;525.5,625.3;519.8,596.7
145#571.3,817.2;564.4,773.6;601.2,753.0;566.7,757.5;530.0,792.0;543.8,844.7;585.1,755.2;580.5,670.3;580.5,668.0;569.0,626.7;573.6,713.9;605.8,713.9;605.8,674.9;555.3,665.7;532.3,638.2;523.1,608.4
146#567.1,814.3;567.1,765.2;606.0,761.1;569.2,761.1;520.0,775.4;546.6,832.7;587.6,761.1;581.4,677.1;581.4,675.1;567.1,634.2;589.6,740.6;612.1,720.1;606.0,679.2;556.9,673.1;538.5,658.7;525.2,618.8
147#564.5,822.3;576.2,767.6;605.5,765.7;564.5,763.7;539.1,759.8;550.8,814.5;587.9,763.7;584.0,679.7;582.1,677.8;568.4,636.8;584.0,705.1;613.3,716.8;609.4,681.7;558.6,677.8;529.3,660.2;521.5,628.9
148#565.9,834.6;577.6,780.5;602.3,765.0;560.7,759.7;532.0,757.1;526.8,800.1;584.1,761.7;583.4,680.3;581.5,677.7;568.5,636.1;575.0,708.9;615.3,730.4;609.5,682.9;558.0,678.4;527.4,664.7;522.2,636.0
149#567.2,846.9;578.9,793.5;599.1,764.2;556.8,755.7;524.9,754.4;502.8,785.7;580.2,759.6;582.9,680.8;580.9,677.6;568.5,635.3;565.9,712.8;617.4,744.0;609.5,684.1;557.5,678.9;525.6,669.1;523.0,643.1
150#568.6,859.2;580.3,806.4;595.9,763.5;553.0,751.7;517.8,751.7;478.8,771.3;576.4,757.6;582.3,681.4;580.3,677.5;568.6,634.6;556.9,716.6;619.4,757.6;609.6,685.3;556.9,679.5;523.7,673.6;523.7,650.2
151#567.9,859.2;579.3,804.1;597.6,757.4;556.3,747.1;519.8,748.4;491.9,776.0;578.3,752.7;580.5,675.9;578.5,671.2;566.9,628.8;565.2,709.5;620.6,743.1;607.8,678.7;554.8,674.8;526.2,678.0;524.1,657.6
152#567.2,859.2;578.4,801.8;599.4,751.3;559.5,742.5;521.8,745.0;505.1,780.8;580.2,747.7;578.8,670.5;576.7,664.8;565.2,622.9;573.5,702.4;621.8,728.6;605.9,672.0;552.7,670.2;528.7,682.4;524.5,665.0
153#566.6,859.3;577.4,799.6;601.1,745.1;562.8,737.9;523.9,741.7;518.2,785.5;582.1,742.8;577.0,665.0;575.0,658.5;563.4,617.1;581.7,695.3;622.9,714.2;604.1,665.4;550.7,665.5;531.2,686.8;525.0,672.5
154#565.9,859.3;576.5,797.3;602.9,739.0;566.0,733.3;525.9,738.3;531.4,790.3;584.0,737.8;575.3,659.6;573.2,652.1;561.7,611.2;590.0,688.2;624.1,699.7;602.2,658.7;548.6,660.9;533.7,691.2;525.4,679.9
155#565.2,859.3;575.5,795.0;604.6,732.9;569.3,728.7;527.9,735.0;544.5,795.0;585.9,732.9;573.5,654.1;571.4,645.8;560.0,605.4;598.3,681.1;625.3,685.2;600.4,652.1;546.5,656.2;536.2,695.6;525.8,687.3
156#567.5,840.2;580.6,783.2;602.6,721.8;569.7,719.6;528.0,741.5;543.4,798.5;587.2,719.6;574.1,647.2;571.9,638.4;562.0,597.9;613.5,682.3;639.9,666.9;602.6,642.8;545.5,649.4;528.0,693.3;523.6,684.5
157#568.6,834.6;586.7,773.8;604.7,712.9;568.6,710.6;525.8,749.0;543.8,805.3;586.7,710.6;577.7,636.3;575.4,629.5;563.0,590.1;622.7,656.6;647.5,643.0;607.0,631.8;548.3,640.8;523.6,681.3;532.6,699.4
158#575.9,818.3;598.7,763.5;603.3,708.6;564.4,708.6;530.1,752.0;546.1,811.5;585.0,708.6;580.4,626.2;578.2,621.6;571.3,578.2;610.2,598.8;651.3,614.8;607.9,621.6;550.7,630.8;516.4,662.8;530.1,649.1
159#587.4,803.7;612.2,754.1;603.2,695.4;567.1,697.7;542.3,754.1;546.8,815.0;587.4,695.4;582.9,616.5;582.9,614.2;575.0,572.5;624.6,568.0;650.6,591.6;612.2,609.7;555.8,618.7;526.5,634.5;528.8,641.3
160#587.4,803.9;612.3,754.2;603.2,695.4;567.1,697.7;542.2,754.2;546.8,815.2;587.4,695.4;582.9,616.3;582.9,614.1;575.0,572.2;624.7,567.7;650.7,591.5;612.3,609.5;555.8,618.6;526.4,634.4;528.7,641.2
161#597.5,792.7;623.0,746.9;605.2,698.6;569.6,698.6;554.3,754.6;544.1,815.6;587.4,698.6;584.8,612.2;584.8,609.6;582.3,566.4;631.9,544.8;643.3,576.6;612.8,607.1;554.3,614.7;534.0,627.4;539.0,701.2
162#615.3,790.2;630.8,741.1;607.5,689.5;571.4,689.5;555.9,746.3;548.1,810.8;589.5,689.5;584.3,609.4;584.3,606.8;584.3,562.9;634.6,543.6;638.5,573.3;612.7,604.3;553.3,609.4;535.2,596.5;584.3,640.4
163#630.6,791.0;640.2,738.5;610.7,690.1;575.1,693.4;550.8,740.3;563.7,796.5;592.9,692.6;586.1,612.1;585.3,609.5;584.5,565.5;636.1,552.6;641.2,583.9;613.3,607.9;556.4,612.9;541.9,615.8;573.8,653.3
164#646.0,791.7;649.5,735.9;613.8,690.8;578.7,697.4;545.6,734.4;579.2,782.2;596.3,695.7;588.0,614.8;586.4,612.3;584.7,568.1;637.6,561.7;643.8,594.6;613.9,611.4;559.6,616.5;548.6,635.2;563.4,666.2
165#661.3,792.5;658.9,733.3;617.0,691.4;582.4,701.3;540.5,728.4;594.8,767.9;599.7,698.8;589.8,617.5;587.4,615.0;584.9,570.7;639.1,570.7;646.5,605.2;614.5,615.0;562.7,620.0;555.3,654.5;552.9,679.1
166#667.5,791.4;663.8,730.7;620.3,696.4;585.2,705.8;550.1,722.5;603.3,758.0;603.1,701.3;588.7,620.9;587.1,617.8;584.7,574.8;638.5,578.4;647.7,611.3;612.9,617.8;562.1,624.7;555.8,659.8;569.0,668.4
167#673.7,790.4;668.7,728.1;623.5,701.4;587.9,710.4;559.8,716.5;611.9,748.2;606.4,703.9;587.5,624.4;586.7,620.7;584.5,579.0;638.0,586.1;649.0,617.4;611.4,620.7;561.5,629.4;556.2,665.0;585.2,657.6
168#679.9,789.3;673.6,725.5;626.8,706.4;590.7,714.9;569.4,710.6;620.4,738.3;609.8,706.4;586.4,627.8;586.4,623.5;584.3,583.1;637.4,593.8;650.2,623.5;609.8,623.5;560.9,634.1;556.7,670.3;601.3,646.9
169#684.4,781.1;680.5,716.6;625.8,699.0;590.6,714.6;643.4,702.9;633.6,742.0;610.2,706.8;588.7,630.7;586.7,626.8;584.8,583.8;637.5,601.4;651.2,630.7;612.1,624.8;565.2,636.5;567.2,669.7;590.6,646.3
170#686.7,768.3;688.6,705.8;630.0,698.0;594.9,711.6;575.3,723.4;635.9,756.6;612.4,705.8;592.9,627.7;591.0,621.8;587.1,580.8;639.8,610.1;653.5,637.4;616.4,623.8;567.5,633.5;563.6,668.7;604.6,651.1
171#685.8,752.0;695.8,690.3;636.0,694.3;594.2,706.2;582.2,728.1;644.0,766.0;614.1,696.3;596.2,622.6;596.2,616.6;598.2,574.7;634.0,616.6;651.9,640.5;622.1,616.6;570.3,630.5;580.2,664.4;610.1,648.5
172#685.8,752.0;695.8,690.3;636.0,694.3;594.2,706.2;582.2,728.1;644.0,764.0;614.1,696.3;596.2,622.6;596.2,616.6;598.2,574.7;634.0,616.6;651.9,640.5;622.1,616.6;570.3,630.5;580.2,664.4;610.1,648.5
173#686.6,733.2;702.9,674.4;640.1,686.6;605.6,694.7;585.4,727.1;642.1,767.6;619.8,694.7;605.6,615.7;607.7,607.6;607.7,567.1;640.1,627.8;648.2,646.1;634.0,611.6;579.3,621.8;577.3,656.2;603.6,648.1
174#683.5,717.0;707.0,659.6;644.4,680.5;607.9,688.3;594.8,732.7;644.4,777.0;626.1,688.3;610.5,610.1;610.5,602.3;618.3,560.6;631.3,636.2;652.2,644.0;639.2,610.1;581.8,610.1;576.6,649.2;597.4,636.2
175#678.6,698.8;708.6,643.5;644.1,673.4;607.2,682.6;611.8,740.3;644.1,786.3;625.6,680.3;614.1,602.0;616.4,595.1;625.6,551.3;646.4,631.9;662.5,641.1;641.8,604.3;588.8,599.7;584.1,636.5;600.3,638.8
176#675.4,687.0;704.6,633.5;643.8,662.7;607.4,679.7;619.5,740.5;641.4,789.2;624.4,670.0;614.6,592.2;614.6,592.2;634.1,546.0;692.5,626.2;677.9,623.8;643.8,594.6;585.5,587.3;539.3,584.9;566.0,584.9
177#669.5,678.2;703.0,621.6;643.8,660.2;610.3,670.5;623.2,740.0;638.6,791.5;625.7,662.7;618.0,582.9;618.0,585.5;633.5,536.6;677.2,598.4;690.1,603.5;648.9,585.5;589.7,580.4;551.1,562.3;574.2,559.8
178#669.4,678.2;702.9,621.6;643.7,660.2;610.3,670.5;623.1,739.9;638.6,791.4;625.7,662.7;618.0,583.0;618.0,585.6;633.4,536.7;677.2,598.4;690.0,603.6;648.9,585.6;589.7,580.4;551.1,562.4;574.3,559.9
179#665.6,681.4;699.5,625.0;643.1,657.9;608.4,667.4;616.1,730.5;634.4,784.4;624.0,659.5;623.3,578.8;623.3,580.5;637.2,532.8;686.8,586.4;697.1,596.1;653.7,583.2;593.8,573.5;560.1,551.7;576.0,539.0
180#661.8,684.6;696.1,628.4;642.6,655.5;606.6,664.3;609.0,721.2;630.2,777.5;622.4,656.4;628.7,574.6;628.7,575.5;640.9,529.0;696.4,574.4;704.3,588.6;658.5,580.8;597.9,566.7;569.0,541.1;577.6,518.0
181#658.0,687.8;692.7,631.8;642.0,653.2;604.7,661.2;602.0,711.8;626.0,770.5;620.7,653.2;634.0,570.4;634.0,570.4;644.7,525.1;706.0,562.4;711.4,581.1;663.3,578.4;602.0,559.8;578.0,530.4;579.3,497.1
182#658.1,697.8;692.4,641.4;638.0,653.5;601.8,653.5;589.7,699.8;625.9,752.1;619.9,653.5;634.0,572.9;636.0,566.9;649.1,523.6;702.4,568.9;710.5,591.0;664.2,577.0;605.8,566.9;601.8,593.1;576.6,527.6
183#655.1,704.0;691.3,649.8;646.1,647.5;605.3,649.8;582.7,679.2;618.9,724.4;623.4,654.3;637.0,570.6;639.3,566.1;650.6,525.4;698.1,575.1;707.1,597.7;666.4,575.1;607.6,566.1;600.8,595.5;574.8,506.1
184#655.1,704.1;691.4,649.8;646.1,647.5;605.3,649.8;582.7,679.2;618.9,724.5;623.5,654.3;637.0,570.6;639.3,566.0;650.6,525.3;698.2,575.1;707.2,600.0;666.5,575.1;607.6,566.0;600.8,595.5;574.8,506.0
185#651.9,709.9;684.7,653.0;643.1,639.9;601.5,637.7;577.4,650.8;614.7,701.2;619.0,637.7;634.4,572.0;636.6,565.4;651.9,526.0;697.9,580.7;704.4,607.0;665.0,578.6;603.7,563.2;573.1,545.7;568.7,515.1
186#653.0,716.9;679.7,657.4;634.6,643.1;599.8,637.0;575.2,622.6;603.9,684.1;618.2,639.0;636.7,567.3;638.7,561.1;649.0,522.2;694.0,585.7;700.2,612.4;665.3,577.5;610.0,563.2;601.8,589.8;560.9,520.2
187#652.0,722.1;671.9,660.3;632.0,634.3;594.1,632.3;636.0,644.3;594.1,694.2;614.1,634.3;636.0,562.5;638.0,554.5;648.0,514.5;707.9,598.4;695.9,604.4;662.0,570.4;612.1,556.5;600.1,580.4;620.0,582.4
188#651.9,721.6;664.7,661.8;631.0,626.0;594.4,622.9;629.6,648.1;595.5,695.3;613.8,624.9;635.0,552.7;637.6,543.5;649.8,506.1;705.8,599.6;693.0,597.6;662.1,561.3;609.6,545.0;595.7,572.1;615.5,576.8
189#651.9,721.1;657.5,663.2;630.0,617.8;594.8,613.5;623.3,652.0;597.0,696.4;613.5,615.6;634.1,542.9;637.3,532.4;651.5,497.8;703.6,600.9;690.0,590.9;662.2,552.2;607.0,533.4;591.3,563.8;611.0,571.2
190#651.8,720.7;650.3,664.6;628.9,609.5;595.1,604.1;617.0,655.8;598.4,697.5;613.1,606.2;633.1,533.1;637.0,521.4;653.2,489.4;701.4,602.1;687.1,584.1;662.4,543.2;604.5,521.9;586.9,555.4;606.4,565.7
191#651.7,720.2;643.1,666.1;627.9,601.2;595.4,594.7;610.6,659.7;599.8,698.6;612.8,596.9;632.2,523.3;636.6,510.3;655.0,481.1;699.3,603.4;684.2,577.4;662.5,534.1;601.9,510.3;582.5,547.1;601.9,560.1
192#645.2,711.3;638.2,652.9;624.2,585.1;591.5,575.7;607.8,624.8;617.2,676.2;607.8,580.4;631.2,505.6;635.9,493.9;658.1,462.3;675.6,575.7;678.0,559.4;661.6,517.3;603.1,493.9;572.7,531.3;549.4,524.3
193#640.2,706.5;637.7,637.9;623.0,574.2;586.3,569.3;610.8,620.7;615.7,677.1;605.9,571.7;630.4,490.9;632.8,478.7;651.2,448.1;674.5,569.3;672.0,542.4;659.8,500.7;598.5,478.7;566.7,520.3;532.4,557.1
194#636.6,695.8;641.9,624.0;620.7,554.8;586.1,549.5;607.3,613.3;607.3,677.2;602.0,552.2;628.6,472.4;631.3,461.7;644.6,416.5;668.5,552.2;668.5,528.2;657.9,483.0;599.4,461.7;591.4,493.6;602.0,512.3
195#630.7,681.0;642.1,612.5;622.1,538.4;587.9,538.4;602.2,615.4;596.5,692.4;607.9,538.4;625.0,455.7;627.8,450.0;643.5,400.1;664.9,535.6;664.9,509.9;656.3,464.3;593.6,447.2;585.1,478.5;602.2,507.0
196#631.7,681.3;643.2,612.7;623.1,538.4;588.8,538.4;603.1,615.6;600.3,681.3;606.0,538.4;626.0,455.4;626.0,449.7;638.9,399.7;666.0,535.5;663.2,509.8;657.5,466.9;594.6,449.7;586.0,481.2;603.1,506.9
197#634.2,670.9;643.6,602.0;624.8,530.0;590.4,530.0;593.5,605.2;593.5,680.3;609.2,530.0;621.7,442.4;621.7,436.1;631.1,386.0;659.3,530.0;662.4,501.9;653.0,451.8;590.4,433.0;568.5,401.7;585.7,371.9
198#639.8,656.1;642.8,589.3;624.6,516.4;591.2,519.5;591.2,592.3;588.2,662.1;606.4,519.5;618.6,428.4;621.6,425.4;624.6,376.8;658.0,507.3;661.0,483.1;648.9,440.6;591.2,419.3;579.1,389.0;583.6,360.1
