1#635.1,504.6;595.7,501.0;610.0,526.1;567.0,529.7;520.4,597.7;559.9,673.0;585.0,529.7;577.8,418.5;577.8,422.1;563.5,368.4;585.0,318.2;610.0,361.2;610.0,407.8;538.4,418.5;531.2,375.5;559.9,321.8
2#538.2,595.1;595.8,505.1;603.0,526.7;563.4,530.3;520.2,595.1;563.4,674.3;585.0,530.3;574.2,415.0;577.8,422.2;563.4,368.2;585.0,317.8;610.2,361.0;606.6,407.8;538.2,418.6;531.0,375.4;556.2,328.6
3#536.9,596.8;615.1,503.6;600.2,522.2;555.5,529.7;521.9,596.8;559.2,675.1;581.6,529.7;574.1,417.8;574.1,421.6;566.7,365.6;585.3,317.2;607.7,358.2;607.7,406.6;536.9,414.1;533.1,373.1;559.2,328.3
4#688.1,595.3;615.2,500.6;593.4,522.4;553.3,526.1;524.2,595.3;560.6,675.4;571.5,522.4;571.5,409.5;571.5,416.8;567.9,362.2;586.1,318.5;608.0,362.2;608.0,405.9;535.1,405.9;531.5,376.7;557.0,333.0
5#662.6,566.1;607.9,493.3;589.7,511.5;546.1,518.8;524.2,595.2;553.3,675.3;567.9,515.1;571.5,405.9;571.5,409.6;571.5,355.0;586.1,318.5;600.7,351.3;607.9,405.9;535.1,405.9;531.5,376.8;553.3,333.1
6#597.8,535.8;612.9,505.6;582.7,505.6;537.4,513.1;526.0,588.6;548.7,671.7;560.0,509.3;571.3,407.4;571.3,407.4;571.3,347.0;582.7,324.3;605.3,369.6;605.3,407.4;533.6,403.6;529.8,377.2;556.2,335.7
7#590.3,540.6;608.4,500.8;579.4,500.8;528.7,508.0;521.5,584.0;539.6,667.3;554.1,504.4;568.6,403.0;568.6,403.0;575.8,345.1;583.1,326.9;597.5,355.9;604.8,403.0;528.7,399.4;525.1,377.6;550.5,341.4
8#589.5,540.7;603.6,498.3;571.8,498.3;522.4,505.4;515.3,576.0;536.5,653.8;547.1,501.8;564.8,399.4;568.3,395.8;575.4,342.8;578.9,328.7;603.6,357.0;600.1,406.4;525.9,395.8;525.9,374.6;554.2,342.8
9#583.5,541.2;596.6,492.2;563.9,485.7;518.2,495.4;505.1,560.8;534.5,639.1;541.0,492.2;560.6,394.2;563.9,390.9;573.7,335.4;583.5,449.7;596.6,449.7;596.6,404.0;531.2,387.7;544.3,371.4;563.9,345.2
10#581.2,543.2;596.5,488.0;568.9,481.8;513.6,481.8;495.2,546.3;535.1,623.1;541.3,481.8;562.7,386.7;559.7,380.5;565.8,328.3;572.0,426.6;590.4,435.8;593.4,392.8;525.9,377.4;519.8,402.0;544.3,411.2
11#580.7,544.8;591.9,483.3;564.0,474.9;513.7,474.9;485.7,530.8;533.2,603.5;538.8,474.9;555.6,379.9;555.6,374.3;561.2,321.2;561.2,405.0;589.1,416.2;591.9,385.5;519.2,374.3;508.1,402.2;536.0,405.0
12#582.6,547.6;588.1,478.9;560.6,470.7;513.9,468.0;475.5,509.1;527.6,583.3;538.6,468.0;549.6,371.8;549.6,366.3;549.6,311.4;557.8,407.5;585.3,413.0;585.3,374.6;511.2,369.1;508.4,399.3;533.1,402.0
13#580.0,551.1;582.6,489.4;562.0,463.7;513.2,458.6;472.0,489.4;510.6,553.7;538.9,461.2;538.9,366.1;538.9,360.9;541.4,304.4;559.4,399.5;585.1,407.2;577.4,366.1;500.3,366.1;505.4,396.9;531.1,399.5
14#577.3,557.4;582.3,485.5;560.0,455.8;510.4,458.2;453.4,475.6;505.5,535.1;535.2,458.2;530.2,359.1;530.2,354.1;524.0,298.4;552.5,398.7;579.8,393.8;569.9,359.1;493.1,361.6;498.0,388.8;525.3,396.3
15#579.6,561.7;584.7,489.9;561.6,454.0;510.3,454.0;469.3,456.5;500.1,515.5;536.0,451.4;525.7,356.5;525.7,346.3;511.6,293.7;546.2,387.3;574.4,384.7;564.2,351.4;487.3,359.1;497.5,387.3;520.6,384.7
16#578.8,570.0;578.8,497.7;554.7,444.2;506.5,452.2;458.3,446.9;493.1,497.7;530.6,446.9;519.9,350.5;517.2,342.4;499.8,287.5;613.6,361.2;616.3,371.9;562.7,342.4;479.7,355.8;487.8,382.6;519.9,379.9
17#579.2,575.1;574.0,505.9;556.1,454.6;504.8,457.2;463.8,439.3;486.9,480.3;530.5,454.6;510.0,347.0;510.0,339.3;490.8,286.8;604.8,370.1;615.0,372.6;551.0,339.3;471.5,349.6;479.2,377.8;507.4,370.1
18#578.4,579.4;567.4,504.7;553.5,446.6;509.2,446.6;462.2,435.5;478.8,468.7;531.4,446.6;503.7,344.2;500.9,338.6;485.7,284.7;528.6,374.6;548.0,374.6;545.2,335.9;465.0,346.9;473.3,374.6;500.9,371.8
19#578.1,576.8;563.6,510.1;552.0,440.5;508.4,440.5;459.1,420.2;473.6,452.1;528.7,440.5;496.8,341.9;496.8,339.0;478.0,282.5;525.8,373.8;592.6,344.8;537.5,336.1;456.2,347.7;435.9,353.5;470.7,370.9
20#569.7,575.2;557.4,508.6;546.0,446.9;501.1,447.8;455.4,428.9;472.8,465.2;522.2,446.9;492.7,347.3;493.2,344.3;476.8,288.1;522.6,382.1;583.1,354.0;533.3,342.5;453.0,352.2;433.6,353.0;467.9,377.5
21#561.4,573.7;551.3,507.2;540.0,453.3;493.8,455.1;451.7,437.6;471.9,478.2;515.7,453.3;488.7,352.8;489.6,349.5;475.5,293.6;519.5,390.4;573.7,363.1;529.0,348.9;449.7,356.6;431.4,352.6;465.1,384.0
22#553.0,572.1;545.1,505.7;534.1,459.7;486.5,462.4;448.0,446.3;471.1,491.3;509.2,459.7;484.6,358.2;486.0,354.8;474.3,299.2;516.3,398.6;564.2,372.3;524.8,355.3;446.5,361.1;429.1,352.1;462.4,390.6
23#544.7,570.5;539.0,504.2;528.1,466.1;479.2,469.7;444.3,455.0;470.2,504.4;502.7,466.1;480.6,363.7;482.4,360.1;473.0,304.7;513.1,406.9;554.8,381.4;520.6,361.7;443.3,365.6;426.8,351.6;459.6,397.1
24#536.3,568.9;532.8,502.8;522.1,472.5;471.9,477.0;440.6,463.7;469.4,517.5;496.2,472.5;476.5,369.1;478.8,365.3;471.8,310.3;510.0,415.2;545.3,390.6;516.4,368.1;440.1,370.1;424.6,351.2;456.8,403.7
25#528.0,567.4;526.7,501.3;516.1,479.0;464.5,484.2;436.8,472.3;468.5,530.5;489.6,479.0;472.5,374.6;475.1,370.6;470.5,315.8;506.8,423.5;535.9,399.7;512.1,374.6;436.8,374.5;422.3,350.7;454.0,410.2
26#519.6,565.8;520.5,499.9;510.1,485.4;457.2,491.5;433.1,481.0;467.7,543.6;483.1,485.4;468.4,380.0;471.5,375.8;469.3,321.4;503.7,431.8;526.4,408.9;507.9,381.0;433.6,379.0;420.1,350.3;451.2,416.8
27#511.3,564.2;514.4,498.4;504.1,491.8;449.9,498.8;429.4,489.7;466.8,556.7;476.6,491.8;464.4,385.5;467.9,381.1;468.0,326.9;500.5,440.1;517.0,418.0;503.7,387.4;430.4,383.5;417.8,349.8;448.4,423.3
28#502.9,562.6;508.2,496.9;498.2,498.2;442.6,506.1;425.7,498.4;466.0,569.8;470.1,498.2;460.3,390.9;464.3,386.4;466.8,332.5;497.3,448.3;507.5,427.2;499.5,393.8;427.2,388.0;415.5,349.3;445.7,429.9
29#494.6,561.1;502.1,495.5;492.2,504.6;435.3,513.4;422.0,507.1;465.2,582.8;463.6,504.6;456.2,396.3;460.7,391.6;465.6,338.1;494.2,456.6;498.1,436.4;495.2,400.2;423.9,392.4;413.3,348.9;442.9,436.4
30#486.2,559.5;495.9,494.0;486.2,511.0;428.0,520.7;418.3,515.8;464.3,595.9;457.1,511.0;452.2,401.8;457.1,396.9;464.3,343.6;491.0,464.9;488.6,445.5;491.0,406.6;420.7,396.9;411.0,348.4;440.1,443.0
31#472.4,550.4;490.0,510.7;476.8,526.1;417.2,526.1;415.0,528.3;454.7,614.3;450.3,526.1;454.7,413.7;459.1,404.9;467.9,356.3;485.6,482.0;483.4,464.4;487.8,418.1;421.6,404.9;419.4,446.8;439.3,451.2
32#456.2,628.7;445.9,574.5;466.5,525.4;420.1,528.0;412.3,556.4;448.5,628.7;443.3,528.0;453.6,424.7;458.8,417.0;469.1,365.4;487.2,499.6;482.0,468.6;487.2,429.9;422.6,414.4;420.1,448.0;442.0,353.7
33#435.6,529.4;480.0,518.3;466.1,532.1;410.7,540.5;402.3,565.4;443.9,640.3;441.2,537.7;455.0,432.3;455.0,426.7;471.7,371.3;471.7,515.5;477.2,476.7;485.5,443.4;419.0,424.0;424.5,376.8;453.6,358.8
34#432.7,542.0;467.6,544.7;459.6,542.0;405.7,544.7;403.0,582.4;435.3,652.4;430.0,542.0;451.5,445.1;456.9,437.1;473.0,380.5;467.6,523.2;475.7,493.6;483.8,455.9;421.9,434.4;411.1,402.1;448.8,377.8
35#439.5,552.2;460.0,543.4;457.1,555.1;395.4,558.1;386.6,587.4;424.8,657.9;427.7,558.1;451.2,455.3;454.1,449.5;468.8,393.7;468.8,531.7;468.8,505.2;483.5,467.1;421.9,446.5;401.3,414.2;433.6,390.8
36#460.4,559.4;458.1,554.9;444.6,559.4;397.3,559.4;381.6,588.7;415.4,658.5;424.4,559.4;449.1,462.6;453.6,455.8;469.4,406.3;469.4,545.9;471.7,514.4;480.7,476.1;422.1,453.6;406.4,482.9;442.4,406.3
37#400.3,633.1;457.5,559.9;443.7,569.0;391.1,566.7;375.1,594.2;402.5,658.3;418.6,566.7;450.6,475.2;455.2,466.0;463.2,419.1;464.3,557.6;468.9,525.5;480.4,484.3;423.1,463.7;400.3,495.8;416.3,514.1
38#391.8,609.1;450.5,577.7;431.6,565.1;383.5,550.5;366.7,586.1;391.8,651.0;412.8,558.8;448.4,481.4;452.5,470.9;464.1,430.1;463.0,558.8;463.0,533.7;477.7,491.8;419.0,473.0;400.2,504.4;412.8,525.3
39#388.6,601.0;447.2,587.3;429.6,565.8;384.7,554.1;361.3,587.3;382.8,645.9;410.1,556.1;447.2,489.7;451.1,477.9;461.9,434.0;460.9,561.9;460.9,542.4;476.5,499.4;419.9,479.9;396.4,513.1;412.1,532.6
40#385.6,608.8;446.3,593.1;442.4,591.1;383.7,555.9;352.4,585.3;377.8,636.2;403.2,561.8;446.3,497.2;450.2,483.5;461.9,438.5;446.3,530.5;456.1,548.1;475.6,505.0;416.9,487.4;393.5,518.7;415.0,530.5
41#380.8,619.4;445.2,596.0;433.5,601.9;374.9,574.5;357.3,582.3;355.4,580.4;410.1,596.0;445.2,504.2;449.1,488.6;460.9,445.6;445.2,541.3;458.9,553.0;474.5,514.0;415.9,494.4;396.4,527.6;421.8,533.5
42#378.7,619.6;441.2,602.0;429.5,600.0;372.9,584.4;345.5,535.6;351.4,584.4;404.1,592.2;441.2,508.2;447.1,494.6;462.7,451.6;441.2,549.3;454.9,562.9;472.5,520.0;411.9,498.5;392.4,535.6;417.8,539.5
43#392.3,636.2;437.2,605.0;425.5,610.9;372.8,597.2;339.6,534.7;347.4,589.4;402.1,603.0;439.2,515.1;445.0,501.5;462.6,458.5;445.0,564.0;454.8,577.6;472.4,526.9;406.0,503.4;386.4,530.8;411.8,542.5
44#406.9,647.1;436.2,611.9;424.5,615.9;367.9,608.0;338.6,528.0;350.3,586.6;397.2,610.0;440.1,522.1;446.0,506.5;461.6,461.6;436.2,563.1;475.3,578.7;475.3,535.8;405.0,508.4;373.7,516.2;410.8,547.5
45#409.9,654.0;437.2,620.8;425.5,613.0;368.9,609.1;345.4,527.1;351.3,587.6;394.3,611.0;439.2,525.1;445.0,509.5;460.7,464.6;450.9,566.1;474.3,585.6;472.4,538.8;406.0,511.4;386.4,534.9;409.9,542.7
46#396.3,677.0;441.2,620.4;419.7,618.4;365.1,610.6;351.4,530.5;351.4,585.2;394.4,612.6;439.3,524.7;445.1,512.9;459.8,469.0;449.0,581.3;474.4,593.0;470.5,540.3;411.9,511.0;367.0,520.8;351.4,585.2
47#395.2,687.7;434.6,632.6;420.8,614.9;367.7,607.0;422.8,608.9;395.2,616.8;397.2,614.9;438.5,526.3;444.5,512.5;461.2,472.1;450.4,585.3;458.2,589.3;466.1,540.0;413.0,512.5;381.5,538.1;353.9,583.4
48#389.6,698.8;430.5,645.7;422.3,617.0;371.2,604.8;414.1,592.5;414.1,662.0;403.9,610.9;438.7,527.1;442.7,512.8;462.2,470.8;450.9,580.2;461.1,602.7;467.3,541.4;412.1,512.8;383.4,539.3;403.9,563.9
49#389.1,711.1;427.8,656.4;425.5,619.9;370.8,601.7;418.7,647.3;400.5,702.0;407.3,613.1;436.9,521.9;441.5,512.8;463.1,470.6;455.2,619.9;471.1,592.6;468.8,540.1;402.7,503.7;350.3,483.2;398.2,480.9
50#390.3,718.0;426.1,667.9;428.5,615.4;378.4,603.4;416.6,653.6;399.9,710.8;407.0,610.6;435.7,517.5;438.1,510.3;460.7,468.6;459.5,589.1;476.2,601.0;469.1,536.6;397.5,498.4;346.2,473.4;402.3,486.5
51#393.3,726.4;428.7,671.8;428.7,617.3;374.2,600.9;363.3,598.2;461.4,669.1;406.9,609.1;434.2,513.7;439.6,505.5;464.2,456.4;456.0,598.2;480.5,598.2;466.9,530.1;396.0,494.6;344.2,464.6;385.1,475.5
52#397.1,731.4;431.8,673.5;431.8,615.6;382.6,601.1;365.2,595.3;402.9,659.0;408.7,609.8;431.8,508.5;434.7,499.8;463.7,450.6;457.9,615.6;481.0,592.4;466.5,525.8;394.2,488.2;347.9,453.5;408.7,439.0
53#401.3,733.3;429.1,674.9;431.8,613.8;387.4,597.2;365.2,594.4;395.7,655.5;415.2,611.1;429.1,502.7;431.8,497.2;456.8,447.2;465.2,622.2;479.0,588.8;465.2,522.2;392.9,486.1;351.3,447.2;405.4,429.1
54#410.2,737.5;431.7,669.5;431.7,605.1;378.0,597.9;370.8,601.5;395.9,662.4;406.6,597.9;428.1,497.7;431.7,494.1;453.2,444.0;471.1,612.2;478.2,569.3;463.9,515.6;388.7,479.8;352.9,436.8;392.3,397.4
55#414.5,740.7;436.5,667.4;436.5,608.7;385.2,597.7;392.5,616.0;396.2,671.0;410.8,605.0;429.2,495.0;429.2,491.3;451.2,440.0;465.9,601.4;480.5,568.3;465.9,513.3;388.8,476.6;359.5,432.6;388.8,381.3
56#418.9,740.1;441.3,665.4;437.5,598.2;392.7,594.4;400.2,628.0;396.5,684.0;411.4,594.4;430.1,493.6;430.1,489.9;448.7,437.6;463.7,598.2;478.6,564.5;463.7,508.5;392.7,474.9;362.9,426.4;377.8,377.8
57#417.8,735.0;447.0,658.5;436.0,596.6;392.3,592.9;403.3,625.7;396.0,687.6;414.2,592.9;428.7,490.9;428.7,487.3;447.0,436.3;461.5,585.7;483.4,560.2;465.2,505.5;392.3,472.7;366.8,421.7;374.1,374.4
58#417.3,726.1;448.4,663.8;441.5,601.4;396.5,594.5;403.4,629.1;396.5,694.9;417.3,598.0;431.1,487.1;431.1,487.1;448.4,435.2;462.3,570.3;493.5,559.9;469.2,504.5;393.0,469.8;368.8,428.3;379.2,372.9
59#426.1,714.4;449.9,656.6;443.1,602.2;395.5,602.2;402.3,632.8;395.5,707.6;419.3,602.2;432.9,490.0;432.9,483.2;449.9,435.6;456.7,541.0;494.1,554.6;470.3,507.0;395.5,473.0;364.9,432.2;385.3,377.8
60#431.8,703.9;448.7,653.3;442.0,602.6;401.4,599.3;401.4,639.8;394.7,714.1;421.7,602.6;435.2,487.8;435.2,484.4;445.3,433.8;472.3,552.0;496.0,548.6;472.3,504.7;394.7,477.7;360.9,440.5;381.2,389.9
61#435.4,692.5;459.2,627.7;449.0,600.4;401.2,597.0;401.2,644.7;394.4,719.8;425.1,600.4;435.4,491.2;435.4,484.4;445.6,433.2;459.2,569.7;479.7,552.6;476.3,501.4;397.8,481.0;363.7,446.8;380.8,399.1
62#450.8,712.1;470.7,616.2;457.4,602.9;404.5,596.3;397.9,652.5;394.6,728.6;431.0,599.6;440.9,490.4;440.9,483.8;447.5,430.9;440.9,533.4;477.3,536.7;480.6,500.3;401.2,480.5;364.8,454.0;388.0,407.7
63#445.6,663.4;470.7,619.4;458.1,600.6;407.9,603.7;395.3,657.1;392.1,735.7;433.0,603.7;442.4,490.6;442.4,484.3;445.6,427.7;439.3,515.7;480.1,544.0;483.3,496.9;404.7,481.1;370.1,462.3;385.9,412.0
64#452.1,650.1;476.7,597.9;467.4,594.8;406.0,594.8;393.8,662.4;390.7,739.1;433.7,594.8;446.0,490.4;446.0,487.4;449.0,429.0;470.5,490.4;492.0,499.7;485.9,496.6;409.1,484.3;372.3,465.9;389.2,415.2
65#445.3,731.3;480.2,579.1;464.3,598.1;410.4,598.1;394.5,667.9;381.8,737.6;438.9,598.1;448.4,490.2;448.4,487.1;451.6,426.8;477.0,452.2;499.2,477.6;489.7,493.4;410.4,483.9;375.5,474.4;394.5,423.6
66#445.4,735.4;483.8,572.2;467.8,594.6;416.6,594.6;391.0,671.4;375.0,738.6;442.2,594.6;448.6,488.9;448.6,488.9;451.8,424.9;474.2,428.1;499.8,453.7;490.2,492.1;407.0,482.5;378.2,479.3;397.4,428.1
67#438.7,747.2;448.2,671.5;467.1,592.6;419.8,595.7;391.4,668.3;372.5,740.9;445.0,595.7;451.4,488.4;451.4,485.3;451.4,425.3;497.1,420.6;517.6,456.8;492.4,491.6;407.2,485.3;375.6,485.3;394.5,437.9
68#490.9,684.0;484.8,576.3;478.6,594.8;417.1,597.9;386.3,662.5;367.9,736.3;447.8,591.7;450.9,487.1;450.9,481.0;450.9,422.5;501.7,417.9;518.6,450.2;490.9,490.2;407.9,484.0;377.1,490.2;395.5,444.0
69#395.4,662.2;472.6,559.3;476.2,592.4;421.1,599.7;388.1,654.8;366.1,735.6;450.5,596.1;450.5,485.9;450.5,478.6;450.5,423.5;490.9,383.1;516.6,441.8;490.9,485.9;410.1,485.9;377.1,500.6;395.4,449.2
70#456.0,561.1;485.5,572.2;478.1,590.6;422.8,598.0;385.9,649.7;367.4,727.1;452.3,594.3;448.6,487.3;448.6,479.9;448.6,420.9;500.3,384.0;515.0,439.4;489.2,483.6;408.0,491.0;374.8,505.8;389.6,468.9
71#506.5,560.8;506.5,560.8;484.7,589.9;430.2,600.8;386.6,644.4;368.4,720.7;455.6,597.1;448.3,484.5;448.3,477.3;441.1,422.8;502.8,379.2;510.1,433.7;488.3,484.5;408.4,488.2;375.7,513.6;386.6,488.2
72#533.1,616.4;506.2,568.6;485.3,583.5;434.5,589.5;389.7,637.3;371.7,715.0;458.4,586.5;443.4,484.9;443.4,481.9;440.5,422.1;507.7,408.7;506.2,428.1;485.3,478.9;401.6,487.9;374.7,526.7;380.7,487.9
73#510.0,589.7;507.2,578.3;487.4,586.8;433.6,598.2;388.3,629.3;377.0,711.4;461.9,589.7;439.2,484.9;439.2,482.1;439.2,425.5;502.9,415.6;507.2,431.2;481.7,479.3;399.6,487.8;377.0,533.1;391.1,513.2
74#530.4,630.7;506.3,577.2;487.5,585.2;431.3,595.9;391.1,622.7;385.8,705.7;460.8,593.2;439.3,488.8;439.3,483.4;438.0,428.5;455.4,502.2;506.3,437.9;482.2,480.8;396.5,491.5;375.1,539.7;388.5,523.6
75#523.9,652.3;501.9,567.3;488.2,589.2;430.6,597.4;392.2,619.4;392.2,696.1;460.8,597.4;438.9,493.2;438.9,485.0;433.4,430.2;497.8,420.6;503.3,426.0;482.7,482.3;400.5,498.7;373.0,545.3;386.8,534.4
76#506.5,630.0;506.5,587.9;489.7,593.5;430.8,596.3;397.2,613.2;405.6,694.4;458.8,596.3;439.2,495.4;439.2,487.0;430.8,433.8;506.5,405.8;514.9,456.2;481.2,487.0;400.0,503.9;371.9,551.5;388.8,540.3
77#485.9,639.6;509.2,593.0;485.9,590.5;431.5,598.2;405.7,611.2;421.2,681.0;454.8,590.5;439.3,497.3;439.3,486.9;431.5,435.2;509.2,414.5;519.5,468.8;480.7,489.5;397.9,507.6;369.4,554.2;395.3,549.1
78#492.7,589.8;500.5,597.6;473.1,597.6;416.5,603.5;418.4,634.7;429.2,661.1;447.7,597.6;436.0,500.0;434.1,484.3;430.2,437.5;506.3,425.7;518.1,476.5;479.0,488.2;397.0,505.8;369.6,556.6;367.7,537.1
79#483.9,598.6;499.5,598.6;470.2,573.2;415.5,596.7;403.8,598.6;442.8,641.6;440.9,590.8;433.1,497.1;433.1,483.4;429.2,436.5;513.1,438.5;515.1,479.5;478.0,489.2;396.0,504.9;366.7,549.8;362.8,565.4
80#476.0,654.3;493.6,599.6;470.1,568.4;413.5,595.7;401.8,599.6;440.8,636.7;438.9,580.1;429.1,498.1;429.1,482.4;429.1,435.6;505.3,439.5;513.1,482.4;468.2,490.2;392.0,503.9;364.7,550.8;384.2,537.1
81#476.9,658.3;490.5,601.6;467.1,570.4;406.5,591.9;373.3,552.8;383.1,576.2;431.9,584.0;430.0,496.1;430.0,478.6;426.1,433.6;506.1,443.4;512.0,486.4;472.9,488.3;389.0,500.1;361.6,546.9;361.6,580.1
82#470.2,676.0;486.3,589.6;468.2,589.6;417.9,595.6;369.7,555.4;484.2,651.9;438.0,589.6;426.0,493.1;426.0,477.1;425.0,429.8;498.3,436.9;508.4,489.1;468.2,487.1;387.8,497.2;359.6,541.4;363.7,583.6
83#469.8,683.4;492.6,618.9;462.8,573.2;411.2,575.2;373.4,565.2;373.4,593.0;435.0,569.2;425.1,489.7;425.1,473.8;422.1,433.1;442.9,519.5;474.7,513.6;464.8,481.8;387.3,489.7;353.6,531.5;389.3,523.5
84#468.2,681.6;494.9,611.2;458.5,570.0;402.7,567.6;371.1,567.6;368.7,601.5;431.8,565.1;422.1,485.1;422.1,473.0;423.3,418.4;441.5,519.0;473.0,516.6;465.7,480.2;383.3,487.5;349.3,521.5;376.0,519.0
85#470.0,684.4;484.8,618.0;457.7,568.7;403.5,566.3;376.5,598.3;369.1,600.7;428.2,566.3;420.8,477.7;418.3,467.8;417.1,417.4;435.5,509.7;467.5,512.1;460.1,475.2;381.4,480.2;337.1,514.6;356.8,507.2
86#472.5,683.7;479.9,614.6;455.2,565.3;403.4,565.3;386.2,607.2;386.2,614.6;430.6,565.3;415.8,474.0;415.8,461.7;417.0,416.1;440.4,508.6;465.1,508.6;457.7,471.6;378.8,474.0;334.4,503.6;349.2,498.7
87#474.6,682.6;477.3,616.7;456.2,561.4;406.1,561.4;398.2,608.8;387.7,616.7;432.5,561.4;416.7,466.5;416.7,456.0;412.7,404.6;501.0,487.6;495.7,508.7;458.8,466.5;377.2,466.5;335.0,485.0;364.0,477.1
88#468.8,673.0;475.2,609.4;458.1,558.2;408.5,559.1;396.8,598.2;392.7,615.4;434.2,558.7;418.7,462.5;418.3,451.9;413.6,399.9;501.9,491.2;493.8,504.6;460.3,463.4;378.9,462.1;336.8,475.2;362.4,459.9
89#463.0,663.5;473.1,602.0;460.0,555.0;410.9,556.9;395.5,587.5;397.7,614.0;435.9,555.9;420.8,458.6;419.8,447.9;414.4,395.2;502.8,494.8;491.9,500.5;461.7,460.4;380.6,457.7;338.6,465.4;360.7,442.6
90#457.3,653.9;471.1,594.7;461.9,551.9;413.4,554.6;394.1,576.9;402.8,612.7;437.6,553.2;422.8,454.6;421.4,443.9;415.2,390.4;503.6,498.3;489.9,496.5;463.2,457.4;382.3,453.2;340.5,455.5;359.1,425.4
91#451.5,644.3;469.0,587.4;463.8,548.7;415.8,552.3;392.8,566.3;407.8,611.4;439.3,550.5;424.8,450.6;423.0,439.8;416.1,385.7;504.5,501.9;488.0,492.4;464.7,454.3;384.0,448.8;342.3,445.7;357.5,408.1
92#445.7,634.8;466.9,580.0;465.7,545.5;418.2,550.1;391.4,555.6;412.8,610.0;441.0,547.7;426.9,446.7;424.5,435.8;416.9,381.0;505.4,505.5;486.1,488.3;466.1,451.2;385.7,444.4;344.1,435.9;355.8,390.9
93#439.9,625.2;464.8,572.7;467.6,542.3;420.6,547.8;390.1,545.0;417.8,608.7;442.7,545.0;428.9,442.7;426.1,431.7;417.8,376.3;506.3,509.1;484.2,484.2;467.6,448.2;387.4,440.0;345.9,426.1;354.2,373.6
94#444.5,613.2;478.6,513.7;470.7,529.4;421.0,539.9;386.9,545.1;415.7,615.8;444.5,529.4;431.5,440.3;428.8,429.9;415.7,372.2;431.5,458.7;486.5,490.1;470.7,445.6;392.2,432.5;350.3,429.9;363.4,385.3
95#460.6,597.9;470.9,517.7;476.1,525.5;421.8,533.3;388.2,548.8;411.4,623.8;445.1,528.1;434.7,437.6;432.1,427.2;426.9,372.9;496.8,507.4;489.0,491.9;476.1,442.7;395.9,429.8;359.7,437.6;362.3,388.4
96#459.7,598.6;471.0,519.5;479.5,539.3;422.9,542.1;389.0,556.2;406.0,629.7;448.4,539.3;439.9,434.7;437.1,426.2;434.2,369.7;479.5,479.9;507.7,491.2;479.5,440.4;400.3,429.1;363.6,443.2;363.6,398.0
97#453.1,639.9;444.6,583.1;481.5,537.7;424.7,537.7;390.7,560.4;407.7,639.9;453.1,537.7;441.8,432.7;444.6,424.2;440.4,363.2;464.5,466.8;512.7,486.6;484.3,438.4;402.0,429.9;362.3,446.9;365.1,401.5
98#465.6,574.4;477.3,504.1;486.1,527.5;430.5,530.5;389.5,571.4;410.0,650.5;453.9,530.5;445.1,430.9;445.1,422.1;446.6,362.1;465.6,466.0;503.7,480.7;486.1,433.8;404.1,425.1;366.1,451.4;363.1,413.3
99#480.1,579.2;480.1,509.2;483.1,529.6;430.5,532.5;395.5,579.2;413.0,660.9;459.7,529.6;448.0,427.5;448.0,421.6;449.5,367.7;465.6,456.7;494.7,465.4;491.8,430.4;407.2,424.6;366.3,453.7;363.4,418.7
100#483.2,580.3;480.2,511.7;486.2,523.6;432.5,523.6;402.7,586.2;411.6,663.8;459.4,523.6;450.4,425.2;450.4,416.2;448.9,367.0;468.3,464.0;495.2,466.9;492.2,428.2;408.7,425.2;372.9,458.0;363.9,425.2
101#491.9,588.0;480.0,552.4;489.0,522.7;438.5,525.7;411.7,591.0;411.7,668.2;462.2,522.7;456.3,421.7;453.3,412.8;451.8,369.7;471.1,466.2;497.9,469.2;494.9,421.7;408.7,424.6;376.1,460.3;367.2,427.6
102#490.7,600.3;493.6,565.4;487.8,518.8;438.3,527.5;417.9,597.4;415.0,667.3;464.5,524.6;455.8,419.8;455.8,411.0;448.5,363.0;470.3,457.6;499.4,460.5;499.4,419.8;412.1,422.7;380.0,463.5;371.3,431.4
103#504.3,590.5;510.2,581.7;489.5,519.7;442.3,528.6;415.8,590.5;418.7,667.2;465.9,522.7;457.1,419.5;457.1,407.7;449.7,364.9;471.8,460.7;504.3,463.7;501.3,416.5;415.8,422.4;380.4,466.6;371.5,440.1
104#487.6,608.8;484.4,556.8;494.1,524.3;442.1,527.6;412.9,579.6;425.9,664.1;468.1,527.6;458.4,417.1;458.4,413.8;453.5,357.0;525.0,357.0;536.4,378.1;503.9,413.8;416.1,423.6;380.4,469.1;370.6,446.3
105#483.9,617.5;487.2,564.6;497.1,518.4;447.6,528.3;407.9,574.6;427.7,660.5;470.7,521.7;457.5,419.2;457.5,412.6;449.2,351.5;521.9,344.9;533.5,369.7;500.4,409.3;414.5,425.8;381.5,472.1;368.3,455.6
106#489.8,618.3;466.3,505.0;501.5,520.6;446.8,524.5;403.8,567.5;431.1,649.6;474.1,524.5;458.5,419.0;458.5,407.3;446.8,352.5;517.1,301.7;532.8,364.3;497.6,411.2;415.5,426.8;380.3,477.6;368.6,462.0
107#485.9,622.7;471.9,538.4;503.5,520.8;457.8,527.8;398.1,559.4;433.2,643.7;478.9,524.3;454.3,419.0;454.3,408.4;443.8,355.8;521.0,306.6;524.5,355.8;496.5,404.9;412.2,429.5;377.1,482.2;366.5,468.1
108#485.1,632.2;478.2,550.3;502.1,523.0;447.5,533.2;396.3,553.7;433.9,632.2;474.8,529.8;450.9,420.6;450.9,410.4;440.7,359.2;519.2,304.6;522.6,362.6;491.9,407.0;410.0,437.7;379.3,488.9;369.1,471.8
109#484.4,651.9;484.4,579.9;496.9,526.8;443.7,533.0;393.6,542.4;431.2,617.5;471.9,529.9;450.0,423.5;446.8,414.1;437.4,360.9;515.7,314.0;528.2,364.1;493.8,404.7;406.1,439.1;381.1,495.5;365.5,482.9
110#486.8,650.8;486.8,585.9;495.6,532.8;439.6,535.8;389.4,526.9;430.7,603.6;469.1,535.8;445.5,426.6;442.5,417.7;430.7,361.6;520.7,327.7;531.1,373.4;489.7,408.8;401.2,441.3;374.6,503.3;362.8,494.4
111#487.5,658.5;493.5,589.5;490.5,532.5;439.5,535.5;397.5,529.5;433.5,589.5;466.5,532.5;439.5,430.5;439.5,418.5;426.0,360.0;522.0,354.0;532.5,379.5;487.5,409.5;397.5,448.5;367.5,511.5;364.5,502.5
112#484.6,661.0;494.0,592.1;490.8,532.6;431.3,532.6;406.2,526.3;428.2,576.4;459.5,532.6;437.6,429.2;434.4,422.9;417.2,361.8;517.5,355.6;531.6,385.3;481.4,410.4;393.7,448.0;362.4,516.9;387.4,507.5
113#487.9,671.6;491.2,591.8;484.6,528.6;428.0,535.3;398.1,528.6;421.4,578.5;454.6,531.9;431.3,432.2;428.0,422.2;411.4,362.3;512.8,357.3;531.1,392.2;474.6,412.2;388.1,448.8;361.5,518.6;371.5,525.3
114#488.3,675.3;488.3,591.9;478.7,527.7;421.0,527.7;408.2,556.6;408.2,579.1;449.8,527.7;424.2,431.5;424.2,421.9;409.8,359.4;506.0,365.8;523.6,399.5;469.1,415.5;382.5,447.6;363.3,511.7;353.6,540.6
115#490.5,682.2;483.8,599.1;477.2,529.3;420.7,529.3;380.8,532.6;414.0,595.8;447.3,532.6;420.7,429.6;417.4,419.6;409.1,354.8;513.8,376.4;523.7,409.6;467.2,416.3;374.2,446.2;360.9,516.0;364.2,542.6
116#489.3,682.9;479.3,599.2;472.6,528.9;419.0,532.2;398.9,575.7;415.6,602.5;445.8,528.9;415.6,428.4;412.3,418.3;403.9,356.4;455.8,471.9;479.3,468.6;462.5,415.0;372.1,441.8;355.3,498.7;358.7,535.6
117#484.0,680.1;474.1,601.4;464.3,525.9;405.2,529.2;398.7,588.2;418.4,624.3;434.8,525.9;411.8,430.7;411.8,417.6;406.9,360.2;451.2,473.4;474.1,466.8;451.2,417.6;365.9,437.3;349.5,489.8;359.3,522.6
118#476.9,676.3;473.7,597.6;457.3,525.5;401.5,525.5;404.8,594.3;411.4,620.6;427.8,525.5;411.4,423.8;408.1,414.0;406.4,353.3;447.4,473.0;470.4,466.4;454.0,414.0;368.7,433.7;339.2,486.1;365.5,515.6
119#473.6,673.1;473.6,593.8;449.2,517.5;397.3,520.5;409.5,535.8;406.5,596.8;421.7,517.5;409.5,422.9;409.5,410.7;408.0,348.2;437.0,459.5;458.3,453.4;446.1,413.8;366.8,429.0;333.3,477.8;369.9,496.1
120#469.6,667.1;475.3,585.2;438.6,514.7;387.8,517.5;410.3,542.9;410.3,602.2;413.2,514.7;407.5,418.7;407.5,407.4;408.9,358.0;435.7,461.1;449.9,444.1;449.9,410.3;365.2,424.4;320.0,469.5;359.5,469.5
121#469.0,657.6;479.7,571.8;442.2,518.2;388.6,520.8;418.1,542.3;412.7,609.3;412.7,515.5;407.3,418.9;407.3,402.9;406.0,364.0;511.9,437.7;487.8,443.1;450.2,413.6;361.8,421.6;313.5,456.5;343.0,443.1
122#467.1,647.5;483.4,563.4;434.5,514.5;385.6,522.6;420.9,541.6;412.8,614.9;410.1,514.5;404.6,416.8;404.6,400.5;411.4,361.1;431.8,462.9;450.8,462.9;450.8,414.0;358.5,416.8;304.2,441.2;325.9,438.5
123#466.2,638.2;487.6,558.0;434.1,515.2;385.9,517.8;420.7,547.3;412.7,622.2;412.7,515.2;407.3,413.5;404.7,397.4;406.0,361.3;434.1,440.2;487.6,450.9;450.2,413.5;359.2,410.8;303.0,424.2;337.8,418.8
124#468.6,621.7;491.2,554.0;437.6,514.5;386.8,520.1;415.1,551.2;412.2,630.1;415.1,517.3;403.8,410.2;403.8,398.9;402.4,355.2;519.4,452.5;488.4,458.1;448.9,413.0;361.5,404.5;302.2,404.5;350.2,404.5
125#468.9,617.0;505.8,540.1;441.3,515.6;389.0,518.6;413.6,558.6;410.5,641.6;416.7,518.6;404.4,408.0;404.4,398.7;402.9,341.9;524.3,466.4;487.4,457.1;447.4,408.0;361.3,398.7;302.9,383.4;355.2,355.7
126#473.0,605.4;510.4,530.6;438.7,515.0;385.8,524.4;410.7,564.9;410.7,645.9;413.8,515.0;401.3,399.8;401.3,396.6;401.3,337.5;522.8,477.6;485.4,452.7;444.9,406.0;360.8,393.5;304.8,368.6;362.4,332.8
127#477.4,585.9;488.5,512.1;436.8,512.1;381.5,523.2;407.3,571.2;411.0,659.8;407.3,519.5;399.9,397.7;399.9,394.0;399.9,331.2;518.0,478.9;484.8,449.4;444.2,408.8;363.0,390.3;311.3,353.4;348.2,312.8
128#481.4,570.8;504.3,498.5;431.9,509.9;386.3,521.3;405.3,574.6;409.1,666.0;405.3,509.9;401.5,395.7;401.5,395.7;401.5,331.0;500.5,464.2;485.2,449.0;443.4,403.3;359.6,391.9;321.5,342.4;344.4,296.7
129#487.1,557.0;511.8,487.0;433.5,511.7;384.1,524.1;396.5,590.0;408.8,680.7;408.8,515.8;404.7,392.2;404.7,388.1;404.7,330.4;495.4,454.0;487.1,445.8;445.9,400.4;359.4,384.0;326.4,334.5;342.9,276.8
130#530.8,541.7;474.8,498.6;436.1,507.2;384.4,520.1;397.3,593.4;405.9,683.8;410.2,511.5;405.9,390.9;405.9,390.9;405.9,330.7;500.7,446.9;500.7,451.2;453.3,403.9;362.9,378.0;337.0,326.3;337.0,266.1
131#524.6,538.6;503.3,474.8;430.9,500.3;384.1,513.1;396.8,598.2;405.4,691.9;409.6,508.8;409.6,389.6;405.4,389.6;413.9,330.0;482.0,466.3;507.5,449.2;452.2,398.1;367.0,376.8;341.5,325.7;333.0,266.1
132#513.6,548.3;475.7,493.6;425.2,497.8;378.9,510.4;391.5,598.9;399.9,687.3;399.9,506.2;412.6,384.1;408.4,388.3;416.8,325.2;492.6,417.8;509.4,430.4;450.5,396.8;366.3,367.3;336.8,321.0;328.4,262.0
133#505.6,544.1;470.3,473.6;430.6,491.2;382.1,504.4;390.9,601.5;399.7,685.3;408.6,495.6;413.0,385.4;413.0,385.4;426.2,328.0;505.6,416.2;510.0,420.6;457.1,394.2;373.3,367.7;333.6,323.6;333.6,266.3
134#469.6,699.2;461.5,492.8;433.2,488.7;384.6,504.9;388.6,598.0;396.7,687.0;404.8,500.9;417.0,383.5;412.9,387.6;425.1,326.9;566.7,395.7;518.1,403.7;457.4,395.7;376.5,375.4;327.9,330.9;332.0,274.2
135#482.5,532.5;466.6,488.7;426.8,496.7;383.0,508.6;387.0,596.2;394.9,683.7;406.9,500.6;414.8,385.2;414.8,385.2;426.8,325.5;554.2,397.1;506.4,397.1;454.6,393.2;375.0,377.2;319.3,341.4;331.2,289.7
136#476.2,703.2;476.2,481.9;432.7,493.7;385.3,505.6;381.3,592.5;393.2,679.5;409.0,501.6;420.8,383.0;416.9,387.0;424.8,323.7;547.3,375.1;507.8,387.0;460.4,394.9;377.4,375.1;322.0,351.4;329.9,300.0
137#480.7,692.5;431.0,596.8;431.0,493.5;381.3,505.0;377.4,593.0;396.6,673.3;404.2,501.2;415.7,382.6;415.7,382.6;423.3,321.3;454.0,386.4;446.3,417.0;461.6,394.0;377.4,374.9;320.0,359.6;331.5,309.9
138#487.0,560.0;472.6,487.8;429.3,491.4;382.3,498.7;371.5,585.3;393.1,661.2;411.2,495.0;418.4,383.1;418.4,383.1;418.4,318.1;429.3,415.6;454.5,419.2;458.1,390.3;375.1,375.9;320.9,365.0;331.7,318.1
139#522.8,602.5;497.7,491.5;436.9,495.1;386.7,498.6;358.1,570.2;386.7,652.6;408.2,498.6;419.0,384.1;419.0,380.5;411.8,316.1;404.6,416.3;451.2,430.6;458.3,387.7;379.6,376.9;318.7,373.3;333.0,326.8
140#482.8,584.1;493.0,502.6;435.2,495.8;384.3,499.2;346.9,560.3;377.5,641.8;408.1,499.2;418.3,383.7;414.9,373.5;408.1,315.8;421.7,309.0;455.6,441.5;455.6,383.7;377.5,380.3;319.8,380.3;333.4,336.2
141#475.5,589.3;492.4,508.2;435.0,498.1;380.9,501.5;333.7,548.8;367.4,633.2;408.0,498.1;414.7,383.3;411.3,376.5;397.8,319.1;426.5,300.6;455.2,325.9;455.2,379.9;377.6,383.3;320.1,390.1;333.7,342.8
142#474.6,595.9;494.2,507.9;432.3,494.9;380.1,501.4;321.4,537.3;350.8,625.3;406.2,501.4;412.7,384.1;409.4,374.3;393.1,318.9;417.6,300.9;448.6,328.6;451.8,380.8;373.6,384.1;321.4,397.1;331.2,354.7
143#475.4,603.0;491.6,518.7;433.3,496.0;378.1,502.5;306.8,528.5;332.7,612.8;407.3,502.5;404.1,382.6;404.1,372.8;384.6,317.7;415.4,293.4;443.0,324.2;446.2,379.3;365.2,385.8;323.0,405.3;332.7,363.1
144#475.5,615.6;486.3,525.7;432.3,497.0;374.8,500.6;295.7,518.5;320.9,601.2;407.2,500.6;400.0,381.9;396.4,371.1;378.4,317.2;392.8,270.4;432.3,320.8;439.5,378.3;360.4,385.5;328.1,414.3;331.6,371.1
145#474.6,624.5;481.8,538.7;428.2,502.9;374.5,502.9;285.1,506.5;303.0,588.7;403.1,502.9;396.0,377.7;392.4,370.6;374.5,313.4;406.7,402.8;424.6,316.9;431.7,374.2;356.6,388.5;328.0,424.2;328.0,377.7
146#473.8,631.5;473.8,547.2;437.1,495.9;374.8,495.9;279.6,488.6;286.9,572.9;407.8,495.9;385.8,378.7;382.2,367.7;367.5,312.7;385.8,257.8;415.1,316.4;422.5,371.4;349.2,389.7;327.2,430.0;330.9,382.4
147#471.5,639.6;468.0,556.6;426.5,497.8;371.2,494.3;270.9,477.0;281.3,556.6;398.9,494.3;381.6,373.3;374.6,366.4;357.4,311.0;388.5,255.7;412.7,311.0;416.2,369.8;343.5,387.1;326.2,432.1;336.6,404.4
148#471.9,641.2;458.6,561.8;420.0,494.2;367.8,490.7;268.1,467.2;272.9,545.4;393.9,491.8;374.8,375.1;367.9,366.1;349.9,310.6;406.7,324.0;409.7,313.8;408.8,367.3;337.3,389.7;314.9,432.9;326.2,423.1
149#472.2,642.8;449.2,567.0;413.5,490.5;364.5,487.2;265.4,457.3;264.5,534.2;389.0,489.4;367.9,376.8;361.2,365.8;342.3,310.1;424.9,392.3;406.7,316.7;401.3,364.7;331.2,392.4;303.5,433.6;315.7,441.9
150#472.6,644.4;439.8,572.2;407.0,486.9;361.1,483.6;262.6,447.5;256.1,523.0;384.0,486.9;361.1,378.6;354.5,365.5;334.8,309.7;443.1,460.6;403.7,319.5;393.9,362.2;325.0,395.0;292.2,434.4;305.3,460.6
151#463.9,647.4;434.8,566.7;402.6,492.5;350.9,486.0;260.6,440.9;254.1,518.3;376.7,489.3;354.2,379.6;350.9,369.9;325.1,315.0;378.4,297.3;405.8,321.5;389.7,366.7;315.4,398.9;267.0,434.4;283.2,424.7
152#448.2,646.3;432.4,561.1;388.2,494.8;340.9,485.3;255.7,441.2;246.2,516.9;366.1,491.7;344.0,381.2;340.9,371.7;322.0,314.9;377.2,291.2;404.0,327.5;385.1,368.6;306.2,393.8;255.7,434.8;287.2,434.8
153#431.4,644.4;428.1,555.5;382.0,492.9;326.1,492.9;256.9,437.0;243.7,516.0;355.7,492.9;339.2,381.0;335.9,374.4;319.5,315.1;370.5,287.1;401.8,325.0;378.7,371.1;299.7,397.4;253.6,417.2;293.1,456.7
154#287.8,490.0;428.3,552.1;371.6,506.2;320.2,498.1;250.0,438.7;241.9,517.0;344.6,498.1;333.8,382.0;331.1,376.6;317.5,319.8;374.3,295.5;395.9,330.6;371.6,371.2;293.2,390.1;244.6,398.2;287.8,382.0
155#395.0,620.0;424.1,546.6;368.7,516.1;305.0,496.7;246.8,441.3;241.3,521.7;338.2,505.0;329.9,386.0;327.2,380.4;318.8,322.3;371.5,305.6;393.6,333.3;374.2,380.4;288.4,391.5;238.5,386.0;282.8,352.7
156#377.0,601.8;421.7,540.8;356.7,500.2;297.1,497.5;237.5,448.7;237.5,527.3;326.9,497.5;324.2,386.4;324.2,383.7;318.8,324.1;370.2,316.0;386.5,351.2;364.8,383.7;283.6,394.5;237.5,375.6;275.4,340.3
157#363.0,609.1;414.4,532.0;363.0,503.5;294.4,503.5;228.8,460.6;234.5,537.7;331.6,503.5;317.3,392.1;320.1,389.2;323.0,332.1;365.8,323.6;371.5,352.1;354.4,389.2;280.2,395.0;240.2,363.5;265.9,320.7
158#351.0,595.8;407.4,527.5;356.9,512.7;294.6,512.7;223.3,474.1;232.2,551.3;330.2,512.7;318.3,396.9;318.3,390.9;321.3,337.5;365.8,337.5;365.8,361.3;354.0,396.9;276.8,396.9;241.1,355.3;261.9,304.8
159#261.7,570.1;375.2,519.1;352.5,516.3;284.4,513.4;216.3,485.1;227.7,564.5;318.4,516.3;315.6,397.2;318.4,394.3;324.1,340.4;358.1,346.1;358.1,371.6;355.3,405.7;273.1,394.3;247.5,348.9;250.4,295.1
160#223.5,577.4;211.5,499.5;334.5,523.5;274.5,520.5;211.5,496.5;229.5,580.4;307.5,523.5;313.5,403.6;313.5,400.6;331.5,343.6;262.5,298.6;358.4,391.6;352.5,409.6;271.5,394.6;250.5,349.6;241.5,301.6
161#328.6,565.2;366.9,523.9;343.3,521.0;272.6,521.0;204.9,506.3;225.5,588.7;310.9,521.0;313.9,409.1;313.9,403.2;334.5,350.2;263.8,303.0;358.1,400.2;349.2,417.9;272.6,397.3;249.1,359.0;237.3,308.9
162#260.7,598.8;358.6,506.8;343.8,527.6;272.5,527.6;204.3,515.7;225.1,598.8;308.2,527.6;314.1,411.9;314.1,406.0;340.8,352.6;260.7,311.0;296.3,355.5;349.7,420.8;272.5,397.1;239.9,364.4;239.9,314.0
163#261.1,603.4;370.0,463.8;344.8,528.0;277.9,530.8;202.5,522.4;224.8,606.2;314.1,530.8;311.4,410.8;316.9,405.2;344.8,355.0;266.7,327.1;358.8,402.4;347.6,422.0;272.3,396.8;227.6,366.1;230.4,321.5
164#259.3,614.5;361.1,512.7;335.6,535.3;273.5,535.3;205.6,532.5;222.6,614.5;307.4,532.5;315.8,413.8;318.7,408.2;344.1,357.3;380.9,391.2;341.3,436.4;349.8,422.3;276.3,399.7;222.6,371.4;233.9,323.4
165#257.6,628.8;277.9,527.1;333.2,527.1;275.0,530.0;208.1,538.7;222.7,623.0;307.0,527.1;318.6,413.6;321.5,410.7;347.7,355.5;382.6,399.1;382.6,425.3;356.4,419.5;277.9,402.0;222.7,375.8;234.3,335.1
166#286.2,582.0;355.6,506.9;332.5,524.2;274.7,527.1;214.0,547.3;219.7,631.2;306.5,524.2;318.0,411.5;320.9,408.6;349.8,356.6;323.8,434.6;355.6,449.1;355.6,420.1;277.6,405.7;219.7,382.6;237.1,342.1
167#292.5,572.3;289.5,515.5;337.3,515.5;280.5,518.5;223.7,545.4;220.7,632.1;310.4,515.5;322.4,413.8;325.4,407.8;352.3,354.0;325.4,437.7;358.3,458.6;358.3,422.8;280.5,401.8;226.7,389.9;232.7,360.0
168#297.4,580.6;291.5,510.8;341.0,513.7;277.0,519.5;227.6,545.7;224.7,630.0;309.0,516.6;326.4,411.9;329.4,406.1;352.6,350.8;323.5,449.7;355.5,458.4;361.3,423.5;285.7,403.2;221.7,397.4;233.4,365.4
169#302.1,587.4;296.6,510.5;343.3,513.2;285.6,516.0;230.7,540.7;227.9,628.6;313.1,516.0;326.9,411.5;329.6,400.6;354.3,348.3;390.1,469.3;362.6,474.8;365.3,422.5;285.6,400.6;219.7,403.3;230.7,373.1
170#328.1,594.4;338.5,522.1;348.8,511.7;292.0,511.7;235.1,535.0;235.1,622.8;317.8,511.7;328.1,408.4;333.3,398.0;352.7,342.5;356.6,478.1;390.1,473.0;369.5,418.7;289.4,398.0;222.2,408.4;232.5,385.1
171#329.2,604.7;337.1,533.8;345.0,507.5;292.4,502.2;237.3,528.5;242.5,617.8;318.7,507.5;331.8,407.7;334.5,394.5;351.5,343.3;358.1,486.5;389.6,473.3;373.9,415.5;289.8,397.2;226.8,415.5;232.0,397.2
172#329.6,614.4;340.3,539.8;348.3,505.1;295.0,505.1;239.1,521.1;252.4,609.0;321.6,505.1;332.3,406.6;335.0,393.2;352.3,344.0;343.0,443.9;377.6,462.5;374.9,414.6;287.0,395.9;231.1,425.2;231.1,406.6
173#332.6,619.4;340.6,546.9;348.7,509.3;300.3,503.9;243.9,512.0;262.7,597.9;327.2,509.3;335.3,404.5;337.9,391.1;352.7,338.8;348.7,450.2;380.9,466.3;375.5,412.6;289.6,396.5;233.2,431.4;235.9,415.3
174#331.9,629.5;343.0,551.8;359.7,504.6;301.4,504.6;245.9,499.1;270.9,587.9;329.1,504.6;337.5,404.7;340.2,390.8;355.5,336.7;351.3,440.8;379.1,457.4;379.1,410.2;290.3,399.1;237.6,440.8;240.3,421.3
175#334.5,639.6;345.8,560.8;357.0,510.2;306.4,504.6;250.2,493.3;283.9,574.9;331.7,510.2;340.2,403.3;343.0,392.1;355.6,337.2;393.6,515.8;390.8,470.8;385.2,408.9;295.2,400.5;241.7,445.5;224.8,468.0
176#337.6,651.0;349.6,571.3;358.8,511.9;307.1,504.3;258.1,494.1;312.5,573.3;333.0,509.4;340.2,402.7;342.3,392.6;354.8,336.4;403.4,482.8;402.1,449.9;385.1,406.0;295.3,400.6;241.5,444.6;228.9,467.4
177#340.8,662.3;353.3,581.8;360.6,513.7;307.9,504.1;266.1,494.9;341.2,571.7;334.2,508.6;340.2,402.1;341.6,393.0;353.9,335.6;413.2,449.7;413.4,428.9;385.0,403.1;295.4,400.6;241.3,443.7;232.9,466.9
178#343.9,673.6;357.1,592.3;362.4,515.5;308.6,503.8;274.1,495.8;369.8,570.1;335.5,507.7;340.3,401.4;341.0,393.5;353.1,334.8;422.9,416.7;424.8,408.0;384.9,400.3;295.6,400.7;241.2,442.8;237.0,466.4
179#347.1,685.0;360.8,602.8;364.2,517.2;309.4,503.5;282.0,496.6;398.5,568.5;336.8,506.9;340.3,400.8;340.3,393.9;352.2,334.0;432.7,383.7;436.1,387.1;384.8,397.4;295.7,400.8;241.0,441.9;241.0,465.8
180#353.5,688.3;360.5,607.2;360.5,512.1;311.2,505.0;279.5,498.0;357.0,691.9;335.9,508.5;342.9,402.8;342.9,395.7;355.3,330.5;425.8,330.5;438.1,385.1;385.2,399.2;297.1,402.8;237.2,438.0;247.7,452.1
181#360.7,686.8;360.7,611.4;364.3,514.5;317.6,507.3;382.2,525.2;385.8,597.0;342.7,514.5;342.7,403.2;342.7,396.0;353.5,331.4;360.7,446.3;382.2,453.4;385.8,403.2;296.1,403.2;238.6,435.5;260.2,439.1
182#361.6,687.1;368.4,608.3;361.6,512.3;317.0,505.5;365.0,526.0;389.0,604.9;337.6,508.9;341.0,402.6;341.0,395.8;356.4,335.8;361.6,447.2;382.1,457.5;382.1,402.6;296.4,406.1;231.3,430.1;265.6,423.2
183#364.1,680.6;377.1,599.5;357.6,508.6;312.1,508.6;367.3,524.8;357.6,638.4;334.9,508.6;338.1,401.5;341.4,395.0;356.0,338.2;429.0,362.5;383.6,450.2;383.6,401.5;292.7,404.7;231.0,421.0;273.2,411.2
184#366.4,671.3;391.9,594.9;356.9,512.2;312.3,509.0;376.0,534.5;363.2,636.3;334.6,509.0;341.0,404.0;341.0,397.7;352.1,338.8;430.0,372.2;439.6,416.8;382.3,404.0;293.2,400.9;236.0,407.2;280.5,384.9
185#370.3,661.0;399.5,583.2;357.3,515.1;311.9,511.9;376.8,537.8;367.0,602.6;337.9,515.1;341.1,404.9;344.3,398.4;352.5,338.4;428.6,375.7;435.1,424.3;383.3,408.1;295.7,398.4;240.6,395.1;286.0,366.0
186#386.0,647.3;408.5,560.6;357.1,512.4;315.3,512.4;369.9,541.3;363.5,605.5;337.8,512.4;344.2,403.2;344.2,396.8;353.9,335.8;430.9,390.4;440.6,428.9;389.2,406.5;299.3,396.8;254.3,380.8;289.7,342.2
187#389.7,646.5;418.0,547.4;357.9,512.0;318.9,508.4;364.9,533.2;361.4,611.1;340.1,508.4;343.7,402.2;343.7,395.1;350.8,338.5;432.2,398.7;439.3,437.6;389.7,405.7;301.2,395.1;262.2,366.8;290.6,317.2
188#396.7,626.3;417.6,539.0;361.7,507.6;319.8,511.1;365.2,542.5;365.2,622.8;340.8,507.6;344.3,402.8;344.3,395.8;351.3,339.9;431.6,409.8;438.6,441.2;382.7,409.8;305.9,392.3;270.9,353.9;284.9,308.5
189#407.4,604.7;418.7,536.7;369.6,514.1;320.6,525.4;358.3,555.6;365.8,634.8;347.0,517.9;343.2,400.9;343.2,397.1;354.5,336.7;448.9,423.5;418.7,431.1;384.7,408.4;305.5,389.6;271.5,348.1;290.4,302.8
190#413.9,581.4;421.4,528.6;379.9,509.8;323.3,521.1;349.7,562.6;368.6,649.3;353.5,513.5;349.7,400.4;349.7,396.6;357.3,336.3;432.7,434.3;428.9,453.2;391.2,407.9;308.3,389.1;270.5,355.1;296.9,306.1
191#400.3,573.6;419.8,515.0;384.7,511.1;330.0,522.8;349.5,569.7;365.1,655.7;357.3,515.0;349.5,401.6;349.5,401.6;357.3,335.2;419.8,448.5;431.6,464.2;392.5,409.5;310.4,389.9;263.5,362.6;294.8,319.6
192#403.1,562.3;422.9,507.0;391.3,510.9;332.0,514.9;343.8,578.1;363.6,661.2;359.6,514.9;351.7,400.3;351.7,396.3;363.6,333.1;430.8,451.6;442.7,455.6;399.2,408.2;308.3,392.4;264.8,372.6;292.4,329.1
193#403.0,545.6;425.4,493.3;388.0,500.7;339.4,515.7;339.4,583.1;354.3,665.4;361.8,508.2;358.1,399.7;358.1,396.0;367.4,326.7;447.9,455.8;440.4,459.6;399.2,399.7;316.9,388.5;268.3,381.0;290.7,343.6
194#394.2,672.6;416.2,588.3;397.8,493.0;335.5,496.7;342.8,584.7;350.2,672.6;364.8,496.7;364.8,397.7;364.8,394.0;374.0,333.5;445.5,463.7;449.1,452.7;405.2,401.4;320.8,386.7;269.5,390.4;287.8,357.4
195#393.6,665.8;425.1,592.5;400.6,491.3;341.3,505.2;341.3,592.5;344.8,672.7;372.7,498.2;365.7,390.0;365.7,386.5;371.0,339.4;425.1,473.8;453.0,442.4;407.6,400.5;327.3,383.1;275.0,397.0;292.4,365.6
196#406.7,663.0;432.4,483.3;406.7,492.9;345.8,505.7;339.4,595.6;339.4,675.8;374.6,499.3;368.2,390.2;371.4,380.6;376.3,337.3;435.6,435.1;467.7,438.4;413.2,393.4;326.5,383.8;275.2,406.3;294.4,371.0
197#409.7,676.3;416.0,587.0;406.5,491.2;349.0,500.8;336.3,590.2;339.4,673.1;377.7,497.6;371.4,389.1;374.6,382.7;382.5,333.3;451.1,411.4;473.5,424.2;412.8,392.3;329.9,382.7;282.0,414.6;298.0,379.5
198#412.5,675.5;409.2,586.5;405.9,494.2;349.9,507.4;330.1,583.2;336.7,665.6;379.5,504.1;379.5,388.8;379.5,382.2;387.8,334.4;455.3,402.0;488.3,418.5;422.4,392.1;333.4,385.5;287.3,421.7;293.9,395.4
199#417.3,672.5;403.7,584.4;407.1,496.3;352.9,503.1;329.2,581.0;336.0,658.9;380.0,499.7;383.4,387.8;383.4,381.1;391.9,325.1;393.6,435.3;424.1,438.7;424.1,391.2;339.4,381.1;295.3,425.1;295.3,394.6
200#416.3,666.7;391.7,577.8;410.1,492.0;351.9,498.1;324.3,571.7;333.5,654.5;382.5,495.0;385.6,384.6;388.7,366.2;229.2,409.2;394.8,433.7;425.5,433.7;428.5,387.7;342.7,381.6;296.7,427.6;296.7,403.0
201#417.7,659.3;387.9,573.0;407.8,486.6;358.0,493.3;321.5,563.0;334.7,649.3;384.5,490.0;387.9,387.0;387.9,370.4;399.5,315.6;397.8,420.2;427.7,423.6;427.7,387.0;344.7,380.4;294.9,423.6;294.9,406.9
202#419.2,650.5;383.4,568.1;408.5,489.2;358.3,489.2;322.5,560.9;336.8,643.3;387.0,489.2;390.6,381.7;390.6,371.0;408.5,313.6;387.0,421.1;426.4,428.3;433.6,385.3;344.0,381.7;293.8,417.5;268.7,406.8
203#416.8,651.9;385.0,569.3;410.7,490.1;361.1,489.9;328.4,562.3;339.9,644.5;389.5,490.1;392.4,381.8;392.4,371.8;407.6,314.0;390.4,422.0;429.7,429.2;435.3,385.6;346.4,381.3;295.9,416.8;274.1,404.1
204#414.4,653.3;386.6,570.4;412.9,491.1;363.9,490.6;334.3,563.8;343.0,645.7;392.0,491.1;394.2,381.9;394.2,372.6;406.8,314.4;393.8,422.9;433.0,430.1;437.0,385.9;348.8,381.0;298.0,416.1;279.4,401.4
205#412.0,654.7;388.2,571.6;415.1,492.0;366.8,491.3;340.2,565.2;346.1,646.9;394.5,492.0;396.0,382.0;396.0,373.4;405.9,314.8;397.3,423.8;436.3,431.0;438.7,386.3;351.2,380.6;300.1,415.4;284.8,398.7
206#409.7,656.1;389.8,572.8;417.4,493.0;369.6,492.1;346.1,566.6;349.2,648.1;397.0,493.0;397.8,382.1;397.8,374.3;405.0,315.2;400.7,424.7;439.7,431.8;440.3,386.6;353.6,380.3;302.1,414.8;290.1,395.9
207#407.3,657.5;391.4,574.0;419.6,493.9;372.4,492.8;352.0,568.0;352.3,649.3;399.5,493.9;399.6,382.2;399.6,375.1;404.1,315.6;404.1,425.6;443.0,432.7;442.0,386.9;356.0,379.9;304.2,414.1;295.5,393.2
208#404.9,658.9;393.0,575.1;421.8,494.8;375.2,493.5;357.9,569.5;355.4,650.5;402.0,494.8;401.4,382.3;401.4,375.9;403.3,316.0;407.5,426.5;446.3,433.6;443.7,387.2;358.4,379.6;306.3,413.4;300.9,390.5
209#402.5,660.3;394.6,576.3;424.0,495.8;378.0,494.2;363.8,570.9;358.5,651.7;404.5,495.8;403.2,382.4;403.2,376.7;402.4,316.4;410.9,427.4;449.6,434.5;445.4,387.5;360.8,379.2;308.4,412.7;306.2,387.8
210#400.1,661.7;396.2,577.5;426.2,496.7;380.9,494.9;369.6,572.3;361.7,652.8;407.1,496.7;405.1,382.5;405.1,377.5;401.5,316.9;414.4,428.4;452.9,435.4;447.1,387.9;363.2,378.9;310.5,412.0;311.6,385.1
211#397.7,663.1;397.8,578.7;428.4,497.7;383.7,495.6;375.5,573.7;364.8,654.0;409.6,497.7;406.9,382.6;406.9,378.3;400.6,317.3;417.8,429.3;456.2,436.3;448.8,388.2;365.6,378.5;312.6,411.3;316.9,382.4
212#395.3,664.5;399.4,579.8;430.6,498.6;386.5,496.3;381.4,575.2;367.9,655.2;412.1,498.6;408.7,382.7;408.7,379.1;399.8,317.7;421.2,430.2;459.5,437.2;450.5,388.5;368.0,378.2;314.7,410.6;322.3,379.7
213#392.9,665.9;401.0,581.0;432.8,499.5;389.3,497.0;387.3,576.6;371.0,656.4;414.6,499.5;410.5,382.8;410.5,379.9;398.9,318.1;424.6,431.1;462.8,438.1;452.2,388.8;370.4,377.8;316.8,409.9;327.7,377.0
214#390.6,667.3;402.6,582.2;435.1,500.5;392.1,497.8;393.2,578.0;374.1,657.6;417.1,500.5;412.3,382.9;412.3,380.8;398.0,318.5;428.0,432.0;466.2,438.9;453.8,389.1;372.8,377.5;318.8,409.3;333.0,374.2
215#388.2,668.7;404.2,583.3;437.3,501.4;395.0,498.5;399.1,579.5;377.2,658.8;419.6,501.4;414.1,383.0;414.1,381.6;397.2,318.9;431.5,432.9;469.5,439.8;455.5,389.5;375.2,377.1;320.9,408.6;338.4,371.5
216#385.8,670.1;405.8,584.5;439.5,502.4;397.8,499.2;405.0,580.9;380.3,660.0;422.1,502.4;415.9,383.1;415.9,382.4;396.3,319.3;434.9,433.8;472.8,440.7;457.2,389.8;377.6,376.8;323.0,407.9;343.7,368.8
217#383.4,671.5;407.4,585.7;441.7,503.3;400.6,499.9;410.9,582.3;383.4,661.2;424.6,503.3;417.7,383.2;417.7,383.2;395.4,319.7;438.3,434.7;476.1,441.6;458.9,390.1;380.0,376.4;325.1,407.2;349.1,366.1
218#386.6,667.4;409.9,581.6;444.9,499.8;402.4,495.7;396.2,558.2;383.8,637.8;426.4,499.1;418.2,381.7;416.8,380.3;393.8,316.8;440.2,431.2;478.0,438.7;458.7,387.9;380.4,375.6;331.0,411.2;348.1,373.5
219#389.8,663.3;412.5,577.4;448.2,496.3;404.2,491.5;381.5,534.1;384.3,614.5;428.3,494.9;418.7,380.2;415.9,377.4;392.2,313.9;442.0,427.6;479.9,435.9;458.5,385.7;380.9,374.7;336.9,415.2;347.2,380.9
220#393.0,659.3;415.0,573.3;451.4,492.8;406.1,487.4;366.8,509.9;384.7,591.1;430.1,490.8;419.1,378.7;415.0,374.6;390.5,310.9;443.9,424.1;481.7,433.0;458.3,383.5;381.3,373.9;342.8,419.3;346.2,388.4
221#396.2,655.2;417.6,569.1;454.7,489.3;407.9,483.2;352.1,485.8;385.2,567.8;432.0,486.6;419.6,377.2;414.1,371.7;388.9,308.0;445.7,420.5;483.6,430.2;458.1,381.3;381.8,373.0;348.7,423.3;345.3,395.8
222#399.4,651.1;420.1,565.0;457.9,485.8;409.7,479.0;337.4,461.7;385.6,544.4;433.8,482.4;420.1,375.7;413.2,368.8;387.3,305.1;447.6,417.0;485.5,427.3;457.9,379.1;382.2,372.2;354.6,427.3;344.3,403.2
223#402.8,648.5;424.7,565.4;459.0,485.0;409.8,478.7;341.3,473.2;385.8,557.1;434.1,482.1;420.5,375.3;414.6,367.5;391.3,304.7;450.2,416.2;489.6,423.7;459.0,377.7;382.5,372.7;352.8,426.9;348.1,405.3
224#406.2,646.0;429.4,565.9;460.1,484.2;409.8,478.4;345.1,484.6;386.1,569.8;434.5,481.7;421.0,374.8;416.0,366.1;395.2,304.4;452.7,415.5;493.8,420.0;460.1,376.3;382.7,373.2;350.9,426.6;351.9,407.5
225#409.6,643.4;434.0,566.3;461.2,483.4;409.9,478.1;349.0,496.1;386.3,582.5;434.8,481.4;421.4,374.4;417.4,364.8;399.2,304.0;455.3,414.7;497.9,416.4;461.2,374.9;383.0,373.7;349.1,426.2;355.7,409.6
226#412.9,640.9;438.6,566.7;462.2,482.5;409.9,477.7;352.9,507.6;386.6,595.1;435.2,481.1;421.8,373.9;418.9,363.5;403.1,303.6;457.8,414.0;502.0,412.8;462.2,373.5;383.3,374.3;347.2,425.8;359.6,411.8
227#416.3,638.3;443.2,567.1;463.3,481.7;410.0,477.4;356.8,519.1;386.8,607.8;435.5,480.8;422.2,373.5;420.3,362.2;407.1,303.2;460.4,413.2;506.1,409.2;463.3,372.1;383.6,374.8;345.4,425.4;363.4,413.9
228#419.7,635.8;447.9,567.6;464.4,480.9;410.0,477.1;360.6,530.5;387.1,620.5;435.9,480.4;422.7,373.0;421.7,360.8;411.0,302.9;462.9,412.5;510.3,405.5;464.4,370.7;383.8,375.3;343.5,425.1;367.2,416.1
229#423.1,633.2;452.5,568.0;465.5,480.1;410.1,476.8;364.5,542.0;387.3,633.2;436.2,480.1;423.1,372.6;423.1,359.5;415.0,302.5;465.5,411.7;514.4,401.9;465.5,369.3;384.1,375.8;341.7,424.7;371.0,418.2
230#424.7,630.9;461.7,563.8;468.4,476.5;411.3,476.5;371.1,547.0;387.8,641.0;438.2,476.5;428.1,369.2;424.7,359.1;419.7,297.0;488.5,382.6;525.4,385.9;468.4,369.2;384.5,372.5;334.1,416.1;364.3,409.4
231#434.0,624.4;471.1,563.6;471.1,475.7;410.3,475.7;376.5,560.2;386.7,648.0;440.7,479.1;427.2,367.6;427.2,357.5;425.5,301.7;484.6,452.1;528.6,371.0;471.1,364.2;386.7,371.0;332.6,408.1;349.5,398.0
232#440.2,618.6;485.2,567.1;469.1,473.7;414.4,473.7;385.4,573.5;385.4,657.3;440.2,473.7;430.5,364.2;433.7,351.3;428.9,304.6;485.2,451.2;482.0,412.5;475.6,361.0;388.6,367.4;333.9,396.4;346.8,393.2
233#452.6,613.3;496.2,562.9;469.4,472.2;415.6,475.5;398.8,576.3;385.4,656.9;442.5,475.5;439.1,357.9;439.1,351.2;437.4,295.8;519.7,341.2;523.1,344.5;479.4,354.6;395.4,361.3;341.7,381.5;368.6,368.0
234#459.3,611.3;509.2,561.5;473.5,472.4;420.1,479.5;409.4,579.3;384.5,661.2;448.6,476.0;441.5,354.8;441.5,354.8;443.2,285.4;512.7,305.0;523.4,337.0;487.8,351.3;398.7,358.4;345.3,369.1;380.9,347.7
235#472.9,606.0;519.0,559.8;476.4,471.0;426.7,478.1;408.9,581.1;387.6,666.4;451.5,474.5;448.0,357.3;448.0,350.2;446.2,288.0;517.3,288.0;529.7,325.3;490.6,350.2;405.4,357.3;362.7,353.7;401.8,318.2
236#483.7,610.9;525.0,560.8;481.7,475.5;431.5,482.2;412.8,577.1;398.7,659.5;456.8,478.9;450.3,362.1;450.1,354.6;447.5,292.9;517.8,293.2;531.8,330.4;492.4,354.9;408.2,362.8;370.2,362.1;408.9,328.3
237#494.5,615.9;531.0,561.9;487.1,479.9;436.3,486.3;416.8,573.1;409.8,652.6;462.1,483.3;452.6,366.9;452.1,359.1;448.8,297.9;518.3,298.3;533.9,335.5;494.2,359.5;411.0,368.3;377.8,370.4;416.0,338.5
238#505.3,620.8;537.1,562.9;492.4,484.4;441.1,490.4;420.7,569.0;420.9,645.7;467.4,487.7;454.9,371.6;454.2,363.5;450.0,302.8;518.9,303.5;535.9,340.6;496.0,364.2;413.8,373.7;385.3,378.8;423.1,348.6
239#516.1,625.8;543.1,564.0;497.8,488.8;445.9,494.5;424.6,565.0;432.0,638.8;472.7,492.1;457.2,376.4;456.3,367.9;451.3,307.7;519.4,308.6;538.0,345.7;497.8,368.9;416.6,379.2;392.9,387.2;430.2,358.8
240#526.9,630.7;549.1,565.0;503.1,493.3;450.7,498.6;428.5,561.0;443.1,631.9;478.0,496.5;459.5,381.2;458.4,372.4;452.6,312.6;519.9,313.8;540.1,350.8;499.6,373.5;419.4,384.7;400.4,395.5;437.3,368.9
241#537.7,635.7;555.1,566.1;508.5,497.7;455.5,502.7;432.4,557.0;454.2,625.0;483.3,500.9;461.8,385.9;460.4,376.8;453.9,317.6;520.4,318.9;542.2,355.9;501.4,378.2;422.2,390.2;408.0,403.9;444.4,379.1
242#548.5,640.6;561.1,567.1;513.8,502.2;460.2,506.8;436.4,553.0;465.3,618.1;488.6,505.3;464.2,390.7;462.5,381.2;455.2,322.5;521.0,324.1;544.2,361.0;503.3,382.9;425.1,395.7;415.5,412.3;451.5,389.2
243#559.3,645.5;567.1,568.2;519.1,506.7;465.0,510.9;440.3,549.0;476.4,611.2;493.9,509.7;466.5,395.5;464.6,385.7;456.5,327.4;521.5,329.3;546.3,366.1;505.1,387.5;427.9,401.2;423.0,420.6;458.6,399.4
244#570.1,650.5;573.2,569.2;524.5,511.1;469.8,515.0;444.2,544.9;487.5,604.3;499.2,514.1;468.8,400.3;466.7,390.1;457.7,332.3;522.0,334.4;548.4,371.2;506.9,392.2;430.7,406.6;430.6,429.0;465.7,409.6
245#580.9,655.4;579.2,570.3;529.8,515.6;474.6,519.1;448.1,540.9;498.6,597.4;504.5,518.5;471.1,405.1;468.8,394.5;459.0,337.2;522.5,339.6;550.5,376.3;508.7,396.9;433.5,412.1;438.1,437.4;472.8,419.7
246#591.7,660.4;585.2,571.3;535.2,520.0;479.4,523.2;452.1,536.9;509.7,590.5;509.8,522.9;473.4,409.8;470.8,399.0;460.3,342.2;523.1,344.7;552.5,381.4;510.5,401.5;436.3,417.6;445.7,445.7;479.9,429.9
247#602.5,665.3;591.2,572.4;540.5,524.5;484.2,527.3;456.0,532.9;520.8,583.6;515.1,527.3;475.7,414.6;472.9,403.4;461.6,347.1;523.6,349.9;554.6,386.5;512.3,406.2;439.1,423.1;453.2,454.1;487.0,440.0
248#611.1,676.1;591.7,584.9;542.0,526.9;489.5,538.0;459.1,535.2;517.1,590.5;517.1,529.7;478.4,421.9;472.9,408.1;459.1,355.6;525.4,358.3;555.8,399.8;514.3,410.8;439.7,430.2;453.5,463.3;486.7,444.0
249#615.3,683.3;596.0,593.4;544.7,529.2;496.5,542.1;461.2,535.6;525.4,599.9;519.0,532.4;477.2,423.2;477.2,413.6;458.0,355.8;499.7,448.9;528.6,452.1;515.8,413.6;441.9,432.9;451.5,474.6;470.8,452.1
250#619.1,687.6;597.9,597.0;546.6,530.6;498.3,545.7;468.1,548.7;528.5,609.1;522.5,533.6;480.2,424.9;477.2,415.9;463.6,357.0;507.4,452.1;534.5,461.2;516.4,415.9;443.9,437.0;447.0,482.3;471.1,458.1
251#616.9,686.4;602.3,593.3;552.9,532.2;503.5,543.9;465.7,561.3;532.5,625.3;529.6,535.2;480.2,430.5;477.3,421.7;470.0,359.2;515.1,459.5;544.2,468.3;518.0,418.8;439.5,442.1;445.3,488.6;465.7,468.3
252#615.3,680.2;615.3,585.7;550.3,529.5;505.9,541.4;458.6,567.9;538.4,635.9;529.6,538.4;482.3,432.0;482.3,420.2;474.9,362.6;514.8,461.6;541.4,461.6;520.7,420.2;440.9,443.8;443.9,500.0;464.6,473.4
253#617.1,676.7;619.9,582.7;551.5,531.4;505.9,542.8;466.0,577.0;543.0,645.3;528.7,539.9;486.0,434.5;486.0,423.1;481.7,367.5;520.2,465.8;545.8,471.5;523.0,423.1;446.1,445.9;440.4,502.9;463.2,474.4
254#620.1,670.1;628.7,576.0;551.7,536.1;506.1,544.6;469.0,578.8;543.1,655.8;528.9,538.9;491.8,436.3;491.8,422.0;490.4,366.4;523.2,464.8;548.8,473.3;531.7,427.7;449.0,444.8;434.8,501.8;457.6,473.3
255#620.8,654.5;635.3,567.2;550.9,532.3;504.4,546.8;478.2,587.5;542.2,666.1;527.6,538.1;495.6,436.2;495.6,421.7;497.1,364.9;521.8,465.3;559.6,479.9;536.4,427.5;454.9,442.0;425.8,497.3;452.0,468.2
256#622.3,643.2;643.2,559.5;550.4,535.5;502.6,544.5;481.6,595.4;544.5,676.2;526.5,541.5;502.6,433.8;502.6,421.8;507.1,360.5;532.5,484.7;559.4,481.7;541.5,427.8;460.7,439.8;415.8,487.6;454.7,463.7
257#627.5,631.5;649.2,547.9;550.1,532.5;500.6,544.8;488.2,600.6;543.9,687.2;525.4,535.6;503.7,433.4;506.8,421.0;511.4,360.6;525.4,473.6;562.5,479.8;543.9,427.2;463.4,436.5;407.7,476.7;444.9,467.5
258#627.4,621.2;655.0,535.6;554.0,532.5;501.9,547.8;489.7,609.0;544.8,694.7;526.4,535.6;505.0,431.5;508.0,419.3;518.8,362.6;535.6,474.3;563.1,477.4;547.8,428.4;462.1,431.5;400.9,465.2;431.5,449.9
259#624.4,603.6;658.5,523.1;553.1,529.3;503.6,541.7;497.4,619.1;543.8,702.7;528.4,535.5;509.8,427.0;509.8,417.7;520.6,363.5;546.9,470.4;577.9,470.4;546.9,427.0;466.4,427.0;398.3,445.6;435.4,433.2
260#621.3,592.7;652.6,511.2;549.2,526.9;505.4,542.6;502.2,627.1;543.0,708.6;527.3,533.2;508.5,426.6;514.8,417.3;525.7,365.6;555.5,454.8;593.1,467.4;555.5,426.6;464.6,423.5;398.9,432.9;436.4,429.8
261#620.0,577.4;649.0,496.8;562.0,529.0;507.1,538.7;513.6,632.2;542.6,712.8;532.9,535.5;516.8,425.8;516.8,412.9;534.6,369.4;587.8,448.4;610.3,461.3;565.2,429.0;468.4,416.1;400.7,416.1;429.8,403.2
262#581.9,712.5;641.0,489.2;558.9,525.3;509.7,538.5;519.5,640.2;535.9,719.0;532.6,535.2;519.5,423.5;522.8,413.7;537.6,366.1;595.0,440.0;621.3,449.8;568.8,426.8;473.5,410.4;407.9,400.6;427.6,387.4
263#591.8,554.3;633.0,478.9;561.0,526.9;506.1,540.6;523.3,636.6;530.1,722.3;533.6,533.8;523.3,417.2;526.7,413.8;545.6,353.8;650.1,434.4;622.7,444.6;574.7,420.6;475.3,406.9;420.5,386.4;442.7,353.8
264#580.1,541.5;598.9,511.4;553.7,526.4;512.3,537.7;519.8,639.4;527.4,726.0;534.9,534.0;527.4,409.7;527.4,409.7;546.2,353.2;644.1,405.9;636.6,436.1;572.5,421.0;478.4,405.9;429.4,372.1;448.3,323.1
265#576.3,548.3;595.0,511.0;561.4,525.9;513.0,540.9;516.7,634.1;531.6,723.6;535.3,529.7;531.6,414.1;531.6,414.1;546.5,350.7;643.4,414.1;639.7,432.7;576.3,421.5;483.1,402.9;438.4,358.2;451.4,326.5
266#607.8,690.1;604.2,512.1;564.2,526.7;513.4,541.2;513.4,628.4;538.8,719.2;542.4,537.6;531.6,414.0;531.6,414.0;546.1,352.3;626.0,395.9;647.8,428.6;578.8,421.3;488.0,403.1;451.6,355.9;435.3,328.7
267#620.4,705.9;599.5,514.2;561.1,528.1;515.8,542.1;508.9,625.8;540.2,716.4;540.2,535.1;533.3,416.6;533.3,416.6;547.2,353.8;634.4,406.1;648.3,434.0;578.6,423.6;487.9,406.1;453.1,353.8;437.4,341.6
268#636.7,700.3;566.4,623.0;559.4,535.2;513.7,542.2;499.6,623.0;545.3,707.3;538.3,538.7;538.3,419.2;538.3,415.7;548.8,359.5;527.7,447.3;573.4,457.9;580.4,426.2;492.6,412.2;439.9,366.5;434.6,333.1
269#646.0,686.6;603.9,528.7;561.8,535.7;516.2,546.2;502.1,619.9;547.8,693.6;537.2,535.7;537.2,419.8;540.8,416.3;551.3,360.2;533.7,451.4;572.3,454.9;582.9,426.9;491.6,412.8;439.0,381.2;440.7,330.3
270#651.7,675.2;603.3,536.9;565.3,533.5;516.9,547.3;496.2,609.5;544.6,678.6;541.1,543.8;541.1,426.3;541.1,419.4;554.9,364.1;544.6,453.9;572.2,467.8;586.0,433.2;496.2,419.4;444.3,391.7;437.4,346.8
271#650.3,658.4;599.1,543.3;570.4,533.7;519.2,543.3;493.6,604.1;544.8,664.8;544.8,536.9;541.6,431.4;544.8,421.8;551.2,367.5;535.2,457.0;576.8,463.4;586.4,437.8;496.8,425.0;455.3,405.9;439.3,357.9
272#571.9,600.5;601.3,544.5;568.9,547.5;515.9,550.4;489.4,588.7;545.4,647.6;545.4,550.4;542.4,435.6;542.4,423.8;554.2,370.8;551.3,459.1;574.8,470.9;583.7,444.4;498.2,426.7;448.2,409.1;436.4,364.9
273#579.8,592.5;599.3,550.8;565.9,548.0;518.7,556.4;493.7,584.2;540.9,631.4;543.7,548.0;540.9,437.0;543.7,428.6;554.8,373.1;549.3,461.9;574.3,475.8;582.6,448.1;499.3,428.6;449.3,414.7;438.2,370.3
274#577.0,622.3;601.6,556.8;566.1,540.4;519.7,543.1;492.4,559.5;538.8,622.3;544.3,540.4;544.3,442.2;547.0,431.3;555.2,374.0;547.0,469.5;579.7,483.1;585.2,453.1;500.6,428.5;451.5,420.4;437.9,376.7
275#567.4,636.5;599.5,559.0;564.7,534.9;522.0,537.6;492.6,553.6;530.0,607.1;543.4,537.6;546.0,441.3;548.7,430.6;556.7,377.2;551.4,478.8;580.8,489.5;588.8,452.0;500.6,430.6;449.8,419.9;436.4,385.2
276#569.3,639.0;598.1,565.8;574.5,539.6;514.4,542.2;493.5,547.5;503.9,623.3;540.5,542.2;551.0,442.9;551.0,432.4;558.8,377.5;653.0,495.2;642.5,484.7;592.8,453.3;503.9,429.8;441.2,421.9;435.9,390.6
277#566.8,648.2;598.0,580.6;569.4,538.9;512.1,536.3;493.9,538.9;506.9,632.6;538.1,538.9;548.5,442.6;551.1,429.6;565.4,373.6;652.7,499.8;644.9,492.0;590.2,453.0;504.3,429.6;454.8,429.6;439.2,395.7
278#568.2,657.6;586.7,596.9;568.2,533.7;515.5,531.0;531.3,586.4;507.6,639.1;541.9,533.7;549.8,436.1;549.8,428.2;566.9,376.8;563.0,480.9;589.3,494.1;589.3,446.6;505.0,425.6;439.0,425.6;439.0,404.5
279#568.5,661.8;582.0,597.0;568.5,534.9;514.4,526.8;546.9,597.0;541.5,594.3;538.8,529.5;549.6,432.2;552.3,424.1;575.2,376.9;568.5,480.9;592.8,489.0;587.4,440.3;506.3,424.1;452.3,432.2;428.0,440.3
280#568.1,665.9;584.3,595.7;573.5,536.2;522.1,522.7;516.7,525.4;541.1,598.4;551.9,533.5;551.9,428.1;554.6,420.0;574.8,380.8;649.2,522.7;635.7,492.9;592.4,438.9;511.3,420.0;457.3,433.5;432.9,420.0
281#568.7,673.2;580.1,607.7;574.4,530.8;528.9,525.1;531.7,607.7;503.3,661.8;551.7,528.0;557.4,425.5;560.2,414.1;581.6,375.6;642.8,528.0;631.4,488.1;594.4,434.0;517.5,414.1;446.3,431.1;434.9,416.9
282#568.7,678.5;577.8,609.1;568.7,527.5;520.4,518.5;535.5,612.1;508.3,663.4;544.6,521.5;562.7,418.8;565.7,409.8;576.3,359.9;653.3,518.5;641.2,479.2;601.9,427.9;517.4,403.7;447.9,427.9;441.9,415.8
283#570.0,675.3;576.3,603.5;570.0,525.4;523.2,516.1;529.4,556.7;545.0,634.7;545.0,519.2;560.7,410.0;563.8,400.6;580.9,352.2;654.3,522.3;641.8,475.5;601.2,422.4;520.1,397.5;454.5,428.7;448.3,425.6
284#574.8,676.9;574.8,599.5;568.3,518.9;519.9,512.5;536.1,560.8;545.7,635.0;542.5,515.7;561.9,406.0;568.3,389.9;586.0,346.4;648.9,528.6;639.2,477.0;607.0,415.7;516.7,393.1;481.2,457.6;426.4,480.2
285#575.1,675.4;575.1,594.6;565.0,513.8;517.8,507.0;541.4,574.4;548.2,641.7;541.4,510.4;565.0,399.3;568.4,382.4;593.6,340.4;655.9,534.0;635.7,480.1;608.8,412.8;517.8,385.8;443.8,416.1;433.7,483.5
286#574.7,674.5;574.7,591.4;567.8,508.3;519.3,504.8;547.0,570.6;550.5,653.8;543.6,504.8;560.9,390.6;567.8,376.7;590.3,330.0;633.6,511.8;626.7,459.8;602.5,401.0;515.9,376.7;446.6,397.5;436.2,494.5
287#575.3,677.0;575.3,587.8;568.5,508.9;520.4,505.5;544.4,581.0;547.9,649.6;544.4,505.5;561.6,388.8;568.5,364.8;590.8,328.7;626.8,508.9;623.4,457.4;606.2,392.2;517.0,375.1;451.8,388.8;448.4,392.2
288#572.5,672.5;579.7,585.9;568.9,495.8;522.0,495.8;540.0,575.1;547.2,658.1;547.2,495.8;561.6,380.4;568.9,362.4;588.7,320.9;622.9,503.0;619.3,452.5;608.5,387.6;518.4,366.0;449.9,376.8;482.3,369.6
289#569.3,672.4;583.8,581.9;572.9,487.8;529.5,484.2;536.7,578.3;544.0,661.5;547.6,487.8;565.7,372.0;569.3,361.1;582.0,294.2;620.0,498.7;616.3,440.7;609.1,379.2;522.2,361.1;449.9,364.7;478.8,357.5
290#574.2,670.4;585.1,579.7;574.2,481.8;530.7,481.8;534.3,583.3;541.6,666.7;552.4,481.8;563.3,365.7;566.9,354.8;583.3,295.0;614.1,485.4;614.1,434.6;606.8,376.6;519.8,354.8;454.5,351.2;487.2,336.7
291#571.8,663.8;587.6,576.8;579.7,477.8;528.2,477.8;532.2,576.8;536.2,667.8;555.9,477.8;563.8,363.1;563.8,355.2;579.7,287.9;607.4,477.8;615.3,430.4;611.3,371.0;520.3,351.2;457.0,335.4;500.5,299.8
292#570.6,667.2;590.1,573.6;578.4,479.9;531.5,476.0;531.5,577.5;527.6,671.1;555.0,479.9;566.7,358.9;566.7,351.1;570.6,284.8;605.7,476.0;621.3,433.1;613.5,370.6;519.8,351.1;476.9,323.8;508.1,280.9
293#572.4,664.5;594.4,572.0;581.2,470.8;532.8,470.8;528.4,576.4;524.0,668.9;559.2,470.8;563.6,360.7;563.6,351.9;563.6,281.5;594.4,457.6;620.8,431.2;607.6,369.5;524.0,356.3;484.4,312.3;515.2,263.9
294#574.0,659.7;594.0,571.7;582.0,463.7;534.0,463.7;526.0,571.7;514.0,667.7;558.0,467.7;562.0,359.7;566.0,355.7;566.0,287.7;598.0,459.7;622.0,431.7;606.0,367.7;526.0,351.7;502.0,303.7;512.0,265.7
295#577.5,660.8;596.9,571.4;581.4,466.4;534.7,466.4;523.1,571.4;507.5,664.7;558.1,466.4;561.9,361.4;565.8,357.5;561.9,287.5;593.1,439.1;616.4,427.5;604.7,365.3;523.1,353.6;511.4,295.3;561.9,415.8
296#584.4,661.0;599.4,571.0;584.4,469.7;539.4,469.7;524.4,574.7;501.8,664.8;561.9,469.7;565.6,360.9;565.6,357.1;558.1,289.6;595.6,413.4;621.9,428.4;606.9,368.4;528.1,353.4;516.9,297.1;558.1,402.1
