1#NULL
2#NULL
3#866.4,734.8;872.3,678.9;854.7,755.3;775.3,767.1;754.7,817.1;763.6,758.3;810.6,755.3;804.7,617.2;810.6,611.3;804.7,546.6;831.2,517.3;860.6,570.2;845.9,605.4;769.4,617.2;784.1,567.2;804.7,532.0
4#854.0,763.9;862.7,679.5;824.9,729.0;763.8,726.0;758.0,824.9;784.2,743.5;798.7,726.0;807.5,601.0;807.5,592.3;813.3,528.3;830.7,519.6;859.8,569.0;845.3,595.2;769.6,601.0;758.0,650.4;804.5,531.2
5#831.7,776.3;855.2,673.9;820.0,706.1;749.8,703.2;743.9,799.8;754.2,851.0;784.9,703.2;802.5,580.2;805.4,571.4;808.3,507.0;840.5,527.5;855.2,568.5;852.2,586.0;764.4,577.3;749.8,627.0;782.0,615.3
6#828.7,771.9;844.1,679.4;804.0,685.6;739.3,685.6;720.8,750.3;767.0,833.6;767.0,685.6;794.8,559.1;794.8,553.0;794.8,485.1;834.9,515.9;831.8,627.0;841.1,562.2;748.5,556.0;739.3,605.4;773.2,590.0
7#756.9,779.5;693.2,705.7;790.4,665.4;726.7,665.4;840.7,678.8;827.3,769.4;763.6,668.8;773.7,534.6;773.7,524.6;778.7,455.8;760.3,601.7;726.7,591.7;736.8,534.6;820.6,531.3;847.5,568.2;760.3,588.3
8#827.3,769.5;830.6,672.0;794.9,646.1;720.2,639.6;833.8,675.3;742.9,720.8;759.1,642.8;762.4,509.6;759.1,499.9;751.0,430.1;846.8,525.9;843.6,548.6;804.6,499.9;713.7,509.6;729.9,551.9;759.1,551.9
9#825.7,767.9;822.1,672.7;790.4,612.7;723.4,612.7;677.5,591.6;709.3,662.1;755.1,612.7;741.0,485.8;741.0,475.2;721.6,399.3;871.5,528.1;850.4,517.5;790.4,475.2;695.2,489.3;705.7,535.1;737.5,531.6
10#825.6,758.1;807.1,669.5;777.6,577.3;718.6,581.0;703.8,636.3;692.7,617.9;748.1,577.3;722.3,455.5;722.3,451.8;702.0,376.2;880.9,470.3;844.0,477.7;766.5,448.2;678.0,466.6;666.9,514.6;711.2,529.3
11#819.8,737.9;797.1,651.1;770.7,560.6;702.9,560.6;687.8,549.3;676.5,590.8;736.8,560.6;706.6,432.4;706.6,432.4;682.1,362.6;842.4,443.7;831.1,439.9;755.7,424.8;657.6,439.9;631.2,507.8;676.5,534.2
12#794.9,722.2;783.4,619.2;752.9,542.9;691.8,546.7;657.5,523.8;684.2,588.7;722.4,542.9;695.6,413.1;695.6,413.1;670.8,338.7;752.9,352.1;802.5,394.0;741.4,405.5;646.0,420.7;630.8,500.9;661.3,520.0
13#768.3,701.6;768.3,593.1;736.2,532.8;671.9,536.8;651.8,532.8;692.0,609.1;704.0,536.8;683.9,400.1;688.0,408.2;671.9,335.8;714.1,305.7;756.3,359.9;732.2,388.1;635.7,408.2;643.7,368.0;665.8,305.7
14#748.2,682.6;759.1,580.5;726.3,536.8;664.3,540.4;657.0,547.7;700.8,620.6;693.5,540.4;671.6,398.2;667.9,387.3;664.3,303.4;693.5,307.0;726.3,350.8;715.3,387.3;627.8,405.5;624.2,456.5;653.4,445.6
15#731.9,650.2;745.7,564.0;711.2,543.3;652.6,546.8;666.4,577.8;700.9,646.7;683.6,546.8;662.9,402.0;662.9,395.1;668.1,296.9;690.5,329.6;718.1,377.9;711.2,395.1;618.1,408.9;614.7,464.0;680.2,450.3
16#717.3,627.8;724.2,539.0;690.0,559.5;628.6,562.9;662.7,593.6;693.4,658.5;662.7,562.9;652.5,412.7;659.3,385.4;667.8,301.7;690.0,354.6;717.3,399.0;693.4,412.7;611.5,412.7;604.7,467.3;690.0,347.8
17#696.3,610.7;710.5,515.0;685.7,550.5;618.3,564.6;643.1,621.4;692.8,685.2;653.8,557.5;650.2,415.7;650.2,415.7;678.6,341.3;689.2,380.3;710.5,429.9;692.8,419.3;607.7,412.2;593.5,465.4;618.3,458.3
18#655.4,666.8;648.9,614.8;671.6,562.8;603.4,572.6;626.1,627.8;674.9,709.1;635.9,569.3;645.6,436.1;648.9,432.8;676.5,369.5;691.1,403.6;704.1,449.1;694.4,442.6;606.6,426.3;583.9,471.8;609.9,471.8
19#605.2,629.2;614.3,620.1;662.7,580.7;590.1,580.7;605.2,632.2;647.6,713.9;626.4,577.7;641.5,450.7;644.6,444.6;673.3,385.6;680.9,523.3;705.1,483.9;686.9,459.7;599.2,441.6;581.0,487.0;605.2,487.0
20#670.6,592.6;664.6,568.5;649.6,592.6;574.4,589.6;589.4,628.6;619.5,700.8;607.5,589.6;640.5,466.3;640.5,460.3;672.1,407.7;685.6,454.3;700.7,505.4;682.6,478.3;595.5,454.3;571.4,496.4;601.5,508.4
21#649.1,613.3;664.7,572.3;639.1,597.1;563.3,576.9;591.6,612.3;588.6,660.5;600.2,592.4;640.5,473.7;642.5,462.3;672.7,416.1;688.1,483.3;698.2,526.8;682.8,489.8;597.0,458.3;573.5,499.2;604.4,519.4
22#627.5,634.1;664.7,576.0;628.7,601.7;552.2,564.1;593.7,596.1;557.8,620.1;593.0,595.2;640.5,481.2;644.6,464.3;673.3,424.4;690.7,512.3;695.7,548.3;682.9,501.4;598.4,462.3;575.5,502.0;607.2,530.3
23#606.0,654.8;664.8,579.8;618.2,606.2;541.1,551.4;595.9,579.8;526.9,579.8;585.7,598.0;640.5,488.6;646.6,466.3;673.9,432.8;693.2,541.3;693.2,569.7;683.1,512.9;599.9,466.3;577.6,504.8;610.1,541.3
24#611.4,666.9;670.4,594.4;606.9,589.8;538.8,555.8;606.9,580.7;541.1,564.9;577.4,580.7;645.4,490.0;663.6,476.4;703.2,441.3;613.7,664.6;688.5,573.9;686.2,512.7;609.1,462.8;541.1,492.3;523.0,544.5
25#604.6,685.1;661.4,601.0;609.1,598.7;547.8,560.0;616.0,582.8;586.4,582.8;575.0,573.7;647.8,487.3;666.0,473.7;708.0,443.0;684.2,589.6;686.4,580.5;686.4,514.6;611.4,455.5;552.3,482.7;590.9,516.8
26#603.2,702.5;655.8,618.2;611.1,584.0;566.3,573.5;624.2,586.6;592.6,576.1;587.4,578.7;645.3,478.7;658.4,462.9;699.2,424.7;682.1,557.7;682.1,581.4;684.8,507.7;611.1,452.4;579.5,489.2;605.8,512.9
27#604.8,721.5;642.6,631.6;619.4,576.5;564.2,559.1;610.6,614.2;604.8,707.0;596.1,570.7;648.4,472.1;657.1,457.6;696.2,412.6;694.8,588.1;689.0,570.7;683.2,498.2;613.5,443.1;581.6,483.7;613.5,512.7
28#614.1,737.0;643.4,642.5;623.9,574.1;565.2,561.0;623.9,596.9;604.3,658.8;597.8,570.8;643.4,463.3;649.9,453.5;697.2,403.0;689.0,609.9;692.3,567.6;682.5,492.6;601.1,430.7;560.4,403.0;604.3,505.7
29#635.9,744.9;650.8,648.0;639.6,573.5;568.8,562.3;621.0,603.3;606.1,666.7;602.3,569.8;643.3,458.0;650.8,454.2;691.8,390.9;688.0,618.2;691.8,562.3;688.0,487.8;598.6,424.4;566.9,381.6;581.8,374.1
30#652.1,745.7;670.6,644.2;638.3,575.0;578.3,565.7;633.7,625.7;610.6,685.7;610.6,570.3;647.5,455.0;647.5,450.4;684.4,385.8;689.1,607.3;698.3,556.5;689.1,482.7;601.4,427.3;582.9,376.6;582.9,348.9
31#650.1,730.9;686.7,639.5;646.5,573.7;588.0,566.3;635.5,624.8;613.6,708.9;617.2,570.0;650.1,456.7;653.8,449.3;675.7,379.9;694.0,577.3;705.0,548.1;694.0,478.6;606.3,431.1;575.2,374.4;589.8,374.4
32#664.9,717.4;713.8,619.6;653.6,582.0;597.2,578.2;638.6,642.2;612.3,732.5;623.5,582.0;653.6,457.9;657.4,446.6;668.7,378.9;706.3,514.3;725.1,540.6;698.8,472.9;612.3,439.1;563.4,393.9;589.7,363.8
33#673.6,687.0;732.7,605.8;666.2,587.4;603.5,583.7;633.0,664.9;607.2,757.2;633.0,587.4;651.5,458.2;655.2,450.8;664.4,382.5;743.7,509.8;740.1,524.6;703.1,472.9;607.2,439.7;562.9,424.9;583.2,382.5
34#699.7,639.2;745.7,579.0;671.4,589.6;611.2,589.6;621.9,678.1;604.2,777.1;643.1,589.6;664.3,465.8;664.3,455.2;659.0,389.8;728.0,487.1;749.2,487.1;713.8,469.4;611.2,451.7;572.3,451.7;572.3,405.7
35#704.9,611.8;739.2,546.9;674.4,588.9;620.9,592.7;613.3,684.3;594.2,779.7;647.6,588.9;666.7,462.9;662.9,462.9;668.6,384.7;708.7,413.3;746.9,459.1;708.7,462.9;620.9,455.3;578.9,474.4;575.1,428.6
36#620.5,694.8;636.3,663.2;691.6,596.1;636.3,596.1;612.6,683.0;592.8,777.8;663.9,596.1;671.8,461.8;671.8,457.9;667.9,390.7;707.4,374.9;735.0,438.1;715.3,457.9;624.4,461.8;581.0,497.4;577.0,457.9
37#613.2,705.4;633.6,640.3;702.8,599.5;645.8,599.5;613.2,672.8;597.0,770.6;674.3,599.5;674.3,465.1;674.3,461.1;666.2,391.8;719.1,371.5;731.3,432.6;715.0,461.1;625.5,469.2;597.0,518.1;576.6,493.6
38#620.2,669.1;635.7,638.1;713.2,599.3;647.3,595.5;616.3,649.7;616.3,750.5;678.3,595.5;666.7,467.5;666.7,459.8;658.9,390.0;728.7,378.4;728.7,421.0;713.2,459.8;624.0,471.4;596.9,529.6;581.4,498.5
39#713.8,636.2;727.5,564.4;717.3,584.9;645.5,584.9;618.1,632.8;635.2,728.5;679.6,584.9;659.1,465.2;659.1,461.8;655.7,393.4;722.4,388.2;737.8,427.6;703.6,458.3;614.7,475.4;583.9,537.0;577.1,523.3
40#710.1,654.7;737.4,569.7;707.1,587.9;640.3,591.0;619.1,618.3;649.4,697.2;673.7,591.0;655.5,466.5;655.5,460.5;646.4,393.7;682.8,521.2;716.2,533.3;698.0,460.5;610.0,478.7;582.6,548.5;594.8,536.3
41#707.2,673.7;741.7,594.0;699.2,575.4;630.1,586.0;611.5,578.0;654.0,663.1;662.0,586.0;648.7,469.0;648.7,455.8;647.4,398.6;672.6,524.9;707.2,532.8;691.2,461.1;606.2,479.7;576.9,543.5;598.2,538.2
42#707.8,695.0;729.7,599.4;675.0,580.3;612.2,588.5;612.2,572.1;661.4,626.7;645.0,585.7;642.2,468.3;642.2,451.9;643.6,393.1;655.9,528.4;691.4,528.4;683.2,460.1;601.3,479.2;571.2,544.8;609.5,539.3
43#706.0,713.5;730.7,614.7;675.2,577.6;607.2,577.6;604.1,565.3;641.2,620.9;644.3,577.6;638.1,463.4;635.0,448.0;627.3,400.1;733.8,478.8;733.8,500.4;681.3,460.3;594.9,472.7;557.8,534.4;573.3,590.0
44#703.4,730.1;721.0,624.8;668.3,575.6;605.1,572.1;598.1,544.0;594.6,624.8;640.2,575.6;633.2,463.2;629.7,449.2;620.9,384.2;731.5,487.8;728.0,505.4;678.8,456.2;587.5,470.3;563.0,505.4;612.1,508.9
45#703.1,734.9;703.1,636.5;666.7,567.2;615.7,567.2;615.7,600.0;586.5,643.8;637.5,567.2;626.6,450.6;623.0,436.0;608.4,374.1;732.3,501.6;725.0,505.3;674.0,450.6;582.9,454.3;539.1,494.3;546.4,490.7
46#693.9,737.2;693.9,637.0;665.3,558.2;604.4,554.6;604.4,601.2;597.2,658.5;636.6,558.2;622.3,450.8;618.7,436.5;600.8,372.1;733.3,518.8;719.0,511.7;672.4,447.2;572.2,450.8;536.4,468.7;543.5,468.7
47#674.2,712.1;688.2,610.6;667.2,551.1;604.2,554.6;604.2,589.6;597.2,673.6;635.8,554.6;621.8,442.6;618.2,428.6;599.0,356.9;698.8,502.1;716.2,516.1;670.8,446.1;579.8,439.1;537.8,446.1;551.8,393.6
48#653.5,686.0;680.6,597.7;663.7,546.8;602.6,550.2;602.6,597.7;599.2,679.2;633.1,546.8;626.3,441.6;622.9,431.4;604.3,361.8;718.0,529.8;711.2,516.3;673.9,445.0;582.2,441.6;582.2,478.9;606.0,495.9
49#643.3,658.6;681.5,589.0;671.1,554.1;608.5,554.1;598.0,599.4;598.0,689.9;639.8,557.6;636.3,435.8;632.8,428.8;624.1,361.0;723.3,564.6;719.8,515.9;681.5,446.3;587.6,428.8;556.2,467.1;552.8,421.9
50#668.9,625.5;655.4,628.9;675.6,554.8;611.6,554.8;591.4,615.4;598.1,709.7;645.3,554.8;641.9,433.5;638.6,416.6;633.5,381.2;709.3,561.5;729.5,504.2;689.1,440.2;594.8,426.7;564.5,473.9;561.1,436.8
51#706.2,634.5;674.7,613.5;681.7,543.6;618.8,547.1;590.9,631.0;590.9,732.3;650.3,547.1;646.8,428.3;646.8,421.3;638.0,353.2;706.2,498.2;748.1,498.2;695.7,431.8;601.3,424.8;573.4,480.7;576.9,470.3
52#706.2,666.0;681.4,613.0;681.4,549.4;621.4,552.9;603.7,641.2;593.1,733.1;653.2,549.4;653.2,422.2;649.6,408.0;647.9,378.0;759.2,475.2;745.0,464.6;699.1,425.7;603.7,425.7;575.4,485.8;579.0,471.6
53#694.6,681.8;672.9,598.6;683.7,537.2;629.5,548.0;607.8,631.2;611.4,732.4;658.4,544.4;654.8,421.5;651.2,414.3;638.5,347.4;694.6,493.8;716.3,468.5;701.8,417.9;607.8,425.1;568.0,490.2;586.1,497.4
54#691.1,657.8;687.6,576.5;687.6,541.1;631.0,541.1;599.2,615.4;631.0,707.3;659.3,541.1;659.3,420.8;655.8,413.8;632.8,344.8;744.2,367.8;754.8,403.2;705.3,413.8;609.8,427.9;567.3,495.1;588.6,491.6
55#696.0,689.2;688.7,587.1;688.7,532.4;637.6,532.4;593.8,601.7;641.2,674.6;663.1,532.4;655.8,422.9;652.2,415.6;633.9,349.9;734.3,340.8;750.7,382.8;699.6,412.0;608.4,430.2;568.3,499.5;564.6,532.4
56#696.8,710.5;693.2,606.2;689.6,537.9;628.4,534.3;585.2,555.8;635.6,638.6;657.2,537.9;646.4,426.3;646.4,426.3;623.0,352.6;738.1,352.6;754.3,393.9;696.8,415.5;603.2,437.1;567.3,509.1;556.5,548.6
57#698.2,732.3;694.6,620.1;680.1,547.7;607.8,547.7;633.1,594.7;625.9,623.7;644.0,544.1;636.7,431.9;633.1,421.0;609.6,372.2;745.3,410.2;752.5,406.6;683.8,421.0;593.3,442.7;564.3,526.0;557.1,562.2
58#702.1,745.5;691.0,641.9;676.2,553.1;605.8,553.1;565.1,571.6;609.5,623.4;642.9,553.1;620.6,430.9;620.6,419.8;611.4,373.5;661.4,523.4;687.3,482.7;665.1,419.8;583.6,442.0;557.7,508.6;557.7,571.6
59#701.2,765.4;683.4,658.8;662.1,552.2;591.0,552.2;601.7,609.1;601.7,648.1;626.6,552.2;612.4,431.4;608.8,413.7;603.5,379.9;743.8,435.0;676.3,484.7;655.0,417.2;569.7,438.5;548.4,509.6;548.4,573.5
60#687.9,735.7;677.5,627.8;649.7,547.8;587.0,551.3;611.4,593.0;604.4,652.2;618.3,551.3;604.4,429.4;604.4,412.0;613.1,379.0;736.7,439.9;715.8,453.8;646.2,415.5;559.2,436.4;531.3,506.0;552.2,558.2
61#683.3,719.1;683.3,609.4;630.3,537.5;569.8,541.3;607.6,571.6;607.6,666.2;600.1,537.5;600.1,427.8;600.1,424.1;613.3,346.5;732.5,458.1;702.2,469.5;645.5,420.3;558.4,431.6;516.8,492.1;562.2,511.1
62#682.3,705.9;692.9,599.7;636.2,543.0;572.5,557.2;629.1,589.0;607.9,681.1;600.8,550.1;600.8,426.2;600.8,419.1;609.7,353.6;728.3,468.7;696.4,475.7;646.9,422.6;551.2,429.7;505.2,472.2;565.4,475.7
63#685.6,685.3;710.4,586.5;625.6,537.0;572.7,547.6;625.6,593.5;615.1,681.7;597.4,540.6;597.4,420.6;600.9,417.1;602.7,348.2;728.0,494.7;692.7,480.6;643.3,424.1;555.1,424.1;572.7,477.0;572.7,473.5
64#687.7,656.8;723.7,555.9;633.6,537.8;572.3,548.6;612.0,609.9;612.0,707.3;601.1,541.4;593.9,418.9;597.5,415.2;602.9,344.9;723.7,505.4;694.9,480.1;640.8,422.5;550.7,418.9;575.9,472.9;532.6,379.2
65#689.0,626.6;736.8,527.3;648.5,538.3;574.9,556.7;604.4,619.3;608.0,737.0;608.0,545.7;593.3,413.2;593.3,409.5;598.8,337.8;700.0,486.8;696.4,472.1;637.5,420.6;545.5,405.8;516.1,376.4;547.3,345.1
66#682.4,597.7;736.1,505.7;651.7,536.4;578.9,555.5;590.4,643.7;605.8,754.8;617.3,544.0;598.1,409.9;598.1,409.9;600.0,335.2;716.9,501.9;705.4,467.4;644.1,417.6;552.1,402.2;531.0,342.8;546.4,335.2
67#678.9,568.9;728.3,489.1;648.5,530.9;587.7,553.7;595.3,644.9;602.9,766.4;618.1,542.3;602.9,405.5;602.9,401.7;616.2,339.0;716.9,462.5;713.1,447.3;652.3,413.1;561.1,401.7;572.5,466.3;614.3,477.7
68#742.1,612.6;667.3,590.1;652.3,522.9;585.1,552.8;592.5,642.5;607.5,773.3;618.7,530.3;611.2,403.2;607.5,399.5;545.8,371.5;686.0,541.6;715.9,478.0;656.1,410.7;566.4,403.2;585.1,683.6;603.7,750.9
69#686.0,583.5;711.5,492.3;642.2,528.8;576.5,536.1;587.4,638.3;602.0,751.4;609.3,532.4;613.0,408.3;616.6,404.6;622.1,344.4;707.9,430.2;726.1,415.6;660.4,411.9;565.5,393.7;529.0,375.4;534.5,344.4
70#691.4,608.2;713.4,519.9;643.5,527.3;573.6,542.0;581.0,641.3;603.0,748.0;606.7,530.9;621.4,405.8;621.4,402.2;615.9,337.8;695.0,424.2;713.4,402.2;673.0,405.8;569.9,394.8;529.4,387.4;542.3,345.1
71#693.8,633.2;718.3,549.2;637.8,524.6;574.7,531.6;564.2,633.2;588.7,724.3;606.2,531.6;620.2,405.5;623.7,398.5;615.0,333.7;655.3,363.4;697.3,395.0;669.3,405.5;574.7,398.5;536.1,409.0;543.1,405.5
72#686.6,655.0;717.2,559.3;636.9,521.0;575.7,524.9;541.2,612.9;564.2,700.9;606.3,524.9;617.7,398.6;617.7,398.6;612.0,320.2;633.0,425.4;659.8,456.0;663.7,402.4;568.0,394.8;541.2,421.6;545.0,433.0
73#687.7,671.9;707.2,570.6;640.9,531.6;574.7,531.6;512.3,586.2;535.7,683.6;605.8,531.6;609.7,395.1;609.7,387.3;590.3,321.1;605.8,305.5;652.6,352.3;656.5,395.1;563.0,399.0;500.6,395.1;559.1,297.7
74#683.9,690.7;691.2,584.4;628.8,518.3;573.8,522.0;485.8,558.7;500.5,661.4;603.2,522.0;599.5,390.0;599.5,386.3;581.2,316.6;599.5,298.3;636.2,338.6;647.2,379.0;555.5,401.0;537.2,452.3;551.8,316.6
75#683.5,709.9;672.3,601.5;627.4,515.6;560.2,515.6;466.8,530.5;474.3,631.4;597.5,515.6;582.6,388.5;582.6,381.1;563.9,313.8;601.3,298.9;627.4,340.0;627.4,377.3;541.5,399.7;534.0,459.5;567.7,444.6
76#682.6,714.1;649.1,613.7;611.9,520.7;548.7,509.5;455.7,498.4;452.0,598.8;582.2,513.3;567.3,383.1;567.3,379.4;541.3,312.5;593.3,297.6;602.6,292.0;608.2,364.5;526.4,401.7;533.8,394.3;530.1,364.5
77#664.8,712.8;638.6,607.9;597.3,517.9;533.6,506.7;454.9,476.7;439.9,570.4;563.6,510.4;559.9,386.7;556.1,386.7;528.0,309.9;582.4,435.5;616.1,435.5;604.8,379.2;511.1,398.0;484.9,454.2;529.9,450.5
78#631.5,704.6;631.5,585.3;585.9,511.6;519.2,511.6;456.0,466.0;435.0,560.7;547.3,511.6;543.8,388.8;543.8,388.8;514.0,327.3;592.9,346.6;621.0,378.2;596.4,374.7;494.7,399.3;452.5,462.5;438.5,543.2
79#594.8,685.7;627.0,585.5;573.3,524.6;505.3,510.3;451.6,467.4;430.2,560.4;533.9,513.9;526.8,395.8;526.8,395.8;517.8,322.5;591.2,367.2;616.2,392.3;573.3,392.3;483.9,406.6;440.9,417.3;433.8,542.5
80#559.1,656.7;618.4,576.4;555.6,520.6;489.3,510.1;436.9,482.2;430.0,569.4;524.2,520.6;517.2,394.9;517.2,394.9;513.7,325.1;541.6,440.3;573.1,454.2;562.6,394.9;475.3,394.9;433.5,398.4;489.3,415.8
81#536.4,628.0;608.1,556.3;551.3,532.4;479.6,523.4;416.8,493.5;422.8,592.1;506.5,523.4;509.5,403.9;512.4,397.9;518.4,332.1;515.4,442.7;554.3,454.7;557.3,406.9;467.6,403.9;470.6,433.7;422.8,356.1
82#527.1,598.3;586.5,530.0;533.0,530.0;473.7,518.2;408.4,521.1;411.3,613.2;506.3,527.1;509.3,411.3;509.3,402.4;527.1,343.0;506.3,441.0;544.9,467.7;550.9,420.2;464.8,405.3;461.8,449.9;497.4,449.9
83#530.0,579.1;566.1,514.7;535.1,532.7;462.9,530.1;424.3,535.3;411.4,635.8;496.4,530.1;509.3,416.7;511.9,406.4;536.4,351.0;517.1,463.1;537.7,465.7;550.6,427.0;462.9,411.5;455.2,442.5;499.0,463.1
84#534.3,581.1;553.9,493.1;529.4,539.5;451.2,539.5;395.0,554.2;412.1,654.4;500.1,537.1;512.3,424.7;517.2,412.5;542.9,362.4;588.1,441.8;585.6,480.9;551.4,434.5;470.8,414.9;456.1,451.6;485.4,454.0
85#534.9,591.1;556.7,520.3;526.7,539.4;456.0,539.4;409.7,566.6;409.7,667.2;494.1,539.4;515.8,427.8;521.3,411.5;544.4,374.8;537.6,577.5;586.6,495.8;562.1,436.0;472.3,419.7;445.1,468.6;480.5,455.0
86#525.3,624.7;564.0,536.3;528.1,533.5;464.5,525.2;428.6,577.7;414.8,671.7;494.9,536.3;525.3,425.7;528.1,414.7;548.8,377.4;597.2,481.0;588.9,500.3;566.8,436.8;481.1,417.4;431.3,436.8;423.1,445.1
87#534.1,646.1;542.1,563.2;544.8,525.8;477.9,520.5;435.2,571.3;427.1,667.5;512.7,523.1;531.4,424.2;536.8,413.5;556.8,377.4;566.2,469.7;598.3,507.1;576.9,434.9;483.3,413.5;467.3,456.3;507.4,456.3
88#533.2,663.8;541.6,574.3;561.1,521.1;488.4,521.1;443.7,557.5;449.3,649.8;527.6,523.9;533.2,423.2;536.0,409.2;545.8,371.5;575.1,473.6;614.3,498.7;577.9,431.6;488.4,414.8;482.8,456.8;510.8,454.0
89#535.2,677.0;554.3,581.7;560.6,530.9;497.1,527.7;455.7,534.0;474.8,623.0;525.7,530.9;538.4,422.8;541.5,406.9;549.5,364.0;627.3,489.6;633.7,489.6;576.5,429.2;493.9,413.3;436.7,461.0;455.7,457.8
90#537.9,694.2;565.0,599.3;554.9,538.2;493.8,528.0;473.5,517.9;497.2,592.5;527.7,531.4;541.3,419.5;541.3,412.8;549.8,350.0;636.2,460.2;649.8,467.0;585.4,422.9;493.8,416.2;439.6,473.8;456.5,467.0
91#537.6,711.4;570.0,610.5;566.4,531.2;501.6,516.8;479.9,502.4;443.9,545.6;534.0,527.6;548.4,415.9;548.4,415.9;550.2,342.0;660.1,444.8;660.1,441.1;598.9,419.5;494.4,415.9;443.9,470.0;436.7,516.8
92#552.9,722.8;564.6,629.5;568.5,532.3;506.3,520.6;479.1,505.0;432.4,547.8;541.3,524.5;549.1,411.7;549.1,411.7;551.0,339.8;642.4,368.9;657.9,415.6;599.6,411.7;498.5,411.7;444.1,466.1;432.4,540.0
93#560.1,712.6;571.0,632.7;567.3,527.5;509.2,516.6;512.9,473.0;433.0,574.7;538.3,520.2;560.1,411.3;600.0,414.9;659.9,376.8;574.6,527.5;589.1,498.4;603.6,418.5;505.6,404.0;436.6,447.6;447.5,454.8
94#563.0,699.9;584.8,609.4;563.0,526.2;505.1,526.2;595.6,587.7;592.0,645.6;534.1,522.6;552.2,406.7;548.6,395.9;554.0,336.2;649.9,395.9;657.1,428.5;599.2,403.1;501.5,403.1;432.8,432.1;450.9,439.3
95#574.9,689.7;605.4,581.2;568.1,523.6;513.9,523.6;585.1,540.6;568.1,621.9;541.0,523.6;547.8,401.6;547.8,394.8;559.7,332.1;652.9,411.8;649.5,438.9;595.2,401.6;503.8,398.2;503.8,435.5;517.3,432.1
96#591.2,671.0;626.2,569.6;563.2,517.1;507.3,506.6;580.7,555.6;573.7,646.5;535.3,517.1;545.8,398.3;545.8,394.8;558.0,330.1;654.1,426.2;643.7,440.2;591.2,401.8;500.3,394.8;458.4,380.8;493.3,342.3
97#611.2,633.5;635.9,545.3;568.8,502.9;512.4,510.0;568.8,570.0;579.4,668.8;540.6,510.0;551.2,397.1;551.2,393.5;552.9,328.2;657.1,446.5;642.9,450.0;597.1,400.6;505.3,393.5;477.1,347.6;537.1,432.3
98#617.9,607.2;637.3,531.3;578.1,502.1;522.5,510.1;564.8,578.1;572.8,673.4;550.8,508.4;557.8,393.6;557.8,389.1;558.6,327.3;663.8,444.8;653.1,446.6;603.8,398.0;512.8,390.9;481.9,364.5;520.7,428.0
99#624.5,580.9;638.6,517.3;587.4,501.4;532.6,510.2;560.8,586.2;566.1,678.0;560.9,506.7;564.5,390.2;564.5,384.8;564.4,326.5;670.5,443.1;663.4,443.1;610.4,395.4;520.2,388.4;486.7,381.3;504.4,423.7
100#631.2,554.5;640.0,503.3;596.7,500.6;542.8,510.4;556.9,594.4;559.5,682.7;571.1,505.1;571.1,386.7;571.1,380.4;570.1,325.6;677.1,441.4;673.6,439.6;617.1,392.8;527.7,385.8;491.5,398.2;488.0,419.3
101#637.8,528.2;641.4,489.3;606.0,499.9;552.9,510.5;552.9,602.5;552.9,687.3;581.2,503.4;577.7,383.2;577.7,376.1;575.9,324.8;683.8,439.7;683.8,436.2;623.7,390.2;535.2,383.2;496.3,415.0;471.6,415.0
102#611.9,556.6;586.8,527.9;622.7,495.6;561.7,499.2;543.8,588.9;550.9,682.1;590.4,495.6;590.4,380.9;590.4,373.7;579.6,305.6;687.2,420.3;701.5,420.3;633.4,388.1;543.8,377.3;497.1,427.5;482.8,413.2
103#617.4,575.0;603.3,536.3;624.4,487.1;561.1,490.6;543.5,582.0;547.1,669.9;596.3,490.6;596.3,378.1;596.3,371.1;592.8,304.3;666.6,402.7;708.8,406.3;642.0,385.2;550.6,374.6;508.4,427.4;487.3,434.4
104#607.5,583.5;584.5,593.3;617.3,488.6;561.6,491.9;542.0,570.4;545.3,655.5;587.8,491.9;604.2,377.3;604.2,374.0;602.5,310.2;663.1,338.0;695.8,387.1;650.0,377.3;555.1,377.3;492.9,416.6;483.1,449.3
105#587.9,589.4;598.1,525.3;618.3,491.6;561.0,481.5;540.7,562.4;544.1,640.0;587.9,488.2;611.6,376.9;611.6,376.9;613.2,307.8;631.8,414.0;685.8,387.0;655.4,380.3;564.3,370.2;496.9,403.9;513.7,410.7
106#588.4,594.6;604.3,531.1;620.2,486.6;566.2,477.0;537.6,550.1;543.9,626.4;594.8,480.2;617.0,375.4;613.8,372.2;615.4,307.0;629.7,413.5;680.6,413.5;655.1,381.7;572.5,372.2;505.8,397.6;521.7,400.8
107#587.6,610.0;603.4,543.5;625.6,489.6;568.6,480.1;533.7,530.8;543.2,606.9;593.9,489.6;616.1,378.6;616.1,375.5;611.4,310.5;641.5,416.7;670.0,429.3;663.7,385.0;571.7,369.1;517.8,385.0;549.5,359.6
108#587.3,631.5;606.1,565.5;634.4,499.6;571.6,487.0;521.3,509.0;552.7,578.1;599.9,496.4;621.8,380.2;618.7,373.9;604.6,322.1;653.2,414.8;678.4,433.6;668.9,386.5;574.7,373.9;527.6,373.9;549.6,342.5
109#584.3,650.2;611.1,576.4;634.6,499.2;577.5,479.1;530.6,492.5;493.7,532.8;604.4,489.2;627.9,378.5;624.5,375.1;602.7,313.0;661.4,412.0;691.6,438.9;674.9,385.2;584.3,371.7;527.2,385.2;554.1,361.7
110#585.2,661.7;614.0,578.9;642.8,485.2;585.2,467.2;545.6,463.6;491.6,550.1;614.0,478.0;621.2,373.6;621.2,370.0;597.8,303.4;660.8,420.4;700.4,438.4;671.6,377.2;574.4,370.0;545.6,424.0;567.2,460.0
111#584.6,666.1;612.8,567.5;655.1,472.5;591.7,458.4;538.9,440.8;581.1,528.8;623.4,468.9;619.8,373.9;616.3,366.8;589.9,301.7;658.6,426.7;707.9,426.7;669.1,370.3;574.1,373.9;545.9,423.2;567.0,461.9
112#575.8,658.3;624.1,558.5;661.9,472.4;603.4,451.7;548.3,455.2;579.3,530.9;634.4,462.1;617.2,362.2;613.7,355.3;577.6,295.1;672.3,424.2;713.6,410.4;661.9,362.2;575.8,358.8;558.6,413.9;572.4,524.1
113#575.4,636.1;616.7,546.5;678.7,460.4;620.2,439.7;551.3,470.7;582.3,560.3;651.2,453.5;620.2,353.6;613.3,346.7;580.5,283.0;675.3,419.0;716.6,398.4;661.5,353.6;578.8,350.1;561.6,415.6;575.4,408.7
114#589.5,617.0;630.9,534.3;682.6,448.0;620.5,437.7;558.4,482.5;582.6,568.7;648.1,441.1;624.0,344.6;620.5,341.1;591.2,280.7;679.2,403.2;727.4,382.5;665.4,344.6;579.1,344.6;561.9,410.1;579.1,410.1
115#614.4,592.9;643.0,535.7;677.9,446.9;617.6,440.5;563.6,497.7;582.7,583.4;649.3,446.9;627.1,335.8;623.9,323.1;603.3,280.2;687.4,370.7;738.2,361.2;671.5,332.6;582.7,339.0;557.3,396.1;573.2,405.6
116#627.6,590.3;676.4,534.9;676.4,434.1;621.1,427.6;569.0,508.9;585.3,600.0;647.1,430.8;637.4,323.4;634.1,313.7;619.5,256.7;735.0,333.2;748.0,333.2;682.9,323.4;591.8,326.7;552.8,382.0;565.8,391.8
117#658.0,578.1;703.1,529.6;675.4,432.6;623.4,429.2;588.8,519.2;581.9,616.2;647.7,432.6;647.7,314.9;647.7,311.4;639.0,243.9;710.0,256.0;751.5,301.0;696.1,311.4;602.6,318.3;554.2,363.4;578.4,356.4
118#680.7,574.2;724.3,519.7;680.7,421.8;629.9,425.4;608.2,527.0;579.1,614.1;655.3,421.8;662.6,309.3;659.0,305.6;648.1,240.3;726.1,234.9;738.8,276.6;706.1,302.0;619.0,312.9;571.9,338.3;619.0,334.7
119#711.3,572.5;742.5,510.0;700.9,419.7;645.3,426.7;607.1,516.9;593.3,603.7;669.6,426.7;662.7,301.7;662.7,305.2;660.9,237.5;730.4,237.5;746.0,263.6;707.8,298.3;624.5,308.7;607.1,329.5;641.9,329.5
120#742.7,569.5;763.5,507.0;708.0,420.2;652.4,427.2;603.9,507.0;617.7,597.2;680.2,427.2;669.8,305.7;669.8,305.7;661.1,241.5;746.1,260.6;756.6,288.3;721.9,309.2;628.1,309.2;638.6,340.4;680.2,336.9
121#773.4,571.9;783.3,492.5;710.5,419.7;654.3,426.3;607.9,499.1;647.6,571.9;684.0,423.0;680.7,313.8;680.7,313.8;662.5,249.3;746.9,274.1;763.4,307.2;723.7,303.9;637.7,310.5;647.6,343.6;674.1,340.3
122#803.2,567.1;800.1,480.4;713.4,421.6;657.6,421.6;620.4,486.6;676.2,542.4;688.6,424.7;685.5,316.2;685.5,316.2;668.4,252.7;747.4,288.4;766.0,322.4;725.7,313.1;648.3,319.3;645.2,350.3;676.2,337.9
123#839.2,552.3;811.2,468.3;732.8,423.5;668.4,434.7;626.4,471.1;699.2,521.5;699.2,431.9;685.2,322.7;685.2,317.1;672.6,265.3;744.0,305.9;772.0,336.7;727.2,317.1;646.0,333.9;651.6,378.7;688.0,347.9
124#866.1,550.5;824.8,470.6;744.8,426.5;681.5,437.5;651.1,454.1;720.0,509.2;711.8,434.8;687.0,327.3;684.2,316.3;666.3,270.8;744.8,324.5;775.2,349.3;731.1,310.7;645.6,338.3;651.1,390.7;681.5,365.9
125#875.7,549.1;836.1,469.9;756.9,427.5;694.7,438.8;635.3,467.1;731.5,518.0;723.0,436.0;686.2,334.2;683.4,322.9;673.5,267.7;737.1,348.3;776.7,359.6;728.6,322.9;643.8,345.5;652.3,404.9;689.1,370.9
126#887.8,544.2;844.1,465.6;759.7,419.1;704.4,436.5;663.7,486.0;742.3,550.0;727.7,424.9;689.9,334.7;687.0,325.9;673.9,272.1;739.4,360.9;780.1,369.6;733.5,323.0;649.1,346.3;649.1,413.2;684.1,381.2
127#884.2,534.3;851.3,447.5;761.5,423.6;701.7,441.5;698.7,510.4;755.5,579.2;734.6,429.6;695.7,336.8;695.7,330.8;688.2,272.5;737.6,372.7;779.5,378.7;737.6,324.8;650.8,348.8;638.8,411.6;680.7,387.7
128#878.7,516.8;861.2,435.3;771.0,426.6;712.8,447.0;721.5,525.5;759.4,598.3;739.0,435.3;704.1,342.2;704.1,324.7;702.6,297.1;741.9,380.0;779.7,385.9;750.6,336.4;660.4,348.0;622.6,397.5;669.2,397.5
129#863.7,497.9;863.7,417.0;773.0,430.0;714.8,452.6;731.0,540.0;756.9,617.7;743.9,439.7;711.5,345.8;711.5,332.9;713.2,282.7;802.2,439.7;789.2,391.1;753.6,339.4;666.2,349.1;608.0,381.4;653.3,378.2
130#837.1,484.5;860.3,401.8;767.6,434.9;717.9,461.4;734.5,550.7;754.3,630.2;744.4,451.4;714.6,342.2;714.6,338.9;729.5,287.5;780.8,372.0;810.6,378.6;757.7,342.2;668.3,348.8;608.7,362.0;651.7,352.1
131#807.9,468.4;850.7,396.0;781.5,442.1;722.3,465.1;738.7,554.0;748.6,636.4;748.6,448.7;722.3,343.3;725.5,340.0;737.1,295.5;867.1,349.9;830.9,366.3;765.1,343.3;682.7,346.6;633.3,340.0;659.7,333.4
132#794.3,474.7;833.7,405.8;771.4,441.9;725.4,468.2;732.0,550.3;738.5,635.6;748.4,448.5;732.0,346.7;735.2,350.0;746.7,299.1;863.3,363.1;850.2,356.5;777.9,353.3;686.0,340.1;646.6,317.1;738.5,638.9
133#787.5,492.8;830.3,420.3;774.4,453.2;718.4,466.4;721.7,555.3;744.7,634.4;748.0,459.8;738.1,364.3;738.1,364.3;756.2,300.1;866.6,367.6;843.5,370.9;784.2,364.3;695.3,361.0;698.6,394.0;718.4,413.7
134#780.3,523.9;824.7,455.8;771.4,461.7;712.2,464.7;709.3,553.5;747.8,621.6;738.9,464.7;741.8,369.9;741.8,369.9;767.0,315.2;869.2,396.6;851.4,396.6;783.3,375.9;697.4,364.0;664.8,328.5;678.2,315.2
135#776.0,550.8;826.4,481.2;768.8,457.2;708.8,457.2;694.4,553.2;744.8,601.1;737.6,457.2;749.6,382.9;752.0,375.7;770.0,328.9;867.1,421.3;852.7,421.3;790.4,390.1;704.0,373.3;660.9,358.9;663.3,342.1
136#775.8,574.6;821.6,500.9;768.2,472.9;709.7,472.9;689.4,536.5;727.5,574.6;737.7,472.9;750.4,394.1;752.9,391.5;773.3,340.7;864.8,447.5;852.1,444.9;791.1,399.2;704.6,386.5;658.8,373.7;658.8,361.0
137#775.8,600.6;816.7,523.6;768.6,487.4;708.4,482.6;689.1,518.7;732.4,566.9;734.9,485.0;756.5,408.0;756.5,403.1;781.8,356.2;857.7,453.7;850.5,463.4;792.7,415.2;713.2,400.7;657.8,395.9;665.0,383.9
138#780.2,622.2;808.8,543.5;763.5,495.7;699.0,493.3;744.4,553.0;725.3,610.3;734.8,493.3;758.7,419.3;761.1,409.8;788.5,377.6;859.0,476.6;849.4,476.6;794.5,426.5;718.1,409.8;708.6,455.1;765.9,486.2
139#779.0,644.0;800.6,557.6;754.8,492.8;703.5,490.1;733.2,514.4;749.4,576.5;725.1,490.1;760.2,419.9;762.9,417.2;796.6,375.4;857.3,500.9;841.1,479.3;795.2,428.0;725.1,406.4;703.5,446.9;654.9,455.0
140#784.7,657.3;795.4,561.2;768.7,507.8;701.9,494.4;744.6,539.8;755.3,601.2;731.3,497.1;766.0,414.3;771.3,411.7;812.7,375.6;854.1,505.1;840.8,483.8;798.0,425.0;728.6,403.7;696.6,441.0;651.2,470.4
141#794.3,657.6;788.3,577.2;764.5,493.8;704.9,490.8;749.6,553.3;758.5,612.9;731.7,493.8;770.4,401.4;773.4,401.4;830.0,368.7;847.9,505.7;838.9,469.9;800.2,413.4;731.7,392.5;696.0,440.2;755.5,461.0
142#797.4,651.2;779.0,571.6;757.6,492.1;699.4,492.1;748.4,556.3;757.6,629.8;730.0,492.1;769.8,397.2;779.0,388.0;826.5,343.6;840.2,510.4;837.2,458.4;809.6,409.4;723.9,381.9;671.9,403.3;684.1,400.3
143#793.2,643.8;779.9,554.1;760.0,471.1;703.5,467.8;740.1,547.5;750.0,633.8;730.1,471.1;769.9,378.1;773.3,371.5;814.8,330.0;833.0,504.3;836.3,447.9;809.8,388.1;726.8,368.2;680.3,381.5;673.7,381.5
144#783.6,623.8;786.9,530.8;760.3,457.7;707.1,457.7;730.4,547.4;747.0,633.8;733.7,457.7;770.3,368.0;773.6,358.0;805.2,299.9;830.1,487.6;826.8,437.8;813.5,374.6;727.1,354.7;673.9,358.0;747.0,447.7
145#785.7,609.6;789.4,521.9;771.1,441.4;712.6,437.8;727.2,540.2;738.2,627.9;741.9,441.4;767.5,350.0;767.5,350.0;802.2,282.4;826.0,470.7;826.0,419.5;811.3,361.0;723.6,346.4;719.9,397.6;741.9,452.4
146#789.5,591.8;793.0,505.9;768.9,413.1;720.8,413.1;724.2,526.5;724.2,615.9;744.8,413.1;762.0,340.9;762.0,337.4;777.5,270.4;823.9,444.0;817.0,392.4;799.8,340.9;724.2,340.9;720.8,395.9;738.0,440.6
