1#535.1,646.1;557.2,573.2;652.3,592.2;627.0,601.7;633.3,687.3;668.2,766.6;636.5,601.7;595.3,513.0;601.6,513.0;585.8,446.4;536.6,419.5;563.6,440.1;620.6,506.6;573.1,506.6;509.7,465.4;466.9,425.8
2#537.9,643.7;557.2,569.9;650.3,592.4;624.6,605.2;627.8,685.5;663.1,765.8;637.5,598.8;595.7,505.7;598.9,508.9;586.1,444.7;518.7,438.2;563.6,435.0;621.4,505.7;563.6,499.2;505.8,470.4;464.1,428.6
3#541.2,639.7;550.4,569.2;645.5,593.7;617.9,599.8;605.6,682.6;654.7,756.2;630.1,599.8;596.4,495.6;599.5,498.6;587.2,437.3;513.6,437.3;596.4,501.7;624.0,492.5;565.7,492.5;501.3,471.0;467.6,428.1
4#538.2,636.0;544.3,565.3;636.5,589.9;608.9,602.1;578.1,672.9;630.4,740.5;621.2,599.1;596.6,488.4;596.6,488.4;593.5,430.0;525.9,414.6;596.6,494.5;621.2,488.4;565.8,485.3;507.4,470.0;467.5,426.9
5#539.8,636.1;539.8,563.9;620.3,588.9;592.6,597.2;531.5,561.2;603.7,708.2;600.9,594.5;592.6,480.7;592.6,477.9;595.3,419.6;512.1,433.5;553.7,477.9;620.3,477.9;567.6,480.7;503.8,466.8;464.9,425.2
6#531.9,622.4;515.8,558.0;604.4,590.2;577.6,592.9;499.7,625.1;574.9,678.8;591.0,590.2;588.3,472.0;588.3,469.3;591.0,410.3;507.7,464.0;550.7,472.0;615.2,472.0;558.8,466.7;497.0,464.0;464.8,423.7
7#524.2,616.4;497.1,559.5;586.5,570.3;562.2,559.5;475.5,586.6;543.2,648.9;575.7,567.6;578.4,459.3;578.4,456.6;575.7,397.0;508.0,464.7;554.0,456.6;602.8,456.6;551.3,459.3;489.0,459.3;464.6,424.1
8#521.0,620.7;475.9,543.8;566.1,543.8;539.5,538.5;449.4,551.8;515.7,620.7;550.2,549.1;555.5,445.7;555.5,437.7;552.8,382.0;470.6,424.5;481.2,456.3;579.3,435.1;531.6,445.7;481.2,461.6;465.3,421.8
9#519.8,622.2;478.4,547.5;546.1,528.7;513.3,522.4;427.9,519.0;478.7,588.4;527.0,529.4;530.6,430.4;529.6,425.1;524.5,367.8;494.6,408.8;507.3,436.6;557.7,423.4;503.4,431.4;461.3,457.9;450.7,439.9
10#518.5,623.7;481.0,551.1;526.0,513.6;487.2,506.2;406.4,486.2;441.6,556.2;503.9,509.8;505.6,415.2;503.8,412.5;496.3,353.6;518.6,393.1;533.4,416.8;536.1,411.6;475.1,417.0;441.4,454.3;436.1,457.9
11#517.3,625.2;483.5,554.8;506.0,498.5;461.0,490.1;384.9,453.4;404.6,523.9;480.7,490.1;480.7,399.9;477.9,399.9;468.0,339.4;542.6,377.4;559.5,397.1;514.5,399.9;446.9,402.7;421.5,450.6;421.5,476.0
12#520.4,627.5;497.2,552.3;482.8,491.6;439.4,483.0;413.4,462.7;381.6,506.1;462.6,483.0;468.3,390.5;459.7,390.5;452.4,331.2;491.5,439.6;520.4,393.3;497.2,393.3;491.5,393.3;370.1,439.6;384.5,485.8
13#513.8,621.8;497.9,555.0;472.4,481.8;424.7,475.4;351.5,430.8;370.6,504.0;450.1,481.8;440.6,386.2;443.8,386.2;415.1,322.6;466.1,341.7;497.9,335.3;469.2,376.7;415.1,389.4;408.8,395.8;370.6,383.1
14#501.1,621.5;480.6,539.7;460.2,478.3;412.5,471.5;344.3,447.7;371.6,515.8;432.9,471.5;419.3,376.1;419.3,379.5;409.1,314.7;415.9,287.5;463.6,311.3;450.0,365.9;388.6,386.3;330.7,369.3;327.3,307.9
15#478.1,615.2;464.4,536.5;447.3,478.3;402.7,478.3;337.7,464.6;371.9,536.5;423.3,478.3;399.3,379.0;399.3,385.8;389.0,313.9;395.9,272.8;426.7,313.9;426.7,375.6;368.5,385.8;306.9,358.4;303.5,303.7
16#455.3,605.2;442.7,526.3;426.9,482.2;376.4,482.2;329.1,485.3;373.3,548.4;401.7,482.2;382.7,384.4;382.7,387.6;370.1,321.3;379.6,359.2;392.2,384.4;414.3,384.4;351.2,384.4;294.4,362.3;300.7,318.2
17#428.6,593.6;413.8,522.6;405.0,484.2;360.6,484.2;316.3,501.9;366.5,561.1;381.3,484.2;360.6,380.7;360.6,386.6;354.7,324.5;369.5,401.4;390.2,401.4;390.2,380.7;334.0,386.6;289.6,380.7;301.5,342.3
18#394.1,583.0;391.8,521.3;380.4,493.8;334.7,493.8;300.4,512.1;348.4,571.5;357.6,493.8;343.9,395.6;343.9,388.7;340.4,341.9;346.1,365.9;382.7,425.3;373.6,388.7;316.4,395.6;293.6,388.7;305.0,359.0
19#357.6,569.1;313.4,539.6;355.5,506.0;313.4,503.9;279.8,516.5;317.6,575.4;336.6,506.0;326.1,407.2;323.9,398.8;320.8,353.6;359.7,480.8;363.9,432.4;357.6,400.9;294.5,407.2;294.5,432.4;305.0,390.4
20#339.6,553.7;345.7,500.8;327.4,515.1;282.6,515.1;254.1,502.9;282.6,574.1;302.9,515.1;307.0,419.4;309.1,413.3;314.1,363.5;347.7,370.6;345.7,445.9;339.6,419.4;278.5,415.3;264.3,462.2;298.9,435.7
21#328.2,555.4;345.8,494.8;302.8,528.0;259.8,528.0;234.4,498.7;242.2,569.1;289.1,535.9;289.1,426.5;289.1,422.6;298.9,379.6;347.7,389.4;347.7,416.7;318.4,430.4;261.8,424.5;269.6,451.9;285.2,436.2
22#318.8,576.3;330.5,515.7;277.7,521.6;236.7,513.8;203.5,476.7;209.4,537.2;258.2,519.6;266.0,431.8;266.0,429.8;278.7,383.9;336.3,453.2;305.1,466.9;293.4,435.7;238.7,429.8;227.0,468.9;271.9,453.2
23#316.7,591.0;304.9,530.4;265.9,516.7;221.0,514.8;183.9,477.7;191.7,534.3;242.4,514.8;248.3,432.8;248.3,432.8;253.2,384.9;332.3,419.1;324.5,440.6;283.5,432.8;219.0,430.8;205.3,471.8;228.8,462.1
24#306.6,590.6;288.7,529.1;247.1,515.2;197.5,511.2;181.6,495.3;191.5,550.9;221.3,513.2;233.2,433.8;233.2,431.8;236.2,385.2;326.4,427.9;310.6,447.7;264.9,433.8;201.4,431.8;197.5,463.6;217.3,463.6
25#287.9,585.1;280.1,518.7;243.0,514.8;194.2,514.8;172.7,507.0;188.3,569.5;215.7,514.8;221.5,434.7;223.5,432.8;229.4,387.8;319.2,436.7;297.7,454.2;254.7,436.7;188.3,434.7;170.8,499.2;196.1,407.4
26#262.4,568.1;270.6,506.8;231.7,510.9;184.7,512.9;174.5,515.0;188.8,580.4;209.2,515.0;215.3,439.3;217.4,435.2;217.4,388.2;313.5,445.4;286.9,457.7;246.0,439.3;184.7,435.2;156.0,408.6;182.6,384.1
27#246.2,552.8;262.9,488.6;232.2,516.5;190.4,519.3;173.7,522.1;187.6,589.0;212.7,522.1;209.9,435.6;212.7,441.2;212.7,385.4;304.8,477.4;274.1,471.9;243.4,441.2;179.2,430.0;151.4,396.6;156.9,357.5
28#240.1,524.4;253.6,475.6;234.6,513.6;188.6,516.3;177.7,535.3;183.1,597.6;210.2,513.6;213.0,435.0;215.7,435.0;218.4,383.4;310.6,462.1;283.4,467.5;248.2,437.7;180.4,426.8;153.3,386.2;145.2,353.6
29#302.6,499.6;259.7,488.9;235.7,507.6;192.8,507.6;182.1,547.7;184.8,606.6;214.3,507.6;225.0,430.0;225.0,430.0;235.7,379.2;313.3,472.8;281.2,467.5;257.1,438.0;192.8,419.3;158.1,392.5;144.7,360.4
30#301.8,495.9;262.6,480.2;249.5,506.4;202.5,506.4;194.6,548.2;181.5,608.4;226.0,506.4;233.8,427.9;233.8,427.9;257.4,380.9;312.3,482.9;286.2,472.4;265.2,435.8;199.8,420.1;163.2,401.8;147.5,373.0
31#295.7,523.5;269.5,479.0;256.4,499.9;211.9,499.9;196.2,549.7;185.7,610.0;235.5,499.9;248.5,426.6;248.5,424.0;272.1,376.8;319.3,494.7;295.7,476.4;277.4,437.1;214.5,413.5;172.6,408.3;149.0,384.7
32#294.8,535.4;244.3,535.4;264.5,502.6;221.6,500.0;203.9,540.4;193.8,606.1;244.3,502.6;256.9,424.3;259.5,424.3;282.2,373.8;320.1,505.1;310.0,479.8;287.2,436.9;224.1,411.6;183.7,416.7;150.9,401.5
33#285.0,543.2;302.5,490.9;272.6,498.4;232.8,495.9;212.9,538.2;205.4,600.4;252.7,498.4;267.6,423.8;267.6,421.3;285.0,371.5;307.4,458.6;324.8,486.0;297.5,433.7;232.8,411.3;185.5,421.3;155.6,408.8
34#274.2,558.1;317.7,503.1;281.1,496.3;237.6,496.3;221.5,535.2;219.3,594.7;258.2,496.3;271.9,423.0;271.9,418.5;292.5,370.4;317.7,480.3;333.7,473.4;303.9,432.2;237.6,413.9;196.4,423.0;155.2,416.2
35#273.9,570.8;303.5,518.4;283.0,498.0;244.3,495.7;226.1,529.8;230.7,589.0;262.5,498.0;278.4,422.9;278.4,420.6;295.5,369.4;326.2,461.6;355.8,452.5;312.6,429.7;244.3,413.8;203.4,422.9;166.9,418.3
36#272.0,588.9;299.6,529.1;285.8,503.8;242.2,501.5;226.1,524.5;242.2,588.9;265.1,503.8;285.8,423.3;283.5,421.0;290.4,370.5;359.4,427.9;368.6,441.7;315.7,425.6;249.1,416.4;212.3,423.3;182.4,423.3
37#274.5,606.8;304.7,544.2;298.2,509.7;255.1,501.0;222.7,520.4;244.3,580.9;274.5,507.5;285.3,425.5;285.3,423.3;286.4,374.8;326.3,419.0;371.6,425.5;315.5,429.8;252.9,423.3;199.0,427.6;209.8,412.5
38#277.3,622.8;303.1,558.3;300.5,517.1;261.8,506.8;220.6,517.1;251.5,573.8;282.4,514.5;287.6,426.9;287.6,426.9;277.3,375.3;346.9,385.6;364.9,414.0;318.5,424.3;254.1,424.3;207.7,421.7;241.2,393.3
39#289.7,637.5;302.9,568.5;308.2,518.1;273.8,512.8;220.7,512.8;263.2,560.6;295.0,515.5;287.0,430.6;289.7,433.3;268.5,380.2;354.7,370.9;363.9,404.1;316.2,425.3;260.5,433.3;220.7,420.0;249.9,393.5
40#300.0,650.2;316.6,573.9;319.9,520.8;276.7,514.1;227.0,507.5;280.1,563.9;296.7,517.5;286.7,434.5;290.0,437.8;266.8,384.7;353.1,351.5;349.8,398.0;316.6,424.5;256.8,434.5;233.6,437.8;253.5,414.6
41#305.4,639.4;325.6,575.4;322.3,521.5;281.8,521.5;238.1,511.4;291.9,561.9;302.1,521.5;291.9,440.7;295.3,444.1;271.7,393.6;349.2,349.8;345.8,393.6;318.9,430.6;265.0,450.8;248.2,467.7;248.2,444.1
42#314.2,620.4;333.7,567.6;324.8,527.2;283.8,528.2;252.7,523.2;294.0,573.4;303.3,528.2;293.0,447.4;294.7,449.2;279.8,401.1;349.1,374.6;343.8,402.2;319.9,440.4;265.1,455.6;253.5,482.7;250.4,463.7
43#323.1,601.3;341.8,559.9;327.3,533.0;285.8,535.0;267.2,535.0;296.2,584.8;304.5,535.0;294.1,454.2;294.1,454.2;287.9,408.6;349.0,399.3;341.8,410.7;321.0,450.1;265.1,460.4;258.9,497.7;252.7,483.2
44#328.2,584.8;347.7,543.7;326.2,541.8;289.1,547.6;273.5,543.7;308.6,612.1;306.7,543.7;296.9,467.6;295.0,461.7;295.0,416.8;344.8,411.9;330.1,506.6;328.2,465.6;269.6,469.5;255.9,510.5;261.8,504.7
45#341.2,587.0;320.6,587.0;326.8,545.8;289.7,547.9;281.5,578.8;306.2,626.1;308.3,547.9;302.1,475.8;300.0,469.7;304.1,424.4;333.0,523.2;335.0,506.7;326.8,473.8;271.2,475.8;256.8,515.0;248.6,506.7
46#338.7,592.9;330.1,569.2;327.9,554.2;291.3,558.5;284.8,588.6;302.1,631.7;310.7,554.2;304.2,483.1;304.2,476.6;308.5,429.2;344.1,426.0;351.6,459.4;334.4,483.1;274.1,483.1;254.7,521.8;241.8,534.8
47#346.9,603.9;339.0,557.0;327.3,557.0;288.3,559.0;286.3,588.3;300.0,633.2;309.7,557.0;307.8,482.8;307.8,473.0;314.6,433.0;345.9,436.9;348.8,467.2;339.0,482.8;274.6,484.8;253.1,523.8;253.1,543.4
48#340.1,629.3;347.9,568.7;326.4,559.0;289.3,559.0;312.7,584.4;297.1,613.7;306.9,559.0;306.9,482.8;308.8,473.0;313.7,433.0;328.4,502.3;349.9,508.2;338.1,482.8;277.6,482.8;250.2,521.9;273.7,529.7
49#339.7,640.8;348.1,584.1;327.1,558.9;291.3,558.9;295.5,611.4;297.6,600.9;308.2,558.9;310.3,483.2;310.3,476.9;317.6,429.6;327.1,506.3;354.4,516.9;346.0,481.1;278.7,485.3;247.2,521.1;268.2,533.7
50#341.4,651.5;347.5,586.8;325.2,560.5;290.8,560.5;321.2,586.8;256.4,588.8;309.1,560.5;311.1,479.5;311.1,473.5;316.1,438.0;337.4,522.0;361.7,524.0;345.5,481.5;276.7,481.5;242.3,513.9;264.5,524.0
51#343.8,655.3;347.8,596.2;325.4,555.4;290.7,553.4;300.9,579.9;268.3,590.1;309.1,555.4;309.1,480.0;309.1,471.8;312.2,438.2;333.6,520.7;351.9,528.9;343.8,482.0;274.4,477.9;235.7,504.4;247.9,502.4
52#348.3,658.1;350.3,595.7;326.1,555.4;285.9,547.3;293.9,575.5;269.7,599.7;304.0,549.4;312.0,478.9;312.0,472.8;311.0,435.6;340.2,543.3;350.3,527.2;342.2,480.9;281.8,474.9;233.5,486.9;249.6,464.8
53#345.2,648.6;355.5,588.7;326.6,551.6;289.5,545.4;306.0,580.5;285.3,597.0;308.0,545.4;312.2,477.2;312.2,475.2;315.3,428.7;341.1,514.4;351.4,522.7;343.1,481.4;281.2,473.1;237.8,475.2;240.9,432.9
54#344.7,638.5;361.4,577.9;332.1,550.7;292.4,550.7;284.1,546.6;284.1,611.3;311.2,550.7;315.4,477.6;315.4,473.4;314.4,428.5;340.5,519.4;357.2,525.7;346.8,481.8;282.0,469.2;244.3,463.0;240.2,431.6
55#351.2,620.2;370.8,563.6;337.6,547.9;292.6,547.9;284.8,555.7;286.8,620.2;316.1,547.9;321.9,479.6;321.9,471.8;321.9,428.8;353.2,540.1;362.9,528.4;353.2,483.5;286.8,471.8;253.6,467.9;247.7,440.5
56#359.7,606.8;383.3,546.5;351.1,559.5;301.6,553.0;282.2,570.2;288.6,636.9;325.2,555.1;331.7,479.8;331.7,475.5;326.3,427.1;364.0,598.2;372.6,529.3;361.8,484.1;301.6,473.4;258.5,479.8;247.7,451.8
57#349.2,598.5;308.6,582.7;353.7,555.7;308.6,553.4;283.8,587.2;288.3,652.7;333.4,555.7;333.4,476.7;333.4,476.7;330.0,426.0;360.5,517.3;405.6,533.1;365.0,481.2;299.6,469.9;259.0,483.5;249.9,463.2
58#323.2,611.4;325.5,587.9;353.7,557.4;313.8,557.4;292.7,599.6;288.0,663.0;332.6,559.8;334.9,475.3;334.9,475.3;331.4,424.9;365.4,501.1;398.2,510.5;367.7,475.3;304.4,473.0;264.5,491.7;250.5,475.3
59#338.7,619.7;323.4,617.2;356.4,553.7;318.3,556.2;300.6,614.6;287.9,670.5;336.1,556.2;338.7,472.4;336.1,472.4;327.2,428.0;359.0,459.7;399.6,472.4;369.1,469.9;308.2,475.0;272.6,502.9;254.9,490.2
60#334.9,633.5;332.2,611.7;359.4,551.7;321.3,551.7;299.5,611.7;291.3,679.8;340.4,551.7;337.6,469.9;337.6,472.6;330.8,419.4;272.2,508.1;384.0,437.2;364.9,467.2;307.6,475.3;277.6,508.1;253.1,499.9
61#337.5,623.1;349.1,579.7;363.6,547.8;325.9,544.9;299.9,588.3;302.8,655.0;346.2,547.8;337.5,472.5;337.5,472.5;328.8,417.5;363.6,397.2;383.9,431.9;366.5,460.9;305.7,475.4;279.6,513.0;250.6,510.1
62#336.9,627.9;355.2,578.1;365.7,541.4;326.4,541.4;300.2,565.0;308.1,638.3;344.7,541.4;334.3,470.7;334.3,470.7;329.0,418.3;365.7,389.5;376.2,431.4;363.1,462.9;305.5,478.6;276.6,517.9;253.1,523.1
63#336.7,652.3;356.7,589.9;366.7,549.9;326.7,547.4;296.8,552.4;311.8,614.8;344.2,547.4;334.2,472.5;331.7,470.0;314.2,420.1;364.2,400.1;381.6,422.6;361.7,460.1;304.3,482.5;279.3,522.5;256.8,537.4
64#340.5,660.3;358.1,598.6;355.9,550.2;320.7,545.8;283.3,563.4;298.7,589.8;340.5,545.8;327.3,475.4;325.1,468.8;302.0,428.0;320.7,530.4;353.7,504.0;358.1,466.6;298.7,484.2;274.5,526.0;254.7,548.0
65#345.0,669.4;355.5,604.1;352.9,554.5;316.3,546.6;313.7,567.5;285.0,580.6;334.6,551.9;321.5,473.5;318.9,470.9;295.4,423.9;376.4,431.7;384.2,452.6;350.3,460.5;290.2,484.0;271.9,525.7;256.2,559.7
66#352.9,669.8;350.3,602.2;345.1,550.3;308.7,547.7;274.9,578.8;287.9,610.0;326.9,550.3;313.9,474.9;311.3,472.3;293.1,417.8;386.6,462.0;381.4,480.1;342.5,469.7;285.3,480.1;264.6,526.9;256.8,560.7
67#356.7,663.2;354.1,597.8;333.2,545.5;296.5,540.2;299.2,589.9;288.7,616.1;314.8,542.9;309.6,467.0;309.6,467.0;293.9,412.1;385.5,480.1;372.4,485.3;338.4,459.2;280.8,472.2;257.3,516.7;265.2,548.1
68#363.9,652.5;359.5,586.4;319.9,535.8;289.1,535.8;313.3,573.2;293.5,619.4;304.5,535.8;308.9,461.0;306.7,454.3;303.4,418.0;377.1,474.2;368.3,485.2;337.5,456.6;280.3,463.2;245.1,500.6;275.9,518.2
69#376.8,637.2;366.9,577.7;317.3,538.0;285.0,538.0;309.8,577.7;295.0,634.7;299.9,538.0;304.9,461.1;304.9,461.1;311.1,405.3;347.0,485.9;359.4,493.4;334.6,458.6;275.1,461.1;232.9,485.9;272.6,490.9
70#391.1,624.0;372.5,563.4;314.2,535.4;276.9,533.1;307.2,570.4;297.8,642.7;295.5,535.4;307.2,458.5;307.2,458.5;313.0,410.7;386.5,512.1;360.8,498.1;337.5,460.8;274.5,458.5;232.6,463.1;279.2,477.1
71#401.6,605.8;379.9,543.2;317.4,536.0;281.3,538.4;302.9,579.3;300.5,658.7;298.1,538.4;305.3,456.6;305.3,459.0;313.8,407.3;389.5,526.4;367.9,499.9;336.6,456.6;274.0,451.8;235.5,437.4;278.9,415.7
72#400.0,587.1;380.4,522.5;329.8,539.3;290.4,547.7;298.9,592.7;301.7,668.6;310.1,542.1;304.5,452.2;304.5,457.8;310.1,401.6;397.2,533.7;366.3,497.2;338.2,457.8;270.8,446.6;242.7,415.7;266.5,377.7
73#387.0,573.4;390.2,507.9;331.3,534.1;292.0,540.7;298.5,593.1;301.8,678.3;311.6,537.4;305.1,449.0;305.1,455.5;308.4,399.8;337.8,475.2;370.6,491.6;337.8,452.3;275.6,439.2;246.1,406.4;249.4,367.1
74#375.3,557.7;392.5,495.8;334.1,530.2;296.3,543.9;296.3,598.9;299.7,671.0;313.5,533.6;306.6,447.7;306.6,458.0;303.2,396.2;347.8,482.1;382.2,482.1;337.5,454.6;279.1,437.4;251.6,406.5;237.9,365.3
75#395.5,582.9;392.3,498.7;337.3,527.9;301.7,537.6;301.7,599.1;301.7,670.3;321.1,534.3;308.1,450.2;308.1,456.7;308.1,398.4;369.6,472.9;385.8,463.1;340.5,450.2;279.0,443.7;243.4,411.4;230.5,372.5
76#360.9,571.5;397.2,518.6;335.8,535.3;299.6,543.7;299.6,602.2;302.4,666.3;319.1,538.1;310.8,448.9;308.0,454.5;313.5,398.7;352.6,460.0;383.2,448.9;341.4,448.9;277.3,446.1;232.7,429.4;235.5,390.4
77#371.8,601.5;395.0,542.1;338.2,531.7;301.9,542.1;301.9,596.4;307.1,663.6;320.1,539.5;309.7,451.5;309.7,454.1;316.2,398.5;338.2,428.3;371.8,430.9;340.7,451.5;281.3,449.0;234.7,443.8;237.3,407.6
78#385.3,641.2;387.8,575.1;342.1,531.8;303.9,539.5;301.4,595.4;306.5,664.1;324.3,536.9;311.6,453.0;311.6,455.5;312.8,400.9;326.8,407.2;354.8,412.3;342.1,450.5;281.0,450.5;235.3,460.6;237.8,422.5
79#383.1,666.7;361.7,605.1;351.0,538.2;310.9,540.8;300.1,602.4;300.1,666.7;329.6,538.2;316.2,460.5;316.2,460.5;302.8,401.6;314.9,389.5;340.3,401.6;337.6,455.1;292.1,468.5;243.9,476.6;243.9,439.1
80#352.1,681.1;360.4,614.3;354.8,547.5;315.9,547.5;293.6,605.9;288.0,670.0;335.4,547.5;315.9,466.8;315.9,466.8;290.8,411.1;279.7,447.3;313.1,472.4;340.9,461.2;285.3,469.6;254.6,494.6;249.1,455.7
81#329.3,678.6;351.1,613.3;360.4,551.1;323.1,548.0;282.7,604.0;279.6,666.2;341.7,551.1;310.6,473.4;313.8,473.4;282.7,423.6;298.2,383.2;335.5,411.2;335.5,464.0;288.9,482.7;257.8,504.5;254.7,464.0
82#318.7,679.7;345.9,619.2;364.1,555.6;324.7,552.6;276.3,607.1;270.3,667.6;342.9,558.7;312.6,480.0;315.7,480.0;285.4,431.6;309.6,398.3;342.9,425.6;333.8,464.9;288.4,492.1;255.2,510.3;258.2,474.0
83#325.3,692.5;347.6,631.9;360.4,561.7;325.3,558.5;271.1,615.9;255.1,667.0;341.2,561.7;312.5,488.4;315.7,488.4;283.8,443.7;315.7,415.0;347.6,440.5;338.1,472.4;287.0,501.1;245.6,517.1;255.1,478.8
84#322.3,706.7;344.6,644.9;356.2,578.4;320.0,574.8;263.4,626.6;254.9,675.9;337.1,577.8;312.8,502.8;315.5,502.2;287.5,458.6;313.8,439.9;345.8,465.8;338.2,488.8;287.5,513.7;248.2,530.0;257.2,492.6
85#319.3,721.0;341.6,658.0;351.9,595.1;314.7,591.1;255.7,637.3;254.7,684.8;333.0,593.9;313.1,517.3;315.4,516.1;291.1,473.4;311.9,464.8;343.9,491.2;338.3,505.3;287.9,526.3;250.8,543.0;259.3,506.3
86#316.3,735.2;338.6,671.0;347.7,611.8;309.4,607.4;248.0,648.0;254.5,693.7;328.9,610.0;313.4,531.7;315.2,529.9;294.8,488.3;310.0,489.7;342.1,516.5;338.4,521.7;288.4,538.9;253.4,555.9;261.4,520.1
87#313.4,749.4;335.7,684.1;343.4,628.5;304.1,623.6;240.3,658.6;254.3,702.6;324.8,626.2;313.6,546.1;315.0,543.8;298.4,503.2;308.0,514.7;340.3,541.8;338.5,538.1;288.8,551.6;256.0,568.8;263.6,533.9
88#310.4,763.6;332.7,697.1;339.2,645.2;298.8,639.9;232.6,669.3;254.1,711.5;320.7,642.3;313.9,560.5;314.8,557.6;302.1,518.1;306.1,539.6;338.5,567.1;338.6,554.5;289.3,564.2;258.6,581.7;265.7,547.7
89#307.4,777.9;329.7,710.2;334.9,661.9;293.5,656.2;224.9,680.0;253.9,720.4;316.6,658.4;314.2,575.0;314.7,571.5;305.7,532.9;304.2,564.5;336.6,592.5;338.7,571.0;289.7,576.8;261.2,594.7;267.8,561.4
90#304.4,792.1;326.7,723.2;330.7,678.6;288.2,672.5;217.2,690.7;253.7,729.3;312.5,674.5;314.5,589.4;314.5,585.3;309.4,547.8;302.3,589.4;334.8,617.8;338.8,587.4;290.2,589.4;263.8,607.6;269.9,575.2
91#302.3,807.7;322.5,739.0;328.6,690.6;294.2,680.5;213.4,698.6;243.7,747.1;310.4,686.5;312.4,605.7;312.4,601.7;319.5,556.3;292.2,593.6;320.5,632.0;332.6,605.7;292.2,605.7;263.9,615.8;272.0,585.5
92#301.2,824.3;318.4,755.2;327.1,705.5;288.2,694.7;214.8,705.5;232.0,766.0;309.8,701.2;312.0,623.4;312.0,616.9;315.2,568.3;294.7,610.5;322.8,649.3;335.7,619.1;288.2,616.9;264.4,627.7;273.1,599.7
93#302.2,830.1;316.8,768.6;322.7,719.7;283.6,710.0;215.2,710.0;219.1,778.3;303.1,715.8;310.9,633.8;310.9,627.9;313.9,584.0;287.5,616.2;318.8,657.2;334.4,635.8;287.5,633.8;264.1,635.8;273.8,608.4
94#308.2,834.6;321.0,786.6;319.0,729.7;279.8,719.9;217.0,721.9;211.2,784.6;299.4,725.8;307.2,647.4;305.3,641.5;313.1,596.4;295.5,635.6;311.2,661.1;328.8,651.3;277.8,653.3;264.1,643.4;275.9,616.0
95#303.3,838.8;325.9,791.8;321.1,735.5;282.2,726.2;219.3,729.6;212.1,791.9;301.6,731.8;308.4,653.5;306.5,648.1;313.6,603.1;297.1,642.2;312.6,667.8;330.4,657.0;279.4,659.0;265.0,651.3;276.5,623.1
96#298.4,843.0;330.7,797.0;323.1,741.4;284.7,732.5;221.7,737.2;213.0,799.3;303.8,737.7;309.6,659.6;307.7,654.7;314.1,609.8;298.6,648.8;314.1,674.5;331.9,662.8;281.0,664.8;265.8,659.3;277.1,630.1
97#293.5,847.3;335.6,802.2;325.2,747.2;287.1,738.9;224.0,744.9;214.0,806.6;306.0,743.6;310.8,665.7;308.9,661.2;314.5,616.6;300.2,655.4;315.6,681.2;333.5,668.5;282.5,670.5;266.7,667.2;277.7,637.2
98#288.6,851.5;340.5,807.4;327.2,753.0;289.5,745.2;226.3,752.6;214.9,814.0;308.2,749.6;312.1,671.8;310.1,667.8;315.0,623.3;301.8,661.9;317.0,687.9;335.1,674.2;284.1,676.2;267.5,675.1;278.3,644.3
99#283.7,855.7;345.3,812.6;329.3,758.9;292.0,751.5;228.7,760.2;215.8,821.3;310.3,755.5;313.3,677.9;311.3,674.4;315.5,630.0;303.4,668.5;318.4,694.6;336.6,679.9;285.7,681.9;268.4,683.1;278.9,651.4
100#278.8,859.9;350.2,817.8;331.3,764.7;294.4,757.8;231.0,767.9;216.8,828.7;312.5,761.5;314.5,684.0;312.5,681.0;316.0,636.7;304.9,675.1;319.9,701.3;338.2,685.6;287.3,687.6;269.2,691.0;279.5,658.5
101#273.9,864.1;355.0,823.0;333.4,770.5;296.8,764.1;233.3,775.5;217.7,836.0;314.7,767.4;315.7,690.1;313.7,687.6;316.4,643.4;306.5,681.7;321.3,708.0;339.8,691.4;288.9,693.4;270.1,698.9;280.1,665.5
102#269.0,868.4;359.9,828.2;335.4,776.3;299.2,770.5;235.6,783.2;218.6,843.4;316.9,773.4;316.9,696.2;314.9,694.1;316.9,650.2;308.1,688.3;322.8,714.7;341.4,697.1;290.4,699.1;270.9,706.8;280.7,672.6
103#264.2,872.6;364.8,833.5;337.5,782.2;301.7,776.8;238.0,790.9;219.5,850.7;319.1,779.3;318.1,702.2;316.2,700.7;317.4,656.9;309.7,694.9;324.2,721.4;342.9,702.8;292.0,704.8;271.8,714.8;281.3,679.7
104#259.3,876.8;369.6,838.7;339.6,788.0;304.1,783.1;240.3,798.5;220.4,858.0;321.3,785.3;319.3,708.3;317.4,707.3;317.9,663.6;311.2,701.5;325.7,728.1;344.5,708.5;293.6,710.5;272.6,722.7;281.9,686.8
105#254.4,881.0;374.5,843.9;341.6,793.8;306.5,789.4;242.6,806.2;221.4,865.4;323.5,791.2;320.5,714.4;318.6,713.9;318.3,670.3;312.8,708.1;327.1,734.8;346.1,714.3;295.2,716.3;273.5,730.6;282.5,693.8
106#249.5,885.2;379.4,849.1;343.7,799.7;309.0,795.7;245.0,813.9;222.3,872.7;325.7,797.2;321.8,720.5;319.8,720.5;318.8,677.0;314.4,714.6;328.6,741.5;347.6,720.0;296.8,722.0;274.3,738.6;283.1,700.9
107#244.6,889.4;384.2,854.3;345.7,805.5;311.4,802.0;247.3,821.5;223.2,880.1;327.8,803.1;323.0,726.6;321.0,727.1;319.3,683.7;316.0,721.2;330.1,748.2;349.2,725.7;298.4,727.7;275.2,746.5;283.7,708.0
108#239.7,893.7;389.1,859.5;347.8,811.3;313.8,808.4;249.6,829.2;224.1,887.4;330.0,809.1;324.2,732.7;322.2,733.6;319.8,690.5;317.6,727.8;331.5,754.9;350.8,731.4;299.9,733.4;276.0,754.4;284.3,715.0
109#234.8,897.9;393.9,864.7;349.8,817.2;316.3,814.7;252.0,836.8;225.1,894.8;332.2,815.0;325.4,738.8;323.4,740.2;320.2,697.2;319.1,734.4;332.9,761.6;352.3,737.2;301.5,739.2;276.9,762.4;284.9,722.1
110#229.9,902.1;398.8,869.9;351.9,823.0;318.7,821.0;254.3,844.5;226.0,902.1;334.4,821.0;326.6,744.9;324.6,746.8;320.7,703.9;320.7,741.0;334.4,768.3;353.9,742.9;303.1,744.9;277.7,770.3;285.5,729.2
111#400.6,934.4;400.6,870.0;361.5,836.8;312.7,836.8;256.1,846.6;228.7,905.1;336.1,836.8;326.4,746.9;324.4,745.0;311.7,703.0;326.4,760.6;351.8,776.2;357.6,741.1;295.1,750.9;285.4,782.1;285.4,741.1
112#401.0,940.6;390.9,876.6;356.4,832.6;311.2,834.3;250.8,837.4;239.2,897.5;332.7,833.4;319.5,748.2;318.2,746.1;304.7,700.5;322.1,730.4;345.7,750.9;347.9,741.9;290.2,752.6;282.1,786.0;282.9,747.7
113#401.4,946.8;381.1,883.2;351.3,828.4;309.8,831.7;245.4,828.3;249.8,889.9;329.4,830.1;312.7,749.6;312.0,747.3;297.6,697.9;317.7,700.3;339.7,725.7;338.2,742.6;285.4,754.3;278.8,790.0;280.5,754.4
114#401.8,953.0;371.4,889.8;346.2,824.2;308.3,829.2;240.1,819.1;260.3,882.3;326.0,826.7;305.8,750.9;305.8,748.4;290.6,695.4;313.4,670.1;333.6,700.4;328.5,743.4;280.5,756.0;275.5,793.9;278.0,761.0
115#402.8,948.7;368.7,883.0;339.7,822.5;300.3,825.1;237.2,809.4;266.1,875.1;321.3,825.1;297.7,748.9;297.7,746.3;281.9,691.1;305.6,772.6;326.6,772.6;324.0,743.6;268.8,751.5;263.5,796.2;258.3,812.0
116#396.8,941.4;369.7,872.4;335.2,818.2;300.8,825.6;246.6,808.4;266.3,808.4;318.0,825.6;286.0,741.9;286.0,741.9;271.2,690.2;311.9,669.2;322.9,697.5;313.1,734.5;258.9,746.8;241.7,796.1;241.7,803.4
117#390.7,927.9;367.5,860.6;327.9,816.5;292.9,824.0;248.3,814.5;269.4,832.1;310.6,822.6;281.8,740.7;281.8,741.2;269.7,691.2;311.9,679.4;322.1,706.9;307.5,734.7;255.6,745.9;233.4,779.4;236.3,777.1
118#384.7,914.5;365.2,848.8;320.6,814.8;284.9,822.4;250.0,820.6;272.6,855.8;303.3,819.5;277.5,739.5;277.5,740.5;268.1,692.2;311.9,689.6;321.3,716.4;301.8,734.9;252.2,744.9;225.1,762.8;230.9,750.8
119#378.6,901.0;363.0,836.9;313.4,813.1;276.9,820.8;251.7,826.8;275.7,879.5;295.9,816.5;273.2,738.4;273.2,739.8;266.6,693.2;312.0,699.7;320.6,725.8;296.2,735.0;248.9,744.0;216.8,746.1;225.6,724.4
120#372.5,887.6;360.8,825.1;306.1,811.4;269.0,819.2;253.4,832.9;278.8,903.2;288.6,813.4;269.0,737.2;269.0,739.1;265.1,694.2;312.0,709.9;319.8,735.2;290.5,735.2;245.6,743.1;208.5,729.4;220.2,698.1
121#355.5,870.3;358.2,812.2;302.7,804.3;268.3,812.2;255.1,857.1;278.9,912.6;286.8,809.5;271.0,740.8;271.0,743.5;268.3,690.6;310.6,719.7;310.6,751.4;294.7,740.8;244.5,738.2;210.2,714.4;199.6,685.3
122#272.9,914.6;352.1,798.0;305.9,809.0;268.5,813.4;255.3,866.2;272.9,919.0;286.1,811.2;275.1,736.4;275.1,738.6;270.7,690.2;303.7,732.0;316.9,762.8;303.7,736.4;246.5,734.2;217.9,716.6;200.3,694.6
123#264.6,924.2;319.7,797.2;302.9,811.6;267.0,814.0;259.8,871.5;264.6,924.2;283.7,814.0;274.2,732.6;274.2,735.0;274.2,684.7;307.7,727.8;310.1,749.4;300.5,735.0;247.8,727.8;211.9,723.0;199.9,701.5
124#256.2,930.0;272.8,870.6;306.1,801.7;268.1,808.8;256.2,873.0;256.2,932.4;287.1,806.4;272.8,725.6;272.8,728.0;278.8,676.9;296.6,737.5;318.0,756.5;299.0,725.6;246.7,720.9;208.6,725.6;196.8,713.7
125#253.6,914.9;270.8,856.0;300.2,797.1;265.9,799.5;251.1,865.8;251.1,924.7;283.1,797.1;275.7,721.0;273.2,723.4;274.5,670.6;211.9,743.1;312.5,757.8;305.1,721.0;246.2,716.1;206.9,728.3;194.7,718.5
126#253.4,898.4;289.3,830.8;299.9,786.4;268.2,786.4;249.2,832.9;247.1,904.7;285.1,786.4;274.5,714.5;274.5,716.6;275.6,671.2;287.2,742.0;314.7,754.7;304.1,720.9;247.1,712.4;206.9,733.5;192.1,727.2
127#287.4,831.5;289.6,822.7;300.5,778.8;267.6,778.8;243.5,813.9;236.9,881.9;285.2,778.8;274.2,713.0;274.2,713.0;270.9,665.9;289.6,750.3;320.3,754.7;304.9,717.4;245.7,710.8;232.5,741.5;193.1,734.9
128#288.2,817.1;282.3,805.4;296.0,778.0;262.8,772.2;229.6,799.5;229.6,834.7;280.4,774.1;270.6,711.6;268.6,707.7;264.7,664.7;299.9,744.8;333.1,739.0;301.9,711.6;241.3,709.7;212.0,740.9;190.5,739.0
129#273.6,812.0;273.6,835.5;291.2,774.9;256.0,773.0;222.8,774.9;228.7,831.6;271.6,773.0;267.7,706.6;265.8,702.7;261.9,657.7;304.9,728.1;340.0,724.1;297.0,704.6;236.5,708.5;217.0,749.5;191.6,745.6
130#273.4,806.0;283.1,739.6;283.1,774.7;257.7,772.8;226.5,759.1;238.2,809.9;269.5,774.7;257.7,702.5;257.7,696.6;257.7,653.6;271.4,733.7;289.0,727.9;283.1,700.5;234.3,704.4;212.8,749.4;189.4,755.2
131#288.0,800.6;276.3,751.7;280.2,765.4;245.1,765.4;231.4,747.8;231.4,788.9;262.6,763.5;256.8,695.1;252.9,689.2;254.8,646.3;315.4,640.4;323.2,677.5;286.1,687.3;227.5,699.0;200.1,736.1;182.6,757.6
132#265.6,830.0;267.5,828.0;267.5,747.9;236.3,746.0;210.9,755.7;287.0,808.5;251.9,746.0;249.9,685.4;249.9,679.6;248.0,638.6;316.3,640.5;314.4,669.8;281.2,675.7;222.6,689.3;189.4,728.4;212.8,716.7
133#270.5,828.0;272.9,809.9;260.6,742.0;230.4,741.5;220.7,758.6;281.1,809.9;245.5,741.0;245.0,679.5;245.0,675.6;245.6,634.1;313.9,647.8;307.5,672.2;274.8,672.7;218.7,681.9;187.9,706.9;211.3,693.2
134#275.3,826.0;278.2,791.8;253.8,736.1;224.6,737.1;230.4,761.5;275.3,811.3;239.2,736.1;240.2,673.6;240.2,671.6;243.1,629.6;311.4,655.0;300.7,674.5;268.4,669.7;214.8,674.5;186.5,685.3;209.9,669.7
135#280.2,823.9;283.6,773.6;246.9,730.2;218.7,732.6;240.2,764.3;269.4,812.7;232.8,731.1;235.3,667.7;235.3,667.7;240.7,625.2;308.9,662.3;293.8,676.9;262.1,666.7;210.8,667.2;185.0,663.8;208.4,646.2
136#285.0,821.9;288.9,755.5;240.1,724.3;212.8,728.2;249.9,767.2;263.6,814.1;226.4,726.2;230.4,661.8;230.4,663.7;238.2,620.7;306.5,669.6;287.0,679.3;255.7,663.7;206.9,659.8;183.5,642.2;206.9,622.7
137#299.7,788.9;287.2,733.0;239.6,718.5;214.8,726.8;247.9,766.1;266.5,826.2;227.2,724.7;229.3,660.5;227.2,662.6;237.5,617.1;303.8,673.0;291.4,683.3;254.1,660.5;204.4,658.5;192.0,631.6;197.2,601.5
138#291.9,763.7;280.2,709.0;248.9,707.1;217.7,722.7;243.1,769.6;265.5,831.1;233.3,714.9;229.4,660.2;229.4,654.3;235.3,613.3;303.6,675.8;288.0,683.6;254.8,658.2;206.0,656.3;198.1,625.0;198.1,603.6
139#277.2,741.2;275.3,700.2;251.8,704.1;218.6,713.8;240.1,764.6;260.6,828.1;234.3,709.9;232.3,651.3;232.3,649.4;238.2,608.4;304.6,684.5;288.9,680.6;255.7,653.3;208.9,649.4;185.4,629.9;193.2,610.3
140#258.7,732.6;286.0,705.3;252.8,697.4;221.6,709.2;241.1,761.9;262.6,826.4;237.2,705.3;235.3,646.7;237.2,642.8;243.1,601.7;305.6,691.6;282.1,676.0;258.7,648.6;211.8,642.8;176.7,634.9;196.2,619.3
141#283.9,881.2;294.5,713.6;260.0,702.9;228.0,716.2;260.0,804.0;267.9,825.3;244.0,713.6;236.0,641.8;236.0,649.7;250.6,603.2;305.2,700.3;286.6,681.7;262.6,649.7;212.1,641.8;190.8,641.8;190.8,639.1
142#287.0,715.9;298.7,729.6;259.6,698.3;226.4,704.2;238.2,753.0;267.5,797.9;244.0,704.2;242.1,637.8;242.1,635.8;255.7,594.8;310.4,708.1;290.9,678.8;269.4,643.6;214.7,631.9;189.3,651.4;189.3,649.5
143#286.0,732.1;283.9,691.3;267.6,699.5;228.8,703.5;236.9,746.4;269.6,795.5;249.2,701.5;245.1,634.1;247.2,634.1;259.4,591.2;310.5,707.6;298.2,677.0;271.7,640.2;216.5,630.0;192.0,654.5;183.8,658.6
144#282.1,737.6;288.4,689.2;265.2,691.3;229.4,699.7;242.1,746.1;269.5,800.9;246.3,695.5;250.5,630.2;250.5,628.0;263.1,585.9;309.5,682.8;309.5,674.4;275.8,634.4;223.1,623.8;189.4,644.9;202.0,649.1
145#271.8,744.8;293.2,697.7;258.9,687.0;231.1,691.2;246.1,747.0;261.1,804.8;243.9,689.1;250.4,624.8;252.5,622.7;269.6,582.0;316.8,665.5;306.1,657.0;278.2,627.0;224.6,618.4;186.1,635.5;192.5,663.4
146#273.1,749.4;293.5,706.6;264.9,686.2;230.3,690.3;242.5,747.4;256.8,804.5;248.6,688.2;254.7,623.0;256.8,618.9;276.2,579.2;324.1,651.5;320.0,647.5;277.2,629.1;230.3,614.8;187.5,621.0;222.1,596.5
147#273.3,759.8;290.6,709.9;266.7,690.4;232.0,690.4;236.4,744.6;249.4,803.2;249.4,690.4;258.1,623.1;255.9,623.1;275.4,579.7;325.3,607.9;329.7,634.0;281.9,627.5;232.0,614.4;190.8,610.1;229.9,586.2
148#274.3,764.9;284.9,716.0;270.1,688.4;231.8,688.4;225.4,739.4;238.2,796.8;250.9,688.4;257.3,616.1;257.3,618.3;280.7,580.0;323.2,588.5;329.6,616.1;280.7,622.5;238.2,609.8;204.2,601.3;225.4,575.8
149#273.4,772.3;282.4,724.8;268.9,688.7;237.2,688.7;214.6,729.3;228.2,785.8;253.1,688.7;262.1,618.6;262.1,623.1;275.6,577.9;325.4,575.7;320.8,605.1;286.9,620.9;237.2,611.8;205.6,600.5;225.9,584.7
150#275.1,781.1;277.3,730.5;270.7,693.2;237.7,686.6;200.4,715.2;222.4,770.1;255.3,691.0;266.3,620.7;266.3,622.9;268.5,576.7;323.4,576.7;319.0,603.1;288.3,618.5;242.1,622.9;209.2,614.1;226.7,598.7
151#273.5,790.0;275.6,735.0;273.5,690.5;241.7,688.4;197.2,703.2;220.5,749.8;256.5,690.5;265.0,618.5;265.0,622.7;263.9,573.0;324.3,586.8;322.2,610.0;288.3,614.3;239.6,620.6;214.2,624.9;229.0,605.8
152#278.2,798.0;278.2,737.2;275.9,685.7;245.5,681.1;196.4,681.1;219.7,727.8;261.8,683.4;261.8,615.6;261.8,620.3;257.2,571.2;325.0,599.2;322.6,617.9;287.5,613.3;236.1,615.6;217.4,636.6;238.5,625.0
153#277.6,790.5;279.9,736.4;277.6,682.4;246.1,680.1;207.8,668.9;230.3,718.4;259.6,682.4;257.4,614.8;259.6,617.1;249.5,568.7;324.9,605.8;318.2,623.8;284.4,612.6;232.6,621.6;216.8,650.9;225.8,666.6
154#270.2,792.2;283.0,725.9;278.8,681.0;246.7,678.8;212.5,672.4;238.1,715.2;263.8,678.8;255.2,614.7;255.2,616.8;245.6,570.8;323.7,618.9;315.1,629.6;280.9,610.4;231.7,621.1;221.0,655.3;233.9,644.6
155#271.0,766.3;289.0,714.3;281.0,674.4;247.0,674.4;221.0,684.4;243.0,730.3;263.0,674.4;257.0,614.4;257.0,612.4;244.0,573.5;322.9,626.4;311.0,632.4;281.0,610.4;231.0,618.4;221.0,654.4;235.0,650.4
156#270.8,748.4;294.3,703.5;282.6,672.2;245.4,674.2;227.9,691.7;245.4,742.5;266.9,674.2;257.2,613.6;257.2,609.7;247.4,570.6;325.5,633.1;313.8,635.1;282.6,607.8;231.8,615.6;218.1,652.7;235.7,642.9
157#277.7,731.8;312.9,690.8;283.6,669.3;252.3,671.3;232.8,700.6;246.4,755.2;267.9,671.3;262.1,610.7;262.1,608.8;256.2,567.7;324.6,643.9;318.7,638.1;287.5,608.8;236.7,614.6;213.2,645.9;236.7,645.9
158#286.6,713.2;323.7,678.0;282.7,668.3;251.4,670.2;233.9,707.3;245.6,762.0;267.1,670.2;267.1,607.7;267.1,601.9;267.1,562.8;331.5,644.8;325.7,635.1;292.5,605.8;239.7,607.7;208.5,639.0;230.0,637.0
159#294.5,703.4;329.7,662.4;286.7,668.3;257.4,670.2;243.7,715.1;245.7,769.8;271.1,670.2;271.1,603.8;271.1,599.9;274.0,557.9;341.4,633.1;335.5,625.3;300.4,603.8;243.7,603.8;206.6,623.3;232.0,617.5
160#300.3,707.9;335.6,666.3;294.0,664.8;262.6,667.2;247.4,709.8;249.9,764.1;276.8,666.7;276.8,597.1;277.3,594.7;275.1,554.3;338.9,607.7;334.5,608.8;304.8,596.1;250.3,598.1;224.0,619.6;249.5,608.4
161#306.1,712.4;341.5,670.1;301.2,661.2;267.8,664.2;251.1,704.4;254.0,758.4;282.6,663.2;282.6,590.4;283.6,589.4;276.1,550.7;336.5,582.4;333.6,592.3;309.1,588.4;257.0,592.4;241.4,616.0;266.9,599.2
162#312.0,716.8;347.4,674.0;308.5,657.6;273.0,661.1;254.8,699.1;258.2,752.7;288.3,659.6;288.3,583.8;289.8,584.2;277.1,547.1;334.0,557.0;332.6,575.8;313.4,580.8;263.6,586.7;258.8,612.3;284.4,590.1
163#317.8,721.3;353.3,677.9;315.8,654.1;278.2,658.1;258.5,693.7;262.4,747.0;294.0,656.1;294.0,577.1;296.0,579.0;278.2,543.5;331.6,531.6;331.6,559.3;317.8,573.1;270.3,581.0;276.2,608.7;301.9,581.0
164#326.3,723.9;356.5,677.4;320.4,650.5;284.9,653.1;267.9,677.5;279.6,727.4;300.7,651.8;295.5,576.3;296.8,578.3;279.1,542.2;324.5,548.0;329.7,570.3;317.2,572.4;273.2,580.9;279.1,605.2;300.7,581.5
165#334.9,726.5;359.7,676.9;325.1,646.8;291.7,648.2;277.3,661.3;296.9,707.7;307.4,647.5;296.9,575.6;297.6,577.5;280.0,540.9;317.3,564.3;327.7,581.4;316.6,571.6;276.0,580.8;281.9,601.7;299.6,582.1
166#343.4,729.1;362.9,676.4;329.7,643.2;298.4,643.2;286.7,645.1;314.1,688.1;314.1,643.2;298.4,574.8;298.4,576.8;280.9,539.6;310.2,580.7;325.8,592.4;316.0,570.9;278.9,580.7;284.8,598.2;298.4,582.6
167#352.3,720.2;369.9,665.5;332.7,632.3;303.4,638.2;299.5,640.1;330.8,683.1;319.1,636.2;299.5,571.8;299.5,571.8;282.0,532.7;328.8,548.3;344.5,575.7;319.1,563.9;280.0,577.6;287.8,603.0;317.1,558.1
168#363.2,704.2;378.9,651.5;339.8,624.2;310.5,632.0;312.4,651.5;335.9,688.6;326.1,630.0;306.6,563.6;306.6,561.7;285.1,526.5;326.1,557.8;353.5,575.3;333.9,555.8;285.1,571.4;291.0,606.6;308.5,592.9
169#371.4,685.6;392.9,632.8;347.9,621.1;316.7,627.0;314.7,652.4;338.2,699.2;332.3,625.0;310.8,558.6;308.9,554.7;295.2,515.6;334.3,570.3;357.7,574.2;334.3,550.8;287.4,566.4;287.4,603.5;305.0,582.1
170#382.1,666.0;405.6,613.3;350.9,615.3;319.6,625.0;315.7,660.2;341.1,707.1;335.3,619.2;317.7,552.8;315.7,548.9;306.0,507.8;339.2,564.5;366.5,568.4;341.1,548.9;292.3,558.6;282.5,595.7;298.1,572.3
171#382.1,641.6;405.6,588.9;356.7,606.5;319.6,612.4;315.7,655.3;339.2,706.1;337.2,610.4;323.5,544.0;323.5,540.1;318.7,502.0;350.9,557.7;378.2,557.7;350.9,538.1;296.2,549.9;272.8,581.1;294.2,575.2
172#382.4,639.7;401.7,587.8;360.1,596.2;323.8,601.6;315.7,642.2;341.7,690.0;341.4,599.6;327.7,534.8;327.7,532.1;322.9,493.1;357.9,549.9;380.7,550.2;354.5,529.5;300.7,540.2;276.2,566.9;290.0,560.2
173#382.7,637.8;397.8,586.8;363.4,586.0;328.0,590.7;315.8,629.2;344.3,673.8;345.6,588.7;331.9,525.7;331.9,524.0;327.1,484.3;364.9,542.2;383.3,542.7;358.2,520.9;305.2,530.5;279.5,552.8;285.9,545.2
174#383.0,635.9;393.9,585.7;366.8,575.7;332.2,579.9;315.8,616.1;346.8,657.7;349.8,577.9;336.1,516.5;336.1,516.0;331.3,475.4;371.9,534.4;385.8,535.2;361.8,512.3;309.7,520.8;282.9,538.6;281.7,530.2
175#383.3,634.1;390.1,584.7;370.2,565.4;336.5,569.1;315.8,603.1;349.3,641.6;354.0,567.1;340.4,507.4;340.4,508.0;335.5,466.5;378.9,526.7;388.3,527.8;365.5,503.8;314.1,511.0;286.2,524.4;277.6,515.2
176#383.6,632.2;386.2,583.6;373.6,555.1;340.7,558.3;315.8,590.0;351.8,625.5;358.2,556.3;344.6,498.2;344.6,500.0;339.7,457.6;385.9,518.9;390.8,520.3;369.1,495.2;318.6,501.3;289.6,510.2;273.4,500.2
177#383.9,630.3;382.3,582.6;376.9,544.9;344.9,547.4;315.9,577.0;354.4,609.3;362.4,545.4;348.8,489.1;348.8,491.9;343.9,448.8;392.9,511.2;393.4,512.8;372.8,486.6;323.1,491.6;292.9,496.1;269.3,485.2
178#384.2,628.4;378.4,581.5;380.3,534.6;349.1,536.6;315.9,563.9;356.9,593.2;366.6,534.6;353.0,479.9;353.0,483.9;348.1,439.9;399.9,503.4;395.9,505.3;376.4,478.0;327.6,481.9;296.3,481.9;265.1,470.2
179#390.1,638.1;386.2,581.5;386.2,530.7;349.1,530.7;315.9,534.6;319.8,581.5;364.7,530.7;354.9,472.1;354.9,476.0;352.0,436.0;405.7,509.2;397.9,499.5;378.4,472.1;329.5,472.1;294.4,476.0;267.0,468.2
180#396.9,636.1;389.1,579.5;385.2,528.7;348.1,524.8;320.7,515.1;324.6,577.6;363.7,528.7;357.8,468.2;355.9,464.3;347.1,434.0;404.7,511.1;400.8,495.5;381.3,466.2;328.5,466.2;295.3,476.0;266.0,466.2
181#393.0,624.1;387.1,569.4;379.3,518.6;346.1,516.7;326.6,557.7;320.7,585.0;363.7,518.6;357.8,462.0;355.9,462.0;354.9,420.0;406.7,510.8;398.9,491.3;381.3,462.0;330.5,460.0;299.2,475.7;266.0,467.9
182#385.3,609.2;389.2,560.4;379.4,511.6;346.2,511.6;352.1,562.4;350.1,572.1;361.8,511.6;357.9,454.9;357.9,453.0;358.9,411.0;408.7,507.7;400.9,486.2;383.3,454.9;332.5,453.0;303.2,470.6;270.0,468.6
183#380.5,598.3;388.3,547.6;372.6,500.7;337.5,498.7;349.2,545.6;351.2,598.3;355.1,498.7;357.0,446.0;357.0,446.0;365.8,404.0;409.8,508.5;401.9,477.2;380.5,446.0;331.6,446.0;300.4,463.6;269.1,467.5
184#384.4,588.3;396.1,531.7;364.8,498.5;333.6,498.5;345.3,559.0;355.1,604.0;349.2,498.5;355.1,439.9;355.1,439.9;369.7,397.9;403.9,504.4;403.9,475.1;382.4,443.8;329.7,437.9;298.4,461.4;269.1,469.2
185#390.3,579.5;403.9,526.8;357.1,493.6;325.8,495.5;339.5,554.1;351.2,603.0;341.4,495.5;355.1,436.9;355.1,433.0;371.7,393.0;390.3,481.9;400.0,476.0;380.5,436.9;327.8,433.0;296.5,458.4;269.2,472.1
186#396.8,564.0;408.7,514.3;353.0,490.4;325.1,492.4;335.1,546.1;331.1,587.9;339.0,492.4;351.0,434.7;353.0,430.7;368.9,390.9;402.7,492.4;394.8,474.5;376.9,438.6;323.1,432.7;293.3,458.5;267.4,472.5
187#395.8,558.7;413.4,515.7;350.9,490.4;325.5,490.4;331.4,541.1;327.4,584.1;341.1,490.4;347.0,435.7;348.9,429.8;354.8,386.8;399.7,492.3;393.9,474.7;374.3,437.6;321.6,433.7;290.3,461.1;266.9,474.7
188#390.0,554.8;415.4,513.7;352.9,490.3;327.5,494.2;329.4,543.0;323.6,586.0;339.2,492.3;347.0,437.6;349.0,429.8;372.4,392.6;397.8,492.3;393.9,474.7;374.4,439.5;319.7,435.6;292.3,461.0;266.9,474.7
189#382.1,557.7;413.4,514.7;350.9,493.3;325.5,497.2;329.4,549.9;325.5,589.0;339.2,495.2;347.0,438.6;348.9,432.7;368.5,393.6;397.8,491.3;393.9,475.7;374.3,440.5;319.6,436.6;290.3,462.0;266.9,475.7
190#374.3,564.7;409.5,521.7;348.9,498.3;323.5,498.3;327.4,547.1;315.7,588.1;335.3,498.3;348.9,441.7;350.9,435.8;368.5,396.7;405.6,498.3;399.7,476.8;376.3,443.6;321.6,439.7;292.3,461.2;266.9,474.9
191#367.5,572.6;406.6,527.7;351.9,502.3;324.5,502.3;324.5,545.3;322.6,574.6;340.2,502.3;351.9,443.7;351.9,437.9;365.6,398.8;410.5,500.4;402.7,480.8;377.3,447.6;324.5,441.8;293.3,461.3;265.9,476.9
192#367.5,578.5;400.7,533.6;357.7,506.2;326.5,506.2;322.6,545.3;322.6,584.3;342.1,506.2;353.8,447.6;355.8,441.8;363.6,400.7;412.4,508.2;402.7,486.7;381.2,449.6;326.5,443.7;295.2,467.1;265.9,476.9
193#370.6,581.5;399.9,534.6;353.1,509.2;325.7,509.2;312.1,556.1;321.8,591.2;341.4,511.2;357.0,450.6;358.9,442.8;362.8,401.8;409.7,495.5;394.1,491.6;384.3,454.5;329.6,448.7;298.4,466.2;269.1,474.1
194#373.4,580.8;400.8,535.9;361.7,522.2;328.5,514.4;305.1,549.6;318.7,590.6;344.1,516.4;361.7,457.8;363.6,449.9;368.5,406.0;412.5,514.4;410.5,524.2;389.0,463.6;334.4,451.9;295.3,471.4;267.9,473.4
195#373.4,581.8;394.9,536.8;359.7,515.4;328.5,513.4;303.1,542.7;318.7,585.7;346.1,515.4;363.6,456.8;365.6,452.9;372.4,408.9;408.6,509.5;406.6,501.7;391.0,462.6;336.3,452.9;301.1,468.5;269.9,470.4
196#367.5,573.1;393.4,531.5;359.2,514.5;329.0,511.0;310.9,537.4;322.1,578.0;345.6,513.0;363.6,455.4;365.1,452.0;371.2,408.8;410.0,504.7;408.5,495.4;390.5,459.8;336.8,452.0;302.1,465.6;270.4,465.1
197#361.6,564.4;391.9,526.2;358.7,513.6;329.4,508.7;318.7,532.2;325.5,570.2;345.1,510.7;363.6,454.1;364.6,451.1;369.9,408.6;411.5,499.9;410.5,489.2;389.9,457.0;337.2,451.1;303.1,462.8;270.8,459.8
198#355.8,555.7;390.4,521.0;358.2,512.7;329.9,506.3;326.5,526.9;328.9,562.5;344.5,508.3;363.6,452.7;364.1,450.2;368.7,408.4;412.9,495.2;412.4,482.9;389.4,454.1;337.7,450.2;304.0,459.9;271.3,454.6
199#349.9,547.0;388.9,515.7;357.7,511.8;330.4,504.0;334.3,521.6;332.3,554.8;344.0,506.0;363.6,451.3;363.6,449.3;367.5,408.3;414.3,490.4;414.3,476.7;388.9,451.3;338.2,449.3;305.0,457.1;271.8,449.3
200#354.5,545.2;391.5,511.3;359.0,508.1;331.0,502.2;333.0,515.3;329.0,548.5;344.7,504.2;358.4,446.2;359.0,444.3;363.6,403.3;411.7,475.6;401.9,471.6;383.1,445.6;333.6,444.9;302.4,448.2;271.8,439.1
201#359.0,543.4;394.2,507.0;360.3,504.3;331.7,500.4;331.7,508.9;325.8,542.1;345.3,502.4;353.1,441.2;354.5,439.2;359.6,398.2;409.1,460.7;389.6,466.6;377.2,439.9;329.1,440.5;299.7,439.2;271.8,428.8
202#363.6,541.6;396.8,502.6;361.6,500.6;332.3,498.6;330.4,502.6;322.5,535.8;346.0,500.6;347.9,436.1;349.9,434.2;355.7,393.2;406.5,445.9;377.2,461.5;371.4,434.2;324.5,436.1;297.1,430.3;271.8,418.6
203#356.7,536.6;397.8,499.5;360.6,501.4;331.4,493.6;350.9,517.0;323.5,526.8;347.0,501.4;347.0,433.1;347.0,431.1;352.8,390.1;403.6,440.9;376.3,456.5;366.5,431.1;325.5,431.1;296.2,423.3;270.8,409.6
204#357.7,528.7;398.8,495.5;359.7,497.4;328.4,489.6;351.9,505.2;326.5,515.0;346.0,493.5;348.0,429.1;349.9,427.1;353.8,386.1;408.5,436.9;385.1,442.7;371.4,429.1;324.5,427.1;297.2,415.4;271.8,399.8
205#356.7,518.4;397.8,489.1;360.6,493.0;325.5,483.3;356.7,487.2;327.4,506.7;341.1,485.2;348.9,422.7;348.9,422.7;356.7,381.7;403.6,416.9;382.1,442.3;372.4,424.7;325.5,420.8;298.1,407.1;272.8,391.5
206#358.7,508.4;395.8,477.2;360.6,483.0;323.5,475.2;348.9,492.8;327.4,498.7;339.2,475.2;350.9,416.6;350.9,418.6;360.6,379.5;401.7,406.9;391.9,416.6;376.3,418.6;327.4,410.8;300.1,397.1;272.8,381.5
207#357.7,500.5;394.9,465.3;355.8,469.2;324.5,461.4;351.9,471.2;326.5,488.8;340.2,467.3;351.9,406.7;353.8,406.7;367.5,365.7;375.3,385.2;385.1,393.1;373.4,408.7;330.4,398.9;299.1,389.1;273.8,371.6
208#353.9,492.4;392.9,457.3;359.7,459.2;328.5,449.5;351.9,474.9;328.5,478.8;344.1,457.3;353.9,392.8;353.9,390.9;375.4,351.8;410.5,383.1;377.3,414.3;371.5,396.7;332.4,387.0;301.1,379.1;273.8,363.5
209#349.2,486.5;392.2,449.4;360.9,441.6;329.7,433.7;325.8,425.9;323.8,472.8;345.3,439.6;357.0,375.1;357.0,375.1;374.6,334.1;405.9,394.7;374.6,400.5;374.6,377.1;337.5,369.3;304.3,369.3;275.0,355.6
210#349.3,476.6;390.3,437.5;361.0,416.0;329.7,404.3;347.3,435.6;325.8,466.8;345.4,410.2;361.0,355.5;359.0,353.5;376.6,314.5;411.8,380.9;384.4,378.9;382.5,357.4;335.6,351.6;300.4,355.5;277.0,347.7
211#351.0,469.3;382.3,426.3;356.9,389.2;331.5,385.3;337.4,420.5;327.6,455.6;345.2,385.3;364.7,330.6;362.7,332.6;370.6,291.6;419.4,375.5;411.6,359.9;386.2,330.6;339.3,330.6;306.1,344.3;276.8,338.4
212#348.1,461.1;375.4,416.2;355.9,367.4;332.4,361.5;336.4,404.5;328.5,447.4;344.2,363.4;361.7,314.6;359.8,312.7;371.5,271.6;418.4,367.4;406.7,343.9;385.2,314.6;336.4,308.8;309.0,332.2;277.8,328.3
213#349.1,453.1;372.5,398.4;354.9,343.7;329.5,341.7;337.4,390.6;329.5,441.3;341.3,343.7;360.8,290.9;358.8,294.9;371.5,250.9;417.4,355.4;392.0,322.2;382.3,290.9;337.4,290.9;304.1,318.3;274.9,320.2
214#359.2,440.7;371.6,377.1;353.1,331.9;324.3,327.8;344.9,372.9;330.5,434.5;338.7,327.8;359.2,278.5;357.2,278.5;374.6,238.5;414.7,333.9;400.3,311.4;379.8,278.5;336.7,272.4;305.9,297.0;277.1,311.4
215#368.2,426.6;374.3,361.8;356.1,315.2;325.7,311.2;356.1,351.7;335.8,410.4;341.9,311.2;358.1,264.6;358.1,260.5;373.3,217.0;420.9,333.4;406.7,301.0;382.4,264.6;331.8,256.5;303.4,284.8;283.2,284.8
216#375.8,415.2;382.0,351.4;355.2,304.0;326.4,302.0;355.2,343.1;336.7,392.5;342.9,302.0;361.4,244.3;361.4,244.3;372.7,200.1;402.6,306.1;404.6,277.3;384.0,246.4;334.6,238.1;281.1,262.8;281.1,293.7
217#374.6,384.1;386.9,335.0;354.2,290.0;327.6,290.0;352.1,335.0;337.8,398.5;341.9,290.0;360.3,226.5;360.3,226.5;375.7,190.7;409.4,287.9;401.2,259.3;382.8,228.6;331.6,224.5;288.7,238.8;249.8,257.2
218#370.3,361.0;393.3,319.7;361.1,276.0;329.0,276.0;349.7,331.2;338.2,400.1;345.1,276.0;358.9,211.7;358.9,211.7;369.2,164.6;420.9,296.7;402.5,243.9;384.1,214.0;329.0,207.1;280.8,216.3;237.1,216.3
219#420.4,327.3;395.6,302.5;366.6,261.1;335.6,261.1;341.8,321.1;337.7,385.2;350.1,261.1;358.4,194.9;358.4,190.8;365.6,152.5;420.4,254.9;403.9,228.0;383.2,194.9;329.4,190.8;339.7,228.0;356.3,252.8
220#422.0,320.9;403.7,289.4;377.5,252.7;340.8,265.9;335.6,331.4;343.4,391.7;356.5,258.0;353.9,179.4;351.3,182.0;360.5,125.6;422.0,239.6;411.6,216.0;380.1,182.0;325.1,176.7;283.1,179.4;249.1,163.6
221#423.0,314.1;403.8,276.8;376.2,238.5;341.0,250.0;338.7,313.1;334.6,361.3;356.7,243.2;352.0,167.8;349.4,168.6;354.1,114.5;424.7,224.0;408.4,202.9;376.0,169.9;326.2,165.7;295.3,172.7;272.1,165.0
222#423.9,307.3;404.0,264.2;374.9,224.4;341.2,234.1;341.7,294.8;325.8,331.0;356.9,228.4;350.0,156.3;347.5,155.2;347.7,103.4;427.5,208.5;405.2,189.8;372.0,157.8;327.4,154.7;307.5,166.1;295.2,166.4
223#424.9,300.4;404.1,251.7;373.6,210.2;341.5,218.1;344.8,276.5;317.1,300.6;357.2,213.7;348.1,144.7;345.7,141.7;341.3,92.4;430.2,192.9;401.9,176.8;367.9,145.8;328.5,143.6;319.8,159.4;318.2,167.9
224#425.8,293.6;404.3,239.1;372.3,196.1;341.7,202.2;347.8,258.2;308.3,270.3;357.4,198.9;346.1,133.2;343.8,128.3;334.9,81.3;433.0,177.4;398.7,163.7;363.9,133.7;329.7,132.6;332.0,152.8;341.3,169.3
225#426.8,286.8;404.4,226.5;371.0,181.9;341.9,186.3;350.9,239.9;299.5,239.9;357.6,184.1;344.2,121.6;341.9,114.9;328.5,70.2;435.7,161.8;395.5,150.6;359.8,121.6;330.8,121.6;344.2,146.1;364.3,170.7
