1#810.1,631.3;866.2,540.8;956.6,536.5;991.1,545.1;956.6,665.7;991.1,777.7;973.9,540.8;870.5,433.1;874.8,437.4;818.8,385.7;760.6,306.0;823.1,364.1;883.4,411.5;853.2,450.3;771.4,424.4;715.4,377.0
2#812.1,631.7;864.8,539.4;961.5,539.4;987.8,548.2;948.3,666.8;987.8,776.7;974.7,543.8;864.8,433.9;873.6,433.9;816.5,385.6;763.7,310.9;825.3,368.0;882.4,412.0;847.2,451.5;768.1,425.1;715.4,376.8
3#813.3,628.5;857.4,536.0;945.6,544.8;985.2,549.2;932.3,668.2;985.2,774.0;967.6,544.8;861.8,434.6;870.6,439.0;817.7,386.1;758.2,304.5;826.5,368.5;879.4,412.5;839.8,452.2;769.2,425.8;716.3,377.3
4#811.5,629.4;851.8,535.3;945.9,548.8;972.7,553.2;923.5,674.2;981.7,772.7;959.3,553.2;860.8,436.8;865.2,436.8;811.5,383.1;766.7,311.4;824.9,360.7;883.2,418.9;838.4,454.7;762.2,427.8;717.4,378.6
5#808.1,631.9;847.9,534.5;936.5,552.2;963.0,556.6;909.9,680.6;980.7,769.1;949.7,552.2;856.8,437.2;861.2,441.6;808.1,388.5;761.6,306.6;821.4,366.3;874.5,423.9;830.2,454.9;759.4,432.7;715.2,375.2
6#805.3,632.4;837.2,532.1;928.3,554.9;946.6,564.1;901.0,687.1;978.5,773.8;937.5,559.5;846.3,445.5;850.8,445.5;800.7,386.3;764.2,308.8;823.5,363.5;864.5,431.9;818.9,454.6;750.5,431.9;718.6,377.2
7#804.9,625.9;818.4,527.4;912.4,558.7;921.3,563.2;894.5,693.0;979.5,778.1;916.9,558.7;836.3,446.8;840.8,442.3;791.5,393.1;764.7,312.5;818.4,366.2;863.1,428.9;813.9,455.8;746.8,433.4;715.4,379.6
8#802.9,620.3;798.5,523.3;908.7,554.2;886.7,563.0;895.5,686.4;974.8,770.2;895.5,558.6;829.3,430.8;829.3,430.8;780.9,377.9;752.2,309.5;829.3,342.6;851.4,408.7;794.1,452.8;741.2,435.2;710.3,377.9
9#945.2,752.9;776.7,517.1;890.4,542.3;856.7,550.8;890.4,668.7;953.6,757.1;869.4,546.5;814.6,420.2;814.6,411.8;759.9,357.1;791.5,321.3;844.1,336.0;844.1,403.4;780.9,432.9;726.2,437.1;709.4,378.1
10#794.6,613.5;763.4,527.9;849.1,520.1;829.6,531.8;856.9,644.7;930.9,734.3;837.4,527.9;794.6,391.5;790.7,387.7;747.8,337.0;779.0,309.8;845.2,325.3;821.8,376.0;763.4,414.9;716.7,434.4;708.9,379.9
11#784.3,607.8;745.0,529.2;847.2,501.6;804.0,517.4;815.8,627.5;902.3,702.2;831.5,509.5;772.5,375.8;768.6,364.0;725.3,305.1;784.3,305.1;847.2,316.9;804.0,360.1;741.1,391.6;709.6,434.8;705.7,379.8
12#786.0,618.1;721.1,524.3;825.7,477.4;786.0,491.9;749.9,589.3;854.6,661.4;804.1,484.6;746.3,362.0;739.1,351.2;704.9,288.0;768.0,297.1;840.1,311.5;778.8,344.0;710.3,376.4;695.8,434.1;692.2,372.8
13#780.7,615.3;735.8,538.3;803.1,455.0;764.6,474.2;697.3,551.2;793.5,621.7;783.9,467.8;716.5,345.9;710.1,329.9;682.9,283.4;716.5,378.0;764.6,378.0;755.0,326.7;674.8,365.2;662.0,422.9;684.5,403.6
14#778.1,620.3;722.2,540.0;781.6,456.1;736.2,466.6;648.9,512.0;732.7,585.4;760.7,463.1;694.3,337.3;690.8,323.3;661.1,255.2;690.8,365.3;753.7,365.3;732.7,312.9;652.4,351.3;620.9,407.2;634.9,379.2
15#779.1,627.0;723.2,541.3;749.3,455.6;697.1,451.9;607.7,466.8;667.3,548.7;723.2,455.6;697.1,310.2;704.6,302.8;645.0,246.9;678.5,243.2;749.3,254.3;730.7,302.8;656.1,325.1;656.1,369.9;607.7,310.2
16#781.1,634.3;732.3,545.6;719.0,443.5;665.8,443.5;572.6,430.2;617.0,514.5;692.4,443.5;661.3,306.0;661.3,297.2;625.9,230.6;807.7,350.4;776.7,332.7;710.1,297.2;617.0,314.9;554.9,323.8;563.8,261.7
17#770.3,630.5;728.5,537.5;695.9,435.1;630.8,430.4;542.4,388.6;570.3,486.3;658.7,435.1;630.8,295.5;630.8,290.9;598.2,221.1;607.5,169.9;649.4,221.1;677.3,286.2;584.2,304.8;533.1,276.9;528.4,207.1
18#746.7,618.8;699.9,520.4;662.4,417.3;601.5,417.3;512.5,365.8;526.5,464.2;634.3,417.3;601.5,281.4;601.5,276.8;578.1,206.5;592.1,164.3;615.5,206.5;643.7,272.1;559.3,286.1;507.8,253.3;512.5,197.1
19#712.3,601.0;679.0,505.8;631.4,420.2;569.6,410.6;479.2,348.8;483.9,444.0;598.1,415.4;574.3,272.7;574.3,272.7;536.3,201.3;579.1,177.5;602.9,215.6;612.4,263.2;531.5,277.4;483.9,263.2;503.0,210.8
20#662.8,583.5;652.2,484.1;606.1,413.2;535.1,413.2;457.1,345.8;439.4,423.8;567.1,413.2;549.3,271.3;549.3,267.8;513.9,196.8;584.8,182.7;606.1,239.4;595.4,260.7;496.1,274.9;478.4,274.9;517.4,218.1
21#601.6,540.5;623.5,443.6;567.3,412.4;501.7,403.0;433.0,340.6;404.9,412.4;532.9,406.2;526.7,268.7;526.7,262.5;497.0,195.4;582.9,200.0;604.7,256.3;573.5,259.4;489.2,278.1;489.2,343.7;501.7,318.7
22#545.7,523.2;598.0,425.1;539.2,405.5;467.3,405.5;405.2,336.9;379.1,412.1;503.2,405.5;500.0,268.3;500.0,265.0;475.5,191.5;588.2,212.7;598.0,268.3;552.3,255.2;451.0,274.8;454.2,333.6;490.2,307.5
23#506.0,511.6;564.7,413.8;506.0,397.5;440.8,390.9;378.8,332.2;378.8,426.8;470.1,390.9;473.4,260.5;473.4,254.0;462.0,183.8;587.5,218.1;587.5,273.5;528.8,250.7;417.9,270.3;431.0,325.7;463.6,299.6
24#494.4,520.1;524.6,406.2;494.4,386.1;427.4,376.0;360.4,329.1;377.1,429.6;460.9,379.4;457.6,248.7;457.6,238.6;435.8,173.2;584.9,231.9;571.5,275.5;511.2,241.9;403.9,255.4;403.9,315.7;440.8,292.2
25#490.7,522.9;494.2,414.6;473.3,365.6;413.8,362.1;350.9,334.1;378.9,439.0;445.3,365.6;445.3,236.3;441.8,222.3;426.1,154.1;581.6,243.3;553.7,274.7;501.2,236.3;392.8,232.8;368.4,271.2;420.8,281.7
26#476.6,510.1;480.0,410.8;459.4,356.0;397.8,345.7;349.9,345.7;377.3,445.0;428.6,356.0;435.5,219.1;432.0,212.2;420.1,142.0;572.4,249.9;541.6,273.8;490.3,225.9;377.3,212.2;322.5,243.0;346.5,236.2
27#455.7,481.7;478.3,368.5;449.2,339.4;387.8,339.4;355.5,345.9;381.3,455.8;420.1,339.4;429.8,213.4;426.6,200.4;415.3,130.9;572.1,252.2;533.3,274.8;484.8,219.8;374.9,203.7;303.8,206.9;323.2,203.7
28#454.1,447.8;482.2,347.7;444.7,329.0;382.1,332.1;360.2,350.8;382.1,463.4;410.3,332.1;425.9,207.0;425.9,194.5;421.2,124.1;572.9,260.2;526.0,272.7;482.2,216.4;372.8,197.6;319.6,172.6;352.4,124.1
29#467.4,408.3;492.7,310.4;448.5,329.3;385.3,332.5;366.3,373.6;388.4,477.9;413.7,332.5;429.5,196.6;429.5,187.1;424.8,116.0;571.7,266.1;527.5,269.3;483.2,206.1;378.9,184.0;342.6,122.3;420.0,228.2
30#482.7,371.5;496.6,284.8;458.5,316.0;389.2,322.9;382.3,388.8;389.2,489.3;427.3,319.5;444.6,187.8;444.6,180.9;439.4,109.9;579.7,274.4;534.7,267.5;500.1,205.1;392.6,170.5;340.7,142.8;342.4,109.9
31#507.0,342.7;517.4,266.5;479.3,301.2;413.4,315.0;396.1,405.1;392.6,498.7;444.6,308.1;458.5,179.9;461.9,173.0;467.1,108.9;593.6,283.8;545.1,263.0;517.4,197.2;406.5,159.1;344.1,162.6;342.4,108.9
32#523.2,326.8;516.3,257.6;499.0,292.2;429.8,309.5;412.5,406.3;391.8,492.8;464.4,299.1;481.7,171.1;481.7,164.2;493.8,100.2;606.3,302.5;561.3,254.1;540.5,188.4;429.8,153.8;360.7,164.2;346.8,126.1
33#539.3,347.4;539.3,265.0;521.4,279.3;449.7,293.6;428.2,390.5;410.2,483.7;482.0,290.1;503.5,161.0;503.5,153.8;508.9,91.0;603.9,304.4;586.0,247.0;564.4,178.9;449.7,146.6;381.6,171.7;356.5,135.9
34#543.3,362.2;550.4,266.3;539.7,273.4;468.7,277.0;443.8,372.9;436.7,468.8;507.8,273.4;514.9,152.6;514.9,145.5;516.6,86.9;610.8,294.7;603.7,234.3;575.3,159.7;461.6,142.0;397.6,177.5;362.1,145.5
35#543.7,376.2;547.0,299.1;553.7,265.6;493.4,265.6;459.9,356.1;449.8,453.3;523.5,265.6;526.9,141.6;526.9,131.5;525.2,76.2;614.0,272.3;630.8,218.7;583.9,144.9;469.9,138.2;409.6,181.8;366.0,158.4
36#546.4,392.4;549.8,296.7;566.9,262.5;508.8,262.5;464.4,330.9;464.4,433.4;539.6,262.5;536.1,132.7;536.1,119.0;531.0,52.3;618.2,224.9;655.8,190.8;594.2,136.1;478.0,132.7;423.3,183.9;372.1,170.3
37#551.3,409.5;551.3,312.4;572.1,263.9;516.6,253.5;471.5,302.0;478.5,402.6;544.3,260.4;544.3,125.2;540.9,114.8;528.7,43.8;669.1,156.4;672.6,163.4;603.3,121.8;485.4,132.2;436.9,187.6;381.4,170.3
38#553.9,425.5;561.2,326.2;587.0,241.7;524.5,241.7;473.0,278.4;491.4,370.3;553.9,245.3;546.5,116.7;546.5,105.7;537.4,34.0;634.8,98.3;682.5,131.4;605.4,109.3;491.4,124.0;451.0,186.5;406.9,164.5
39#557.7,439.1;573.5,336.5;589.3,245.8;526.1,233.9;482.7,253.7;502.5,336.5;557.7,241.8;549.8,111.6;549.8,103.7;528.1,26.8;622.8,34.7;683.9,84.0;605.0,99.8;498.5,119.5;463.0,178.7;439.3,143.2
40#567.4,455.1;583.8,344.6;592.0,246.4;534.7,234.1;481.5,221.8;514.2,307.8;563.3,242.3;555.1,103.1;555.1,103.1;532.6,31.4;647.2,31.4;661.6,49.9;604.3,86.7;506.0,107.2;465.1,172.7;473.3,119.5
41#583.8,465.1;592.0,358.3;600.2,255.6;542.7,243.3;497.5,214.6;530.4,296.7;567.4,247.4;555.1,103.7;555.1,107.8;536.6,27.7;651.6,27.7;643.4,35.9;604.3,95.4;501.7,116.0;460.6,173.5;481.1,136.5
42#594.3,471.4;603.6,364.3;594.3,266.6;533.8,266.6;589.6,350.4;594.3,462.1;566.4,266.6;561.7,117.6;561.7,117.6;543.1,43.1;633.9,26.8;645.5,52.4;608.3,108.2;510.5,126.9;473.2,187.4;487.2,178.1
43#606.2,455.2;620.1,371.5;601.6,278.6;531.9,278.6;587.6,325.1;583.0,339.0;569.0,278.6;564.4,139.2;564.4,134.6;545.8,55.6;650.3,48.6;662.0,97.4;610.8,125.3;513.3,148.5;476.1,218.2;499.3,195.0
44#611.9,425.4;628.8,349.4;599.2,290.3;535.9,294.5;573.9,319.9;578.1,366.3;569.7,294.5;565.4,151.0;565.4,146.7;552.8,75.0;662.6,75.0;662.6,125.6;616.1,142.5;514.8,163.6;489.4,235.4;506.3,214.3
45#626.0,396.2;632.3,310.6;600.6,285.3;543.5,294.8;565.7,320.1;578.4,393.0;572.1,291.6;565.7,168.0;565.7,155.3;559.4,88.7;657.7,110.9;664.0,158.5;613.3,155.3;524.5,174.3;505.5,247.2;534.0,215.5
46#637.4,391.1;640.6,295.0;595.8,298.2;544.6,311.0;567.0,333.4;579.8,413.5;570.2,304.6;573.4,176.5;573.4,166.9;565.4,107.6;656.7,141.2;663.1,189.3;621.4,166.9;525.3,186.1;499.7,256.5;515.7,227.7
47#652.0,405.4;642.8,300.8;599.7,300.8;547.4,310.0;568.9,346.9;587.4,433.1;572.0,306.9;575.1,187.0;575.1,177.7;573.5,117.8;661.2,171.6;661.2,217.7;621.2,180.8;528.9,193.1;498.2,270.0;519.7,245.4
48#651.4,440.2;651.4,332.4;588.5,311.5;540.6,317.5;585.5,347.4;579.5,437.2;564.6,314.5;573.6,197.8;576.6,182.8;572.1,127.5;666.3,197.8;660.3,236.7;624.4,191.8;528.7,203.8;498.8,278.6;534.7,251.7
49#659.1,478.0;656.0,363.6;598.8,335.0;541.6,335.0;595.6,350.9;567.0,427.1;570.2,335.0;576.5,207.9;576.5,192.0;568.6,130.0;668.7,230.1;659.1,261.9;627.4,201.5;525.7,214.2;493.9,287.3;525.7,309.6
50#658.0,504.1;661.8,390.9;605.2,341.9;541.1,353.2;510.9,349.4;544.8,417.3;575.0,341.9;575.0,221.1;575.0,202.2;563.7,138.1;673.1,258.9;658.0,281.5;631.6,213.6;522.2,224.9;480.7,289.0;522.2,307.9
51#663.8,531.1;659.8,419.4;611.9,351.6;560.1,355.6;512.2,359.6;532.2,423.4;580.0,355.6;572.0,228.0;572.0,208.1;564.1,144.2;671.7,275.9;655.8,287.8;627.9,224.0;520.2,232.0;468.3,291.8;508.2,263.9
52#663.7,544.3;652.2,448.5;613.9,352.7;556.4,352.7;533.4,341.2;544.9,417.8;583.3,352.7;571.8,230.1;567.9,210.9;558.3,143.8;663.7,306.7;656.1,295.2;625.4,222.4;514.3,233.9;468.3,287.5;483.6,268.4
53#658.7,554.4;647.5,453.4;617.6,356.2;557.7,359.9;546.5,337.5;550.2,457.2;587.6,356.2;568.9,232.8;568.9,225.3;552.1,152.4;662.5,330.0;658.7,303.8;628.8,229.0;516.6,232.8;479.2,273.9;497.9,199.1
54#634.3,555.7;652.4,450.7;616.2,349.3;561.8,349.3;558.2,392.8;551.0,479.7;590.8,349.3;576.3,240.7;572.7,233.4;552.8,170.1;666.9,349.3;659.6,313.1;630.6,240.7;525.6,240.7;493.0,266.0;493.0,208.1
55#614.7,537.5;651.1,450.1;618.3,355.5;560.1,359.1;549.1,413.7;549.1,512.0;589.2,359.1;581.9,249.9;581.9,242.6;554.6,175.2;672.9,373.7;662.0,322.7;636.5,249.9;527.3,242.6;494.5,289.9;501.8,235.3
56#608.4,513.7;647.2,439.6;618.9,369.0;562.5,369.0;555.4,439.6;548.4,538.5;590.7,369.0;587.2,256.1;583.6,245.5;567.8,180.2;671.9,383.2;671.9,333.8;643.6,259.6;534.2,252.6;509.5,319.6;502.5,266.7
57#610.0,490.6;627.9,436.8;624.3,386.6;567.0,386.6;552.6,469.1;549.0,562.3;595.6,386.6;592.0,264.8;588.5,250.5;572.3,184.1;670.9,372.3;685.2,336.5;649.4,264.8;541.9,264.8;516.8,329.3;513.2,282.7
58#623.6,496.8;616.1,459.4;634.8,391.9;578.7,395.7;556.2,485.6;548.7,586.7;608.6,395.7;597.4,268.3;597.4,257.1;580.5,199.0;672.3,335.8;698.5,328.3;653.6,268.3;544.9,268.3;526.2,332.0;515.0,305.8
59#625.2,468.6;640.7,383.7;636.8,391.4;578.9,399.1;559.6,503.4;548.0,607.6;609.8,395.2;605.9,267.8;605.9,260.1;588.6,192.5;675.4,306.4;706.3,318.0;660.0,267.8;555.7,271.7;544.1,321.9;555.7,329.6
60#636.3,482.5;636.3,413.7;636.3,394.6;579.0,398.4;559.9,505.4;544.6,612.3;609.6,394.6;609.6,268.5;609.6,264.7;592.4,197.8;663.0,249.4;708.9,291.4;655.4,264.7;559.9,268.5;544.6,329.6;529.3,364.0
61#641.9,507.0;638.2,421.1;638.2,395.0;582.2,398.7;559.8,499.5;552.3,592.8;608.3,398.7;608.3,271.8;608.3,268.1;591.5,202.8;668.0,227.1;705.4,268.1;660.6,264.4;559.8,279.3;541.1,350.2;518.8,365.2
62#642.7,544.9;639.1,459.1;646.3,398.3;589.1,398.3;556.9,477.0;564.0,566.3;617.7,401.9;610.5,284.0;606.9,273.2;590.9,210.7;662.3,210.7;696.3,251.8;657.0,273.2;556.9,291.1;539.0,355.5;517.6,391.2
63#646.6,570.9;639.7,477.5;643.2,404.8;584.3,401.3;553.2,449.8;567.0,532.8;615.5,404.8;601.7,287.1;601.7,283.6;572.2,223.1;669.1,230.0;698.6,266.3;650.1,273.3;553.2,307.9;539.4,373.6;515.1,404.8
64#645.0,588.2;637.8,490.7;637.8,411.2;580.0,407.6;547.5,432.9;565.5,501.5;608.9,411.2;594.4,299.3;590.8,292.0;560.1,228.8;673.9,248.7;699.1,284.8;641.4,277.6;543.9,317.3;529.4,382.3;511.4,432.9
65#645.3,607.9;641.5,502.0;630.2,411.2;573.4,411.2;550.7,441.5;554.5,483.1;603.7,411.2;577.2,297.7;577.2,293.9;552.6,223.9;675.6,271.2;690.7,305.3;626.4,275.0;531.8,316.6;520.4,384.7;512.9,445.2
66#655.5,621.8;643.1,519.1;630.8,420.6;569.2,416.5;552.8,469.8;552.8,515.0;597.9,416.5;561.0,297.3;561.0,289.1;534.3,233.7;676.0,289.1;676.0,317.9;610.3,276.8;511.7,317.9;503.5,395.9;511.7,457.5
67#654.2,611.5;637.2,518.3;620.3,412.5;556.8,416.7;548.3,492.9;552.5,539.5;586.4,416.7;548.3,293.9;548.3,289.7;529.2,232.5;671.1,306.6;658.4,323.6;603.4,277.0;497.5,315.1;493.3,399.8;506.0,446.4
68#645.5,599.0;638.3,505.3;605.8,408.0;548.2,411.6;548.2,505.3;548.2,548.6;577.0,411.6;548.2,289.1;548.2,281.9;535.6,226.1;663.5,325.1;645.5,332.4;598.6,278.3;494.1,303.5;476.1,375.6;504.9,433.3
69#636.4,575.8;647.1,479.3;586.4,397.0;529.2,400.6;554.2,443.5;547.0,529.3;557.8,397.0;547.0,289.8;547.0,282.7;538.1,223.7;665.0,343.4;636.4,339.9;600.7,282.7;493.4,300.5;457.7,368.5;507.7,386.3
70#631.4,556.7;654.2,462.4;572.9,390.8;511.1,400.6;563.1,459.1;543.6,540.4;543.6,394.1;543.6,293.3;546.9,280.3;542.0,229.9;670.4,364.8;637.9,348.5;595.6,286.8;491.6,296.5;446.0,342.0;498.1,377.8
71#629.7,532.7;666.6,442.1;572.6,395.1;508.9,405.2;562.5,472.3;542.4,562.9;542.4,401.8;542.4,291.1;545.8,281.0;540.7,229.0;659.9,378.3;633.0,344.8;596.1,287.7;488.7,294.5;435.0,324.7;468.6,311.2
72#631.7,503.0;677.1,419.1;572.3,387.7;512.8,408.6;558.3,489.1;540.8,583.4;540.8,398.2;540.8,289.8;544.3,282.8;532.1,225.1;656.2,380.7;635.2,342.2;593.2,289.8;488.4,286.3;442.9,289.8;488.4,244.3
73#627.8,477.0;682.9,398.2;572.7,390.3;513.6,410.0;549.0,504.5;537.2,603.0;545.1,398.2;537.2,280.1;537.2,284.0;527.4,207.2;647.5,402.1;635.7,343.1;592.3,284.0;482.1,264.3;446.7,260.4;488.0,215.1
74#626.2,450.4;683.8,380.5;580.9,396.9;523.2,409.3;535.6,516.3;535.6,623.4;556.2,405.2;535.6,277.5;539.7,273.4;525.3,201.4;630.3,392.8;638.5,335.2;593.2,277.5;482.1,269.3;453.2,244.6;467.7,201.4
75#623.2,443.8;683.3,367.6;583.1,395.6;522.9,411.7;522.9,528.0;531.0,624.2;555.0,407.7;535.0,271.3;535.0,267.3;524.9,201.2;623.2,371.6;647.2,327.5;591.1,271.3;478.8,267.3;450.8,255.3;468.8,209.2
76#624.7,457.3;674.5,373.1;586.4,399.9;525.1,411.4;525.1,518.6;517.4,618.2;555.7,407.5;536.6,277.3;536.6,269.7;527.0,210.3;601.7,338.6;647.7,315.6;590.2,273.5;479.1,277.3;448.5,285.0;473.4,218.0
77#627.8,484.9;662.2,400.7;578.0,396.9;520.7,408.4;524.5,515.5;509.2,615.0;551.3,404.6;539.8,278.3;536.0,274.5;518.7,207.5;612.5,301.3;643.1,305.1;593.3,274.5;486.2,285.9;463.3,316.6;470.9,259.2
78#629.5,519.9;644.5,433.2;576.7,388.0;516.4,406.8;516.4,512.3;512.7,602.8;546.6,395.5;535.3,278.7;531.5,278.7;518.3,212.8;580.5,297.6;621.9,286.3;584.3,271.2;482.5,282.5;467.5,339.0;478.8,290.0
79#624.4,540.8;631.9,450.5;571.7,379.1;515.3,390.3;507.7,491.9;515.3,578.4;541.6,386.6;526.5,277.5;530.3,277.5;513.4,204.1;545.4,224.8;598.0,254.9;579.2,266.2;473.9,281.3;466.4,356.5;488.9,330.2
80#624.4,560.5;616.9,471.4;572.4,393.5;513.0,400.9;494.5,478.9;509.3,553.1;542.7,393.5;520.5,278.5;520.5,267.3;505.6,208.0;527.9,196.8;572.4,233.9;565.0,263.6;472.2,289.6;468.5,360.1;475.9,326.7
81#623.1,584.8;602.8,491.4;566.2,385.7;513.4,389.8;468.7,454.8;501.2,527.9;537.8,385.7;509.3,280.1;509.3,272.0;493.1,207.0;525.6,186.7;550.0,227.3;550.0,263.9;464.7,296.4;456.5,361.4;456.5,341.0
82#627.8,602.9;598.2,501.5;556.0,387.5;496.9,396.0;450.4,434.0;488.4,505.8;530.7,391.8;496.9,282.0;496.9,277.7;471.5,206.0;518.0,206.0;511.7,191.2;539.1,265.1;450.4,290.4;437.8,358.0;412.4,370.6
83#635.5,600.8;601.5,506.3;544.8,396.6;484.3,400.4;431.4,419.3;473.0,491.2;514.5,400.4;484.3,283.2;488.1,287.0;463.5,217.0;522.1,234.1;548.6,268.1;533.5,271.9;438.9,290.8;404.9,351.3;393.5,370.2
84#619.5,589.9;604.9,494.8;531.7,410.7;462.3,418.0;425.7,407.1;451.3,491.2;502.5,414.4;469.6,290.1;469.6,297.4;445.8,226.1;520.8,268.1;546.4,297.4;513.5,275.4;422.0,301.0;378.2,348.6;422.0,304.7
85#600.6,567.4;603.8,481.0;514.2,413.8;453.4,413.8;424.6,429.8;427.8,493.8;482.2,413.8;456.6,301.7;456.6,304.9;442.2,245.7;523.8,288.9;539.8,314.5;501.4,288.9;415.0,311.3;373.4,340.1;392.6,282.5
86#575.1,539.9;598.2,461.7;499.8,424.1;441.9,424.1;415.9,418.3;401.4,499.4;473.8,424.1;444.8,314.1;444.8,314.1;428.9,254.8;528.8,308.3;537.4,334.4;488.2,302.5;404.3,328.6;415.9,357.5;462.2,334.4
87#548.5,517.6;578.9,436.8;485.4,436.8;429.9,436.8;402.1,434.2;379.3,512.5;462.7,436.8;437.4,328.2;437.4,323.1;418.5,268.8;528.3,328.2;535.9,353.4;480.4,318.1;397.0,335.7;412.2,368.6;432.4,355.9
88#516.6,505.3;555.1,418.0;485.8,443.7;426.8,446.3;401.1,441.1;370.3,536.1;455.0,446.3;434.5,335.9;434.5,328.2;420.3,270.5;532.0,351.3;532.0,371.8;478.1,325.6;393.4,343.6;398.5,379.5;372.9,305.1
89#497.7,502.9;520.3,423.9;478.0,454.9;421.5,460.6;390.4,480.3;365.0,559.4;452.5,460.6;435.6,339.1;432.8,336.3;420.1,275.6;531.6,364.6;517.5,381.5;478.0,333.5;393.2,342.0;362.2,384.3;370.6,327.8
90#473.8,531.8;507.0,443.3;468.3,459.9;415.7,462.6;388.0,498.6;363.1,578.9;446.2,459.9;432.3,346.4;432.3,340.9;425.4,284.1;531.9,387.9;518.1,393.4;479.4,340.9;385.3,346.4;357.6,404.5;354.8,365.8
91#470.9,549.0;502.3,460.4;473.7,454.7;419.4,460.4;390.8,511.8;362.2,597.6;445.1,457.5;436.6,348.9;436.6,340.3;426.6,296.0;528.1,414.6;516.6,411.8;485.2,343.1;390.8,351.7;356.5,411.8;362.2,388.9
92#468.7,565.3;501.9,477.7;480.8,450.5;420.4,453.5;390.1,520.0;359.9,610.6;447.6,453.5;444.5,347.7;444.5,347.7;434.0,291.8;511.0,417.2;523.1,408.2;492.9,344.7;396.2,353.8;363.0,405.1;387.1,420.2
93#467.7,581.3;496.1,502.4;486.6,451.9;426.6,455.1;391.9,524.5;360.4,616.1;461.4,451.9;455.0,350.9;455.0,347.8;444.0,286.2;505.5,429.8;540.3,407.8;505.5,347.8;407.7,350.9;376.1,410.9;366.7,426.7
94#466.7,605.1;498.2,516.9;495.1,454.0;432.1,450.8;391.2,516.9;362.8,605.1;463.6,454.0;463.6,353.2;463.6,346.9;449.4,288.7;520.2,413.0;564.3,400.4;517.1,350.1;416.3,353.2;391.2,406.7;366.0,438.2
95#462.4,624.0;490.6,536.3;496.9,458.0;437.4,451.8;396.7,508.1;381.0,589.5;468.7,458.0;471.8,357.9;471.8,348.5;457.7,293.7;547.0,386.0;587.7,392.3;521.9,354.7;421.7,361.0;396.7,417.3;374.8,451.8
96#459.0,642.8;485.6,552.9;495.6,462.9;439.0,456.3;405.7,496.2;399.0,576.2;469.0,459.6;475.6,359.7;475.6,356.4;464.0,291.5;555.6,359.7;592.2,376.4;525.6,353.1;425.7,363.0;399.0,426.3;375.7,462.9
97#460.3,659.4;485.4,577.1;496.1,473.3;442.4,462.6;410.2,505.5;421.0,552.1;467.5,469.8;481.8,358.8;481.8,355.3;472.8,292.6;574.8,326.6;589.1,366.0;531.9,351.7;431.7,366.0;403.1,430.4;378.0,473.3
98#467.4,674.8;485.4,581.1;499.8,480.2;442.2,473.0;474.6,570.3;503.4,570.3;471.0,480.2;481.8,357.7;481.8,354.1;480.0,291.0;586.3,328.9;582.7,361.3;528.6,343.3;435.0,364.9;402.5,426.2;380.9,491.0
99#480.8,668.9;484.5,581.3;502.7,479.1;444.3,471.8;477.2,570.3;517.3,584.9;473.5,475.4;480.8,354.9;480.8,347.6;486.3,287.4;579.4,351.3;583.0,373.2;524.6,344.0;433.4,362.2;400.5,431.6;382.3,497.3
100#487.6,655.6;502.1,579.6;502.1,478.2;444.1,467.3;469.5,539.7;386.2,557.8;473.1,470.9;480.3,355.1;483.9,347.8;485.8,288.1;585.3,365.9;578.1,391.3;531.0,344.2;433.3,358.7;404.3,423.9;397.0,478.2
101#507.6,637.6;532.0,562.3;503.8,472.6;447.9,466.6;488.2,538.2;424.0,577.3;475.8,469.0;486.8,356.2;489.2,351.3;494.7,287.5;583.8,389.2;575.3,401.2;536.5,347.7;441.9,358.6;415.2,421.7;428.8,464.0
102#527.6,619.5;562.0,545.1;505.4,467.1;451.7,465.9;506.8,536.7;461.9,596.8;478.6,467.1;493.2,357.2;494.4,354.8;503.7,287.0;582.3,412.4;572.6,411.1;542.1,351.1;450.6,358.4;426.2,419.5;460.6,449.9
103#547.6,601.5;591.9,527.8;507.1,461.5;455.5,465.2;525.5,535.2;499.7,616.3;481.3,465.2;499.7,358.3;499.7,358.3;512.6,286.4;580.8,435.7;569.8,421.0;547.6,354.6;459.2,358.3;437.1,417.3;492.4,435.7
104#572.9,585.9;607.0,507.5;518.3,459.7;463.7,466.6;525.1,545.0;501.2,633.7;491.0,463.2;504.7,357.4;504.7,357.4;513.2,290.9;576.3,449.5;579.7,422.2;552.4,357.4;456.9,357.4;456.9,422.2;497.8,442.7
105#594.5,559.4;618.9,479.2;531.7,458.3;476.0,468.7;524.8,559.4;500.4,650.0;503.9,465.3;510.8,357.2;510.8,357.2;516.1,299.6;584.0,454.8;591.0,416.4;559.6,353.7;465.5,364.1;469.0,419.9;507.3,440.8
106#605.1,543.3;624.5,461.6;554.5,457.7;492.3,477.1;507.8,566.6;500.0,663.9;523.4,465.5;519.5,352.6;519.5,352.6;521.4,280.7;585.6,442.1;601.2,411.0;570.1,352.6;476.7,352.6;449.5,376.0;426.1,372.1
107#609.6,519.6;629.4,440.0;561.8,452.0;502.2,467.9;498.2,587.2;498.2,666.7;534.0,459.9;530.0,348.6;530.0,348.6;528.0,275.0;597.6,432.1;621.5,404.2;577.8,348.6;490.3,348.6;474.4,384.3;426.6,388.3
108#604.7,505.0;627.1,430.5;571.2,452.9;511.6,464.0;507.9,557.2;496.7,654.0;541.4,456.6;541.4,348.6;541.4,352.3;547.0,272.2;604.7,397.0;645.7,389.6;589.8,344.9;496.7,348.6;481.8,397.0;511.6,408.2
109#593.3,508.6;611.6,431.9;575.1,453.8;513.0,457.5;516.7,556.0;498.4,650.9;545.9,457.5;553.2,344.3;553.2,347.9;555.0,280.4;618.9,355.2;659.0,377.1;604.3,344.3;509.4,340.6;491.1,402.7;513.0,431.9
110#589.8,522.4;604.5,449.0;586.2,456.3;523.8,467.3;523.8,555.4;505.4,650.8;556.8,460.0;564.2,342.5;564.2,349.9;562.3,278.3;622.9,342.5;663.2,357.2;611.9,342.5;520.1,338.9;501.8,386.6;509.1,415.9
111#593.3,547.1;593.3,475.6;589.9,451.8;535.4,458.6;525.2,560.7;521.8,645.8;562.7,458.6;572.9,346.2;572.9,356.5;571.2,290.1;630.8,305.4;661.4,342.8;617.1,346.2;532.0,342.8;511.6,400.7;535.4,397.3
112#596.3,569.1;586.9,496.8;599.4,446.6;549.1,446.6;520.9,544.0;533.4,622.6;574.3,446.6;583.7,349.1;583.7,355.4;566.4,291.0;643.4,305.2;662.3,339.7;627.7,349.1;539.7,346.0;517.7,399.4;527.1,418.3
113#597.3,579.9;588.4,506.0;612.0,455.7;561.8,452.7;517.4,529.6;547.0,600.6;585.4,455.7;585.4,352.2;585.4,358.1;569.2,300.5;650.5,322.6;677.1,349.3;629.8,352.2;544.0,352.2;499.7,358.1;511.5,440.9
114#601.1,592.8;586.5,522.4;615.8,454.9;565.9,452.0;504.3,504.8;542.5,557.6;592.3,454.9;586.5,358.1;586.5,358.1;561.5,306.8;653.9,334.6;689.1,361.1;630.5,355.2;539.5,352.3;501.4,366.9;530.7,437.3
115#604.5,612.1;589.5,534.3;619.4,450.6;565.6,444.6;505.8,480.5;532.7,546.3;595.5,447.6;589.5,357.9;589.5,357.9;567.1,302.6;652.3,351.9;694.2,369.9;634.4,351.9;541.7,357.9;502.8,390.8;493.8,411.7
116#604.4,626.0;601.1,541.6;624.7,457.2;567.3,447.1;499.8,453.9;533.6,524.7;597.7,453.9;587.6,356.0;587.6,356.0;562.2,296.9;655.1,366.1;695.6,369.5;634.8,349.2;536.9,356.0;530.2,416.7;536.9,413.4
117#606.3,632.7;613.2,545.5;627.2,461.7;571.4,451.2;491.1,447.7;522.5,521.0;599.3,461.7;585.3,350.0;585.3,346.5;559.1,292.4;648.1,364.0;697.0,364.0;634.2,343.0;536.5,353.5;526.0,409.4;508.5,405.9
118#609.2,633.0;616.4,536.5;634.2,450.8;573.5,440.1;491.3,454.3;519.9,532.9;605.6,450.8;587.8,343.6;587.8,340.0;557.4,291.8;652.1,361.5;698.5,354.3;637.8,336.5;541.3,347.2;523.5,397.2;516.3,422.2
119#610.6,626.5;617.6,527.9;635.2,453.9;575.4,439.9;490.9,478.6;519.0,559.6;607.1,443.4;589.5,337.7;585.9,334.2;563.0,286.7;645.8,341.3;702.1,341.3;635.2,330.7;540.2,341.3;512.0,390.6;543.7,401.1
120#626.8,621.2;632.6,527.4;639.2,448.4;580.0,437.3;502.1,485.8;524.4,565.4;611.1,439.6;596.4,336.5;593.4,333.0;573.2,283.0;651.5,335.4;700.7,341.2;640.9,330.1;549.0,339.5;522.6,388.1;554.8,395.1
121#642.9,615.9;647.6,527.0;643.1,442.9;584.7,434.7;513.3,492.9;529.7,571.3;615.1,435.9;603.4,335.3;601.0,331.8;583.4,279.2;657.1,329.5;699.3,341.1;646.6,329.4;557.8,337.7;533.2,385.6;565.9,389.1
122#659.1,610.5;662.6,526.5;647.1,437.3;589.4,432.0;524.5,500.1;535.1,577.1;619.1,432.1;610.3,334.0;608.5,330.5;593.6,275.5;662.8,323.7;697.9,341.1;652.3,328.8;566.5,335.8;543.7,383.1;577.0,383.1
123#675.3,605.2;677.6,526.0;651.0,431.8;594.0,429.4;535.7,507.3;540.5,582.9;623.1,428.3;617.2,332.8;616.0,329.3;603.8,271.8;668.5,317.8;696.5,341.0;658.0,328.2;575.3,334.0;554.3,380.6;588.1,377.1
124#691.4,599.9;692.6,525.6;655.0,426.3;598.6,426.8;546.9,514.4;545.8,588.8;627.1,424.6;624.2,331.6;623.6,328.1;614.0,268.0;674.1,311.9;695.1,340.9;663.7,327.5;584.1,332.2;564.9,378.1;599.2,371.1
125#707.6,594.6;707.6,525.1;658.9,420.8;603.3,424.2;558.1,521.6;551.2,594.6;631.1,420.8;631.1,330.4;631.1,326.9;624.2,264.3;679.8,306.0;693.7,340.8;669.4,326.9;592.9,330.4;575.5,375.6;610.3,365.1
126#729.3,600.3;722.6,527.3;666.2,437.7;613.1,437.7;556.7,520.7;506.9,567.1;639.7,437.7;636.3,341.5;636.3,341.5;624.7,280.1;659.6,381.3;696.1,371.4;676.2,334.9;593.2,344.8;583.2,391.3;606.5,388.0
127#750.5,602.9;734.8,524.3;675.0,426.8;621.5,430.0;558.7,496.0;609.0,540.0;649.8,430.0;637.3,338.8;637.3,338.8;634.1,279.1;668.7,373.4;700.2,376.5;678.2,335.7;599.5,345.1;593.2,398.5;621.5,379.7
128#788.8,590.4;745.4,519.1;689.6,432.3;633.7,438.5;562.4,475.7;630.6,519.1;661.6,432.3;639.9,342.3;639.9,339.2;633.7,280.3;670.9,379.5;702.0,385.7;683.3,336.1;596.5,345.4;596.5,401.2;627.5,382.6
129#804.2,577.5;748.3,515.4;695.6,428.4;639.7,434.6;568.2,471.9;649.0,521.6;667.6,428.4;639.7,341.4;639.7,338.3;631.9,287.1;673.8,391.1;708.0,388.0;683.1,335.2;599.3,350.8;602.4,406.7;630.3,391.1
130#795.1,566.5;753.3,504.7;697.6,422.3;642.3,430.1;584.3,479.8;654.0,534.5;669.5,423.0;643.0,336.4;643.0,334.6;637.4,280.9;693.0,379.7;713.2,373.7;686.2,330.0;602.1,344.6;591.8,393.6;619.1,379.7
131#786.1,555.4;758.2,494.0;699.6,416.3;644.8,425.6;600.5,487.8;658.9,547.4;671.5,417.7;646.2,331.4;646.2,331.0;643.0,274.7;712.1,368.3;718.4,359.4;689.3,324.8;604.9,338.5;581.3,380.5;607.9,368.3
132#777.0,544.4;763.2,483.3;701.7,410.2;647.4,421.2;616.6,495.7;663.9,560.3;673.4,412.3;649.5,326.4;649.5,327.3;648.5,268.5;731.3,357.0;723.7,345.0;692.4,319.7;607.8,332.3;570.7,367.5;596.8,357.0
133#768.0,533.3;768.1,472.6;703.7,404.2;649.9,416.7;632.8,503.7;668.8,573.2;675.4,407.0;652.7,321.4;652.7,323.7;654.1,262.3;750.4,345.6;728.9,330.7;695.5,314.5;610.6,326.2;560.2,354.4;585.6,345.6
134#758.9,522.3;773.1,461.9;705.7,398.1;652.5,412.2;648.9,511.6;673.8,586.1;677.3,401.6;656.0,316.4;656.0,320.0;659.6,256.1;769.6,334.2;734.1,316.4;698.6,309.3;613.4,320.0;549.6,341.3;574.4,334.2
135#750.5,488.9;774.4,430.8;706.0,393.1;651.2,410.2;654.6,506.1;668.3,584.8;678.6,400.0;661.5,307.6;664.9,311.0;666.6,251.1;771.0,321.3;767.6,317.9;706.0,300.7;620.4,311.0;565.7,317.9;569.1,297.3
136#739.0,455.3;776.9,403.6;711.5,389.9;659.8,407.1;656.4,510.4;659.8,579.2;683.9,396.7;670.2,300.3;670.2,307.2;675.3,240.1;773.5,317.5;770.0,324.4;711.5,293.4;628.9,300.3;615.1,365.8;625.4,424.3
137#727.4,437.2;771.6,375.9;724.0,382.7;666.0,396.4;659.2,478.1;659.2,559.9;689.9,393.0;679.7,294.2;679.7,301.0;681.4,238.0;768.2,321.4;771.6,331.6;724.0,290.8;635.4,294.2;574.1,304.4;563.9,301.0
138#718.3,445.2;757.2,364.2;724.8,383.7;663.2,390.1;656.7,467.9;663.2,532.7;689.1,383.7;685.9,289.7;685.9,292.9;694.0,233.0;757.2,335.1;770.1,341.5;734.5,289.7;643.8,289.7;595.2,299.4;566.0,302.7
139#713.6,450.5;752.8,372.1;722.0,363.7;666.0,369.3;657.6,450.5;657.6,534.5;694.0,369.3;694.0,288.1;694.0,290.9;694.0,232.1;758.4,338.5;766.8,346.9;738.8,290.9;652.0,282.5;598.8,304.9;570.8,304.9
140#713.7,465.5;745.3,394.5;724.3,357.7;669.1,360.3;658.5,426.1;655.9,502.3;698.0,360.3;698.0,286.7;698.0,289.3;700.6,234.1;771.6,373.5;761.1,344.6;742.7,289.3;655.9,281.5;611.2,305.1;571.8,313.0
141#712.1,477.9;740.0,404.2;723.5,359.0;668.1,358.2;655.2,424.4;652.5,501.9;696.1,358.9;698.2,286.8;698.2,290.9;699.4,235.4;767.5,376.5;761.0,345.0;740.9,290.2;656.0,282.9;610.6,311.2;571.9,322.7
142#710.5,490.2;734.6,413.9;722.8,360.3;667.1,356.1;651.9,422.7;649.2,501.6;694.1,357.4;698.4,286.9;698.4,292.4;698.2,236.7;763.3,379.5;760.9,345.4;739.0,291.0;656.2,284.3;610.0,317.2;572.0,332.4
143#708.8,502.6;729.3,423.6;722.0,361.7;666.0,353.9;648.6,421.0;645.9,501.2;692.2,356.0;698.5,287.0;698.5,293.9;697.1,238.0;759.1,382.5;760.7,345.7;737.2,291.9;656.4,285.7;609.3,323.2;572.1,342.1
144#707.2,514.9;724.0,433.3;721.2,363.0;665.0,351.8;645.3,419.3;642.5,500.8;690.3,354.6;698.7,287.1;698.7,295.5;695.9,239.3;755.0,385.5;760.6,346.1;735.3,292.7;656.5,287.1;608.7,329.3;572.2,351.8
145#706.7,522.4;721.8,434.9;712.8,362.4;655.4,359.4;664.5,416.7;646.3,498.3;682.6,359.4;694.6,283.9;694.6,289.9;694.6,229.5;749.0,380.5;761.1,338.2;733.9,286.9;655.4,280.9;613.1,323.1;576.9,362.4
146#712.3,525.2;715.3,437.6;700.7,361.7;651.0,367.6;665.6,428.9;645.2,513.6;674.4,358.8;689.0,282.9;689.0,282.9;693.4,240.6;750.3,382.2;762.0,335.4;732.8,282.9;642.3,280.0;601.4,320.8;572.2,367.6
147#709.3,511.1;721.2,436.1;696.0,363.4;645.2,370.7;661.5,438.1;644.6,531.0;669.6,362.6;684.9,284.3;684.9,282.1;690.6,236.8;750.1,384.8;756.8,334.8;729.6,283.2;637.1,281.3;592.2,317.3;581.6,345.2
148#706.2,497.1;727.1,434.7;691.3,365.1;639.3,373.7;657.5,447.2;644.0,548.5;664.8,366.3;680.7,285.8;680.7,281.3;687.7,232.9;749.8,387.5;751.5,334.2;726.3,283.6;632.0,282.6;582.9,313.9;590.9,322.9
149#703.2,483.0;733.0,433.2;686.6,366.8;633.5,376.8;653.4,456.4;643.4,565.9;660.0,370.1;676.6,287.2;676.6,280.5;684.9,229.1;749.6,390.1;746.3,333.6;723.1,283.9;626.8,283.9;573.7,310.4;600.3,300.5
150#697.1,466.4;744.0,426.6;682.6,358.1;628.5,368.9;632.1,498.8;642.9,589.1;653.8,365.3;668.2,289.5;668.2,282.3;684.4,222.7;754.8,386.9;747.6,332.8;711.5,289.5;624.9,282.3;588.8,300.3;606.8,296.7
151#702.5,460.4;747.1,419.3;671.7,364.5;623.8,374.8;623.8,498.1;640.9,611.2;647.7,371.4;661.4,289.2;661.4,289.2;683.7,236.1;760.8,368.0;743.7,326.8;706.0,285.7;620.3,289.2;620.3,357.7;596.3,463.9
152#705.4,464.6;738.1,415.5;666.1,369.7;613.7,376.2;626.8,454.8;626.8,536.5;639.9,376.2;662.8,291.2;662.8,294.5;677.5,243.8;767.5,356.6;738.1,327.2;695.5,287.9;630.1,294.5;626.8,359.9;646.5,431.9
