1#877.4,696.7;923.8,600.0;1055.4,658.0;1020.5,669.6;962.5,781.8;873.5,708.3;1032.1,658.0;931.5,514.9;931.5,511.0;889.0,445.2;846.4,360.1;900.6,410.4;966.4,511.0;892.9,518.7;819.3,483.9;788.4,425.9
2#874.6,699.9;900.4,600.4;1022.0,652.0;992.6,659.4;955.7,784.7;1040.5,836.3;1003.6,655.7;918.8,515.6;918.8,512.0;878.3,445.6;944.6,626.2;926.2,585.7;959.4,512.0;885.7,519.3;815.6,486.2;782.5,427.2
3#854.2,688.5;871.3,589.1;990.7,633.6;969.6,640.2;936.8,763.0;1017.6,820.2;977.6,637.4;898.1,496.9;898.1,493.2;857.8,426.2;907.4,592.0;891.0,561.0;931.0,495.1;874.1,498.8;810.2,462.3;763.3,415.1
4#833.9,677.1;842.1,577.8;959.5,615.2;946.6,621.0;917.9,741.2;994.8,804.1;951.5,619.0;877.4,478.2;877.4,474.5;837.2,406.9;870.1,557.8;855.8,536.3;902.6,478.1;862.5,478.3;804.8,438.5;744.0,403.0
5#813.5,665.7;813.0,566.5;928.2,596.8;923.6,601.8;899.0,719.5;971.9,788.0;925.5,600.7;856.7,459.5;856.7,455.7;816.7,387.5;832.9,523.6;820.6,511.7;874.2,461.2;851.0,457.8;799.5,414.6;724.8,391.0
6#793.2,654.3;783.8,555.2;896.9,578.4;900.6,582.6;880.1,697.7;949.1,771.9;899.4,582.3;836.0,440.8;836.0,436.9;796.1,368.2;795.6,489.4;785.4,487.0;845.8,444.2;839.4,437.3;794.1,390.7;705.6,378.9
7#772.8,642.8;754.7,544.0;865.7,560.1;877.6,563.3;861.2,676.0;926.2,755.8;873.4,564.0;815.2,422.0;815.2,418.2;775.6,348.8;758.4,455.3;750.2,462.3;817.3,427.3;827.8,416.9;788.7,366.9;686.3,366.8
8#752.5,631.4;725.5,532.7;834.4,541.7;854.6,544.1;842.3,654.2;903.4,739.7;847.3,545.6;794.5,403.3;794.5,399.4;755.0,329.5;721.1,421.1;715.0,437.6;788.9,410.3;816.2,396.4;783.3,343.0;667.1,354.7
9#732.1,620.0;696.4,521.4;803.1,523.3;831.6,524.9;823.4,632.5;880.5,723.6;821.3,527.3;773.8,384.6;773.8,380.6;734.5,310.1;683.9,386.9;679.8,413.0;760.5,393.4;804.7,375.9;778.0,319.1;647.9,342.7
10#711.8,608.6;667.2,510.1;771.9,504.9;808.6,505.7;804.5,610.7;857.7,707.5;795.2,508.9;753.1,365.9;753.1,361.9;713.9,290.8;646.6,352.7;644.6,388.3;732.1,376.4;793.1,355.4;772.6,295.3;628.6,330.6
11#691.4,597.2;638.1,498.8;740.6,486.5;785.6,486.5;785.6,589.0;834.8,691.4;769.2,490.6;732.4,347.2;732.4,343.1;693.4,271.4;609.4,318.5;609.4,363.6;703.7,359.5;781.5,334.9;767.2,271.4;609.4,318.5
12#703.3,614.7;657.3,514.5;722.2,486.2;738.1,487.4;720.1,545.1;745.0,639.9;735.3,489.3;700.5,347.0;700.5,342.8;668.9,269.8;616.7,296.8;621.4,343.8;691.0,353.9;726.6,340.2;703.9,286.6;590.4,307.6
13#715.1,632.2;676.6,530.3;703.9,485.9;690.5,488.3;654.6,501.2;655.3,588.4;701.5,488.0;668.7,346.8;668.7,342.4;644.4,268.3;623.9,275.1;633.5,324.0;678.2,348.2;671.7,345.5;640.6,301.8;571.3,296.6
14#727.0,649.6;695.8,546.0;685.6,485.6;643.0,489.2;589.1,457.4;565.5,536.8;667.6,486.6;636.8,346.7;636.8,342.1;619.9,266.8;631.2,253.4;645.5,304.1;665.5,342.6;616.8,350.8;577.3,317.0;552.2,285.6
15#738.9,667.1;715.0,561.8;667.2,485.3;595.4,490.1;523.6,413.5;475.8,485.3;633.7,485.3;605.0,346.5;605.0,341.7;595.4,265.2;638.5,231.7;657.6,284.3;652.8,336.9;561.9,356.1;514.0,332.2;533.2,274.7
16#521.8,472.9;497.0,439.8;588.1,439.8;538.4,431.5;477.6,426.0;430.7,478.4;568.8,434.3;582.6,351.4;579.8,345.9;571.5,285.1;607.4,390.1;640.6,310.0;624.0,345.9;541.1,354.2;510.8,343.1;530.1,287.9
17#398.9,486.2;449.7,432.5;521.4,444.4;551.3,465.3;509.4,513.1;392.9,492.2;536.3,456.4;557.3,357.7;557.3,354.8;548.3,286.0;629.0,280.1;640.9,342.8;593.1,354.8;518.4,366.7;640.9,342.8;632.0,280.1
18#561.0,604.2;619.2,497.1;533.5,497.1;493.7,506.3;420.3,423.6;383.5,509.3;502.9,497.1;539.6,374.7;539.6,359.4;538.1,296.6;629.9,302.8;631.4,356.3;591.6,374.7;490.7,368.6;426.4,426.7;389.7,500.2
19#534.7,631.9;579.7,507.3;520.9,500.4;455.1,496.9;403.2,427.7;385.9,524.6;486.3,496.9;514.0,368.9;514.0,358.5;529.5,284.1;624.7,320.4;614.3,379.3;558.9,379.3;465.5,358.5;451.7,410.4;475.9,410.4
20#536.4,646.8;532.7,548.1;492.5,489.6;430.3,482.3;379.1,460.4;382.8,544.5;463.2,482.3;488.8,358.0;492.5,343.4;508.9,272.1;620.5,343.4;594.9,394.6;540.0,361.7;445.0,347.0;419.4,409.2;496.1,394.6
21#525.0,647.6;509.9,523.4;479.8,478.2;423.4,466.9;378.2,459.4;374.4,564.8;449.7,470.7;479.8,346.5;483.6,331.4;500.5,258.0;607.8,365.3;577.7,399.2;536.3,350.2;434.7,342.7;412.1,399.2;453.5,384.1
22#486.0,628.6;507.6,506.4;457.3,448.9;392.6,448.9;389.0,477.6;374.6,574.6;424.9,448.9;478.8,330.3;478.8,319.5;502.2,256.6;597.4,380.6;554.3,402.1;536.3,337.5;424.9,319.5;407.0,377.0;439.3,380.6
23#462.1,596.0;509.7,480.3;445.0,432.6;377.0,436.0;387.2,476.9;370.1,585.8;411.0,432.6;468.9,320.3;475.7,306.7;504.6,240.3;601.6,381.5;554.0,402.0;537.0,333.9;407.6,293.0;353.1,367.9;424.6,367.9
24#452.1,554.3;522.5,455.8;445.1,438.2;374.7,427.7;385.3,494.5;353.6,603.5;409.9,438.2;480.2,311.6;483.8,297.5;510.1,221.9;606.9,389.0;550.6,399.5;536.5,329.2;427.5,287.0;381.7,336.2;360.6,385.5
25#460.0,516.5;534.2,431.2;434.1,453.5;374.7,449.8;382.1,512.8;356.2,624.1;404.4,453.5;482.3,301.4;489.7,290.3;519.4,216.1;604.7,401.5;552.7,397.8;537.9,323.7;434.1,279.1;404.4,338.5;482.3,383.0
26#475.1,495.6;530.2,410.8;449.7,436.2;381.8,427.8;377.6,529.5;352.2,639.8;415.8,432.0;492.1,296.3;496.3,283.6;534.5,207.3;606.6,410.8;564.2,398.1;543.0,321.8;441.2,270.9;424.2,338.7;483.6,393.8
27#497.0,475.1;547.5,382.4;463.3,428.8;395.8,416.1;383.2,529.9;353.7,643.6;429.6,424.5;501.2,285.5;505.4,277.1;545.4,199.2;623.3,433.0;577.0,395.1;551.7,315.0;454.8,260.2;433.8,331.9;459.0,348.7
28#526.7,482.3;558.5,382.4;472.2,423.3;413.2,423.3;395.0,532.3;363.2,645.8;444.9,423.3;508.5,282.5;517.6,273.4;558.5,196.2;617.5,450.5;594.8,391.5;563.0,314.3;454.0,264.3;454.0,323.4;476.7,355.2
29#528.5,507.8;558.4,402.9;493.5,417.9;423.6,412.9;413.6,522.8;393.6,642.6;458.5,417.9;523.5,278.1;523.5,273.1;558.4,188.2;613.4,437.9;603.4,387.9;578.4,303.0;468.5,253.1;478.5,163.2;481.0,135.7
30#528.4,530.9;555.1,419.7;497.2,410.8;430.5,410.8;434.9,517.6;417.1,628.8;461.6,415.3;532.8,272.9;532.8,259.5;555.1,183.9;604.0,384.1;630.7,361.9;586.2,290.7;479.4,241.7;452.7,312.9;483.9,326.3
31#530.1,550.0;553.8,439.1;522.1,415.4;454.8,411.4;450.9,494.6;439.0,609.4;490.5,415.4;541.9,264.9;541.9,261.0;553.8,181.8;609.2,332.2;652.8,340.2;593.4,280.8;490.5,249.1;454.8,185.8;480.6,160.0
32#531.3,576.3;560.2,468.8;543.7,411.0;477.5,411.0;461.0,464.7;461.0,572.2;510.6,411.0;543.7,262.1;543.7,258.0;547.8,175.3;655.3,295.2;663.6,303.5;601.5,266.2;485.8,245.6;469.2,212.5;487.8,148.4
33#532.3,593.9;563.7,495.1;559.2,409.7;491.8,400.8;478.4,445.7;478.4,535.5;523.3,405.3;541.3,252.5;541.3,248.0;541.3,171.7;626.6,221.1;671.5,266.0;595.2,257.0;491.8,248.0;473.9,212.1;496.3,162.7
34#538.3,612.0;574.1,500.1;569.6,410.6;498.0,406.1;489.1,415.1;502.5,504.6;533.8,410.6;547.2,240.6;547.2,240.6;533.8,169.0;623.3,164.5;668.1,218.2;600.9,240.6;493.5,245.0;489.1,218.2;498.0,182.4
35#560.6,606.5;582.8,490.1;577.2,401.4;505.1,401.4;444.1,406.9;532.9,473.4;538.4,401.4;549.5,240.6;549.5,246.1;532.9,157.4;632.7,113.0;660.4,185.1;605.0,229.5;499.6,246.1;516.2,235.0;538.4,235.0
36#576.4,590.4;607.2,477.7;581.6,406.0;509.9,395.8;571.3,426.5;550.8,472.6;545.7,400.9;556.0,242.1;550.8,242.1;540.6,160.2;653.3,103.9;653.3,165.3;607.2,231.9;499.6,247.3;499.6,298.5;530.3,283.1
37#596.6,558.6;617.7,453.1;592.3,402.4;516.4,398.2;499.5,389.7;562.8,461.5;554.3,402.4;558.6,242.0;554.3,242.0;550.1,161.8;662.0,113.3;659.9,170.3;613.4,229.4;503.7,254.7;495.3,318.0;533.2,296.9
38#613.9,519.0;621.5,411.9;583.3,392.8;518.3,392.8;537.4,381.3;568.0,473.1;552.7,392.8;560.3,247.4;560.3,243.6;552.7,167.1;665.5,142.3;671.2,197.7;617.7,232.1;510.6,255.1;495.3,327.7;533.5,308.6
39#622.2,484.9;628.3,393.1;594.7,393.1;518.1,399.2;576.3,390.0;570.2,500.2;557.9,396.1;567.1,255.3;564.0,243.1;551.8,175.8;671.2,163.5;677.3,224.7;619.1,246.2;512.0,261.5;493.7,331.9;533.4,319.6
40#641.3,470.6;641.3,358.0;593.5,388.7;521.9,395.6;573.1,426.3;569.6,518.4;559.4,388.7;569.6,259.1;569.6,248.8;562.8,177.2;668.6,190.8;678.8,248.8;624.2,248.8;515.1,265.9;494.6,347.8;484.3,364.9
41#643.9,480.4;647.1,369.4;594.9,398.8;529.6,398.8;575.3,428.2;565.5,519.6;562.2,395.5;572.0,264.9;572.0,251.8;570.4,181.6;670.0,215.9;670.0,274.7;621.0,258.4;516.5,271.4;496.9,343.3;483.9,382.4
42#652.2,517.1;652.2,388.9;602.9,398.7;520.8,402.0;589.8,405.3;563.5,510.5;563.5,395.5;573.3,267.3;573.3,254.1;571.7,176.9;668.7,244.3;665.4,300.1;625.9,260.7;517.5,273.8;484.6,349.4;530.6,326.4
43#654.4,545.2;650.9,422.3;605.3,397.7;531.5,397.7;549.1,383.7;556.1,492.5;566.6,397.7;573.7,267.8;577.2,253.7;578.9,178.2;672.0,260.8;668.5,313.4;626.3,260.8;521.0,271.3;475.3,348.6;528.0,331.0
44#657.1,566.4;649.4,442.5;606.8,403.8;533.3,403.8;510.0,411.5;541.0,469.6;572.0,403.8;575.8,268.3;575.8,252.8;575.8,171.5;676.5,279.9;664.9,326.4;626.2,264.4;517.8,272.2;463.6,330.2;510.0,318.6
45#657.4,586.4;653.3,479.5;616.3,413.6;542.2,413.6;595.7,417.8;509.3,475.3;579.3,413.6;575.2,265.6;575.2,249.1;566.9,171.0;682.1,310.8;665.6,339.6;636.8,261.5;513.5,265.6;447.6,314.9;480.5,282.0
46#661.8,599.3;648.5,497.9;613.3,414.1;547.1,409.7;555.9,431.7;525.1,497.9;582.4,414.1;573.6,259.7;569.2,250.9;560.3,167.1;679.4,334.7;661.8,347.9;639.7,259.7;507.4,259.7;432.4,290.6;481.0,242.1
47#658.0,609.4;648.9,495.6;621.6,413.7;544.2,400.0;544.2,422.8;526.0,513.8;585.2,404.6;576.1,258.9;571.5,254.4;557.9,172.5;685.3,359.1;662.5,359.1;639.8,258.9;512.4,254.4;448.7,268.0;471.4,190.7
48#635.0,603.1;655.9,494.6;630.8,411.1;551.5,402.8;547.3,440.3;539.0,528.0;589.1,402.8;576.6,265.0;572.4,248.3;545.3,175.3;655.9,356.8;672.6,352.7;643.3,260.8;518.1,265.0;539.0,310.9;559.9,315.1
49#618.4,578.2;651.7,481.9;629.5,422.7;559.1,415.3;548.0,437.5;544.3,541.2;592.4,415.3;585.0,267.2;581.3,256.1;553.6,176.4;681.3,393.1;677.6,359.7;648.0,267.2;525.8,270.9;485.1,289.4;488.8,219.0
50#615.0,541.5;642.6,413.7;635.7,424.1;563.2,424.1;549.4,458.6;542.5,565.6;601.2,424.1;590.8,272.1;587.4,258.3;568.4,187.5;680.6,382.6;691.0,351.5;656.4,272.1;528.7,272.1;494.1,313.6;494.1,254.9
51#614.9,519.9;652.3,417.8;631.9,428.0;567.3,428.0;550.3,485.9;540.1,594.8;597.9,428.0;597.9,274.9;594.5,261.3;582.6,188.2;665.9,332.8;713.6,343.0;662.5,271.5;540.1,274.9;502.6,326.0;492.4,271.5
52#666.1,503.6;670.3,404.3;649.6,433.3;583.4,433.3;554.4,511.9;542.0,619.4;616.5,433.3;608.2,276.1;604.1,267.8;585.5,191.3;674.4,317.5;728.2,325.7;670.3,272.0;550.3,276.1;508.9,338.1;496.5,300.9
53#643.1,540.0;643.1,509.9;651.7,419.8;578.7,432.7;552.9,527.1;535.8,638.7;617.3,419.8;613.0,278.1;608.7,265.2;598.0,185.8;686.0,252.3;737.5,295.3;673.1,273.8;552.9,282.4;527.2,342.5;492.8,321.0
54#651.6,504.7;663.7,399.6;651.6,411.7;578.8,427.9;558.6,524.9;538.4,629.9;611.1,423.9;615.2,274.3;615.2,266.3;605.1,191.5;679.8,201.6;732.4,254.1;675.8,266.3;558.6,282.4;522.2,359.2;494.0,343.0
55#659.7,552.5;647.0,480.1;642.7,420.5;578.8,424.8;553.3,505.7;544.8,612.1;612.9,420.5;617.2,271.5;617.2,267.3;600.1,186.4;702.3,182.1;723.6,224.7;668.3,258.7;561.8,280.0;532.0,348.2;493.7,360.9
56#653.6,557.4;640.0,466.9;640.0,421.6;581.2,417.1;544.9,471.4;549.5,575.5;608.3,421.6;608.3,272.2;608.3,263.2;590.2,190.7;685.3,154.5;717.0,213.4;662.6,254.1;554.0,285.8;526.8,362.8;504.2,389.9
57#655.7,593.2;640.4,482.6;640.4,425.4;575.6,421.6;537.5,433.1;548.9,543.6;609.9,425.4;594.7,276.7;594.7,265.3;575.6,192.9;693.8,189.1;716.7,234.8;648.0,257.7;541.3,288.2;518.4,379.7;503.2,410.2
58#655.8,608.6;647.3,490.3;638.9,418.5;567.1,418.5;537.5,410.1;554.4,503.0;600.9,418.5;579.8,275.0;579.8,270.7;560.8,192.6;685.3,207.4;706.5,258.1;638.9,258.1;524.9,291.9;508.0,376.3;495.3,427.0
59#661.9,639.8;648.6,516.5;626.6,428.4;547.4,419.6;529.7,419.6;538.5,468.0;587.0,424.0;565.0,278.6;565.0,269.8;536.3,192.8;683.9,239.0;701.5,287.5;626.6,261.0;512.1,291.9;490.1,375.5;481.3,450.4
60#671.1,637.8;647.7,530.3;619.7,418.1;540.3,418.1;526.2,422.8;535.6,497.6;582.3,418.1;549.6,273.3;549.6,273.3;537.9,182.1;680.5,263.9;666.4,301.3;605.7,263.9;498.2,287.3;470.1,362.1;474.8,427.5
61#660.9,636.4;644.1,523.4;606.5,418.8;531.1,414.6;531.1,406.2;539.5,519.2;568.8,418.8;543.7,272.3;543.7,268.1;529.0,182.3;669.2,289.0;656.7,322.5;602.3,263.9;485.1,280.6;451.6,351.8;476.7,406.2
62#654.6,625.9;654.6,502.3;594.9,417.0;531.0,425.6;556.6,455.4;539.5,544.9;560.8,421.3;543.8,276.4;543.8,267.9;528.9,180.5;667.4,310.5;646.1,336.1;603.4,267.9;484.1,280.7;437.2,344.6;501.2,348.8
63#642.0,602.4;665.0,483.4;580.6,422.0;523.0,433.6;557.5,456.6;538.4,564.0;553.7,425.9;538.4,276.2;538.4,264.7;532.6,189.9;672.7,326.1;645.8,349.1;603.6,272.4;476.9,280.0;404.0,322.3;473.1,326.1
64#638.3,574.7;682.1,461.4;565.3,421.3;506.8,432.2;568.9,472.4;536.0,585.6;536.0,428.6;536.0,278.8;536.0,264.2;530.6,200.3;682.1,348.2;645.6,355.5;598.1,275.2;474.0,278.8;404.6,297.1;452.0,300.7
65#638.9,554.5;697.0,450.7;564.2,425.7;506.0,438.2;560.0,496.3;535.1,625.1;530.9,434.1;539.2,280.4;535.1,272.1;528.9,191.1;668.0,367.6;651.4,359.3;597.4,280.4;477.0,276.3;497.7,334.4;530.9,330.2
66#643.0,523.4;704.6,425.9;560.8,431.1;504.4,441.3;550.6,523.4;535.2,651.8;530.0,431.1;535.2,271.9;535.2,271.9;524.9,189.8;678.9,400.3;648.1,359.2;596.8,282.2;473.6,266.8;417.1,230.9;458.2,164.2
67#639.1,499.0;705.0,404.9;582.6,437.8;516.7,456.7;540.3,550.8;535.6,682.6;545.0,447.3;535.6,277.8;535.6,273.1;521.5,188.4;681.5,414.3;653.3,362.5;601.5,287.2;474.4,273.1;422.6,216.6;443.8,171.9
68#634.2,486.9;704.3,384.4;585.7,438.4;515.5,454.6;520.9,567.9;526.3,697.3;547.9,443.8;537.1,276.6;537.1,276.6;520.9,184.8;666.6,416.8;655.8,368.3;601.9,287.3;477.8,271.2;418.4,228.0;448.1,166.0
69#637.4,488.9;692.1,384.8;582.6,434.1;511.4,439.6;522.4,571.0;516.9,697.0;549.7,439.6;538.8,280.8;538.8,286.3;522.4,193.2;642.8,384.8;664.7,346.5;604.5,286.3;473.1,275.3;423.8,258.9;448.4,168.5
70#638.5,528.4;676.3,420.4;582.0,441.3;509.3,449.0;512.6,573.8;512.9,693.7;546.8,447.6;536.8,289.9;535.5,290.9;515.9,209.6;614.1,343.3;650.0,328.4;597.9,290.9;473.1,287.6;432.2,295.3;447.3,215.0
71#639.5,567.9;660.4,456.1;581.4,448.5;507.1,458.3;502.8,576.6;509.0,690.5;543.8,455.7;534.9,299.0;532.2,295.5;509.5,225.9;585.5,301.7;635.4,310.2;591.4,295.5;473.0,299.8;440.7,331.6;446.2,261.6
72#640.6,607.4;644.6,491.7;580.8,455.7;505.0,467.7;493.0,579.4;505.0,687.2;540.9,463.7;532.9,308.1;528.9,300.1;503.0,242.3;556.8,260.2;620.7,292.1;584.8,300.1;473.0,312.1;449.1,368.0;445.1,308.1
73#641.6,636.9;625.5,529.6;577.2,465.2;512.9,476.0;469.9,551.1;496.8,663.7;545.0,470.6;523.6,320.4;523.6,320.4;496.8,239.9;523.6,218.4;593.3,266.7;577.2,309.6;464.6,331.1;443.1,395.5;437.7,325.7
74#635.5,670.5;612.1,570.7;582.7,482.7;506.5,488.6;453.7,523.8;483.0,635.3;547.5,488.6;506.5,330.2;512.3,324.3;488.9,248.0;524.1,195.2;565.1,248.0;559.3,312.6;459.5,347.8;430.2,406.5;418.5,353.6
75#638.4,697.8;605.4,587.7;572.4,488.5;500.8,488.5;429.2,505.0;478.7,609.7;539.3,488.5;495.2,334.3;489.7,334.3;473.2,246.2;517.3,191.1;544.8,251.7;544.8,317.8;440.2,350.8;401.6,411.4;385.1,389.4
76#651.1,716.2;603.1,604.1;555.0,492.0;491.0,497.3;405.6,481.3;464.3,582.7;523.0,492.0;480.3,337.2;480.3,337.2;453.6,257.1;512.3,225.1;533.7,267.8;528.4,315.8;432.3,358.5;368.2,406.6;362.9,401.2
77#650.7,718.7;605.4,601.0;537.5,501.4;474.1,505.9;401.7,478.8;446.9,578.4;505.8,505.9;460.5,352.0;460.5,342.9;433.4,266.0;517.1,241.1;510.3,247.9;514.8,333.9;406.2,361.0;324.7,383.7;388.1,329.4
78#629.8,703.5;608.7,585.2;528.4,517.6;448.1,517.6;410.0,504.9;410.0,572.5;486.1,517.6;448.1,369.6;443.8,361.2;426.9,280.9;515.7,285.1;536.8,335.8;494.6,361.2;397.4,369.6;342.4,357.0;359.3,285.1
79#599.9,679.1;609.2,562.0;505.0,524.8;427.0,536.0;386.0,487.6;386.0,565.7;464.1,528.5;427.0,383.5;427.0,379.8;415.8,298.0;512.5,316.5;523.6,364.9;482.7,379.8;371.2,394.6;337.7,357.5;337.7,283.1
80#565.0,653.4;596.2,535.3;481.6,545.8;419.1,545.8;502.5,531.9;349.7,580.5;453.8,542.3;422.6,399.9;419.1,399.9;412.2,320.0;512.9,344.3;516.4,393.0;471.2,396.4;370.5,410.3;346.2,365.2;332.3,285.3
81#527.3,627.1;581.1,510.4;470.4,531.4;404.6,525.4;356.7,522.4;332.8,603.2;440.5,516.4;413.6,411.7;413.6,408.7;404.6,342.9;509.3,378.8;512.3,420.7;461.4,405.7;362.7,423.6;335.8,378.8;323.8,324.9
82#520.0,562.2;548.1,497.6;469.4,531.3;401.9,551.0;351.3,553.8;320.4,643.7;438.5,542.5;410.4,421.7;410.4,418.9;404.7,351.4;514.3,404.8;508.7,447.0;460.9,418.9;359.8,430.1;357.0,469.5;323.2,354.2
83#508.5,566.8;527.6,503.3;473.6,592.2;397.4,592.2;352.9,570.0;314.8,671.6;435.5,589.0;413.2,436.6;413.2,427.1;419.6,357.2;508.5,436.6;505.3,471.5;467.2,430.2;362.4,439.8;321.1,430.2;321.1,382.6
84#436.8,636.3;490.9,575.9;471.8,585.4;398.7,585.4;357.4,591.8;319.3,699.8;433.7,585.4;420.9,445.6;420.9,436.1;425.7,361.4;519.5,467.8;506.7,502.8;478.1,439.2;366.9,442.4;319.3,458.3;325.6,413.8
85#423.6,663.3;534.0,542.6;475.4,594.4;402.9,594.4;361.5,601.3;320.1,718.5;437.4,594.4;430.5,439.1;430.5,435.7;428.8,354.6;520.2,487.4;509.9,518.5;489.2,439.1;375.3,435.7;327.0,470.2;323.6,439.1
86#443.4,684.8;507.7,581.2;479.1,595.5;407.6,584.8;364.8,624.1;318.3,731.3;446.9,591.9;439.8,431.2;439.8,427.6;434.4,350.8;486.2,499.1;518.4,509.8;500.5,431.2;386.2,427.6;368.3,488.3;418.4,484.8
87#450.1,700.6;482.7,599.3;486.3,577.6;414.0,574.0;366.9,621.0;323.5,729.5;450.1,577.6;450.1,429.3;450.1,422.0;444.7,344.3;518.9,530.6;555.0,487.2;511.6,425.7;392.3,425.7;385.0,490.8;428.4,479.9
88#445.9,728.4;478.0,617.8;485.1,582.2;421.0,571.5;367.5,600.0;338.9,714.1;453.0,578.6;460.2,425.3;460.2,418.1;444.1,352.1;538.6,453.8;585.0,475.2;520.8,421.7;403.1,428.8;381.7,485.9;442.3,478.7
89#445.6,748.8;475.5,648.0;490.4,580.8;426.9,569.6;374.7,588.3;363.5,689.0;460.5,569.6;464.3,424.0;464.3,416.6;454.9,343.8;542.6,394.2;598.6,450.2;520.2,420.3;408.3,424.0;363.5,506.2;337.4,524.8
90#446.7,767.1;477.0,664.7;488.4,585.1;431.5,562.3;397.4,562.3;397.4,657.1;458.1,573.7;469.4,422.0;469.4,410.6;463.8,359.4;570.0,359.4;602.2,418.2;533.9,410.6;405.0,429.5;359.5,509.2;332.9,516.8
91#451.4,789.3;481.9,684.9;494.9,584.8;425.3,567.4;373.1,550.0;425.3,623.9;460.1,571.7;473.2,415.1;473.2,410.7;471.0,338.9;584.1,338.9;595.0,397.7;534.1,406.4;412.3,419.4;364.4,497.8;329.6,550.0
92#463.7,801.8;486.7,696.1;500.4,567.4;426.9,558.3;381.0,553.7;353.4,622.6;463.7,567.4;472.9,406.6;472.9,406.6;479.8,326.2;587.8,342.3;592.4,406.6;532.6,397.4;413.1,411.2;367.2,493.9;335.0,562.8
93#477.3,795.2;496.0,688.0;505.3,571.5;430.7,557.6;477.3,655.4;523.9,692.7;468.0,562.2;477.3,413.1;477.3,399.1;493.6,331.5;593.8,375.8;589.2,431.7;537.9,403.8;412.1,413.1;356.2,497.0;342.2,576.2
94#492.7,787.3;523.9,675.9;506.0,555.6;439.2,551.2;479.3,680.4;492.7,751.6;470.4,555.6;483.8,408.6;483.8,395.2;494.9,335.1;590.7,399.7;586.2,448.7;541.7,413.1;421.4,404.1;359.0,466.5;408.0,484.3
95#509.7,767.8;559.5,647.3;513.8,556.0;447.4,543.5;509.7,597.5;509.7,730.4;476.5,551.8;493.1,402.3;497.2,394.0;499.3,342.1;592.7,423.1;580.3,464.6;547.1,410.7;434.9,402.3;376.8,452.2;418.3,448.0
96#545.9,742.5;600.7,633.0;514.0,550.8;450.1,546.3;523.1,610.2;504.8,710.6;486.6,550.8;495.7,404.8;500.3,391.1;509.4,308.9;587.0,436.7;582.4,477.8;555.1,409.3;440.9,400.2;386.2,427.6;454.6,427.6
97#583.7,706.8;626.7,599.4;523.6,552.1;459.1,547.8;532.1,608.0;510.7,736.9;489.2,552.1;506.4,401.6;506.4,393.0;504.2,313.5;609.5,461.8;583.7,487.6;566.5,405.9;450.5,393.0;472.0,448.9;506.4,448.9
98#620.2,679.6;648.1,563.6;546.0,554.4;476.4,563.6;536.7,633.2;513.5,758.5;508.8,559.0;513.5,401.2;508.8,391.9;501.9,324.6;573.8,484.7;601.6,480.1;569.2,401.2;457.8,396.6;476.4,466.2;527.4,480.1
99#641.0,644.1;664.5,532.3;552.7,544.1;487.9,549.9;529.2,650.0;511.5,779.5;517.4,549.9;523.3,391.0;517.4,385.1;517.4,296.8;593.9,461.6;623.3,467.5;582.1,391.0;464.4,385.1;470.3,455.8;517.4,449.9
100#649.5,610.2;660.4,495.3;572.9,533.6;507.2,550.0;518.2,670.4;512.7,790.8;540.0,544.5;534.6,380.3;529.1,374.9;523.6,281.8;605.7,462.4;644.0,446.0;589.3,380.3;474.4,363.9;397.8,374.9;386.8,363.9
101#642.9,575.7;653.7,483.1;577.5,537.5;512.2,543.0;517.6,673.7;512.2,782.6;550.3,543.0;539.4,379.6;539.4,379.6;539.4,281.6;626.5,401.4;675.5,423.2;604.7,379.6;479.5,379.6;408.7,390.5;376.0,396.0
102#515.1,764.5;639.1,459.2;586.6,530.8;529.4,545.1;524.6,669.1;515.1,778.8;558.0,540.3;558.0,368.6;558.0,368.6;541.3,280.4;677.2,387.7;686.8,392.5;615.2,368.6;500.8,373.4;419.7,416.3;512.7,280.4
103#605.9,574.5;626.3,487.8;611.0,523.5;534.4,543.9;539.5,661.3;529.3,778.6;570.1,528.6;575.2,370.5;570.1,375.6;559.9,278.6;621.2,309.2;692.6,360.3;626.3,370.5;519.1,365.4;488.5,355.2;519.1,304.1
104#614.7,591.4;634.2,503.6;614.7,518.3;546.4,532.9;541.6,654.8;541.6,766.9;580.6,528.0;590.3,372.0;585.4,372.0;565.9,279.4;631.8,257.4;682.9,323.3;643.9,372.0;536.7,372.0;497.7,381.8;507.4,337.9
105#615.0,621.4;628.6,512.5;619.5,526.1;556.0,526.1;542.3,639.6;560.5,744.0;583.2,526.1;596.8,367.3;596.8,367.3;578.7,285.6;653.5,233.4;678.5,312.8;651.3,362.7;551.4,367.3;501.5,403.6;510.6,358.2
106#615.8,636.7;606.8,537.5;624.8,523.9;570.7,519.4;530.1,596.1;566.2,713.4;593.2,528.4;602.3,361.5;597.7,361.5;584.2,284.8;674.4,253.2;688.0,316.4;647.4,357.0;548.1,370.5;507.5,420.2;512.0,379.6
107#619.2,656.3;594.7,545.9;631.5,525.5;582.4,525.5;521.1,562.3;566.1,680.9;607.0,525.5;607.0,370.0;602.9,366.0;586.5,288.2;666.3,269.8;713.3,333.2;660.1,357.8;557.9,378.2;521.1,439.6;512.9,402.8
108#625.4,682.2;598.3,577.9;640.9,531.5;586.7,531.5;509.4,535.3;552.0,632.0;613.8,531.5;606.1,369.1;602.2,365.3;584.8,286.0;679.5,299.6;729.8,349.8;664.0,361.4;552.0,376.9;528.8,454.2;517.2,427.1
109#624.3,701.5;598.1,592.5;650.4,535.8;585.0,531.4;489.1,505.3;541.4,601.2;615.5,535.8;611.2,370.1;606.8,365.7;574.1,289.4;681.0,313.4;742.0,365.7;667.9,352.6;558.8,374.4;528.3,452.9;532.7,374.4
110#627.9,725.6;619.4,610.7;657.7,512.7;589.6,512.7;491.7,470.2;525.7,580.9;623.6,512.7;602.4,363.7;598.1,355.2;570.4,289.2;674.7,333.9;747.1,372.2;653.4,350.9;551.3,368.0;525.7,453.1;508.7,448.9
111#626.8,740.2;626.8,620.2;655.6,495.5;588.4,500.3;487.6,461.9;516.4,577.1;622.0,500.3;602.8,351.5;598.0,346.7;571.6,262.7;679.6,361.1;746.8,365.9;660.4,337.1;545.2,361.1;516.4,442.7;559.6,437.9
112#628.9,739.6;638.3,617.2;661.9,504.2;586.5,490.0;478.2,475.9;511.2,588.9;624.2,499.5;605.4,339.4;595.9,329.9;574.7,275.8;671.3,334.7;746.6,344.1;666.6,325.2;544.1,348.8;501.8,419.4;506.5,410.0
113#630.8,728.3;644.6,608.5;663.0,484.2;593.9,475.0;483.4,507.2;511.0,626.9;626.1,479.6;607.7,327.6;598.5,313.8;577.8,274.6;672.2,300.0;750.5,313.8;667.6,318.4;547.9,336.8;497.2,392.1;511.0,410.5
114#639.3,722.8;639.3,605.7;662.7,474.7;592.5,465.3;494.2,521.5;512.9,652.6;625.2,474.7;606.5,329.5;606.5,315.5;585.5,266.3;512.9,470.0;732.9,292.1;662.7,315.5;550.3,334.2;498.8,367.0;531.6,315.5
115#653.4,718.6;643.9,600.2;658.1,481.9;587.1,477.1;511.4,552.9;516.1,671.2;625.0,477.1;610.8,316.1;610.8,316.1;601.3,235.7;674.7,214.4;724.4,259.3;667.6,301.9;554.0,325.6;516.1,320.9;563.4,273.5
116#668.8,712.4;668.8,592.9;663.3,473.4;587.3,473.4;533.0,571.2;516.7,690.7;625.3,473.4;625.3,305.0;625.3,305.0;609.0,229.0;695.9,174.7;712.2,234.4;674.2,288.8;571.0,310.5;587.3,239.9;625.3,180.1
117#683.7,700.4;693.4,593.8;674.0,462.9;601.3,462.9;547.9,584.1;514.0,690.7;635.2,462.9;635.2,298.1;635.2,302.9;615.8,220.5;700.6,189.0;707.9,220.5;683.7,293.2;586.7,307.7;606.1,356.2;640.1,346.5
118#709.4,700.4;714.1,587.6;681.2,460.7;610.6,460.7;549.5,568.8;526.0,686.3;648.3,460.7;648.3,300.8;643.6,296.1;634.2,216.2;707.0,185.6;723.5,258.5;695.3,296.1;596.5,305.5;629.5,235.0;669.4,185.6
119#735.1,688.6;739.6,583.1;698.3,463.8;620.4,463.8;542.4,564.8;551.5,665.7;661.6,463.8;657.1,307.8;657.1,303.2;643.3,225.3;714.4,213.8;730.5,280.3;707.5,303.2;606.6,312.4;643.3,284.9;668.5,213.8
120#770.7,674.8;752.8,576.8;708.3,469.8;636.9,469.8;547.8,532.2;587.9,634.7;672.6,469.8;663.7,313.8;663.7,309.3;650.3,233.6;708.3,238.0;735.0,296.0;717.2,309.3;614.7,318.3;619.1,349.5;668.1,313.8
121#804.7,665.1;767.1,569.0;717.0,468.8;641.8,468.8;545.7,514.7;620.9,602.4;679.4,472.9;666.8,322.5;662.7,318.4;660.6,241.1;712.8,264.0;737.9,322.5;712.8,318.4;612.5,322.5;616.7,372.7;650.1,368.5
122#847.6,667.8;784.9,575.6;725.9,483.4;652.2,483.4;548.9,498.2;655.8,571.9;689.0,483.4;659.5,328.5;659.5,313.8;654.0,260.3;718.5,295.4;740.7,350.7;707.5,321.2;611.6,332.2;611.6,387.5;641.1,369.1
123#864.9,671.0;795.9,575.2;738.4,487.0;665.6,498.5;562.1,494.7;673.3,567.5;700.1,487.0;661.8,329.9;661.8,322.2;656.0,255.2;696.3,383.6;738.4,375.9;715.4,314.6;604.3,337.6;608.1,406.5;650.3,395.0
124#863.4,679.8;812.4,581.6;745.7,467.8;675.0,483.5;580.8,511.0;686.8,589.5;710.3,471.7;663.2,326.5;659.3,318.6;657.3,249.9;706.4,381.4;753.5,377.5;714.3,314.7;604.3,338.2;604.3,412.8;651.4,393.2
125#857.4,682.4;817.3,574.1;745.1,453.7;676.8,469.7;612.6,538.0;700.9,626.3;713.0,461.7;664.8,325.2;664.8,313.2;654.8,242.9;721.0,377.4;769.1,377.4;725.0,313.2;604.6,337.3;588.5,413.5;636.7,385.4
126#850.9,672.1;819.1,561.0;747.7,441.9;680.2,461.7;632.6,549.1;708.0,648.3;716.0,453.8;672.3,326.8;668.3,310.9;654.4,241.5;755.6,358.6;799.3,370.5;735.8,307.0;608.8,334.7;557.2,398.2;545.3,362.5
127#838.8,641.5;826.8,541.6;738.9,441.8;679.0,461.7;651.1,565.6;711.0,669.4;711.0,453.7;679.0,321.9;675.0,310.0;673.0,244.1;766.9,345.9;822.8,353.9;738.9,310.0;615.1,329.9;531.2,373.9;583.2,341.9
128#823.1,614.3;839.3,521.3;742.2,448.5;677.5,468.7;665.4,577.9;709.9,687.1;709.9,456.5;685.6,315.0;681.6,302.8;679.6,244.2;794.8,319.0;831.2,335.2;746.3,310.9;620.9,323.1;540.0,335.2;596.6,298.8
129#814.0,584.3;847.5,492.1;746.9,454.4;671.5,479.6;684.0,605.3;705.0,701.7;709.2,467.0;692.4,307.7;692.4,307.7;698.7,246.9;830.7,286.8;839.1,324.5;751.1,307.7;633.7,307.7;558.3,295.1;598.1,246.9
130#796.1,553.7;852.3,464.8;744.7,460.1;669.8,474.1;693.2,605.2;697.9,712.8;707.2,469.4;702.5,310.3;702.5,315.0;700.2,228.4;842.9,296.3;847.6,333.7;758.7,310.3;641.7,310.3;585.6,268.2;587.9,228.4
131#782.3,531.7;842.0,437.1;752.5,467.0;677.9,486.9;687.8,606.3;697.8,710.8;712.7,481.9;707.7,312.8;707.7,317.8;717.7,228.2;847.0,327.7;847.0,352.6;767.4,317.8;648.0,302.8;593.3,253.1;590.8,215.8
132#773.4,525.9;826.4,433.2;755.8,464.1;680.8,481.8;685.2,601.0;707.2,693.7;716.1,481.8;716.1,327.3;716.1,322.9;731.5,241.2;844.1,340.5;852.9,380.3;777.9,327.3;658.7,318.5;592.5,274.3;636.6,525.9
133#762.6,540.5;811.4,431.7;751.4,487.9;683.8,491.7;691.3,578.0;710.1,671.8;717.6,487.9;728.9,334.1;728.9,330.3;734.5,264.7;856.4,382.9;837.7,401.6;785.1,337.9;680.1,330.3;661.3,390.4;691.3,390.4
134#760.6,558.2;802.2,465.4;751.0,475.0;677.4,487.8;706.2,603.0;709.4,651.1;712.6,487.8;735.0,340.5;738.2,334.1;746.2,262.1;827.8,401.4;827.8,411.0;789.4,346.9;687.0,327.7;677.4,385.4;715.8,379.0
135#761.3,592.6;801.3,486.2;754.7,486.2;688.2,486.2;701.5,519.5;701.5,606.0;718.1,489.5;741.4,346.5;744.7,343.2;749.7,271.7;837.8,403.1;831.2,433.0;797.9,356.5;684.8,333.2;611.7,339.9;618.3,293.3
136#756.9,616.3;784.5,505.6;756.9,477.9;684.2,477.9;715.4,505.6;698.1,581.7;718.8,477.9;743.0,356.9;746.5,346.5;751.7,272.1;843.3,419.1;829.5,439.9;798.4,360.3;687.7,349.9;611.6,353.4;715.4,394.9
137#759.3,634.1;780.6,534.6;759.3,488.4;691.8,484.9;709.6,509.7;677.6,605.6;727.3,484.9;748.6,357.0;748.6,346.3;750.4,269.9;826.8,428.0;830.4,442.2;805.5,364.1;691.8,346.3;617.2,371.2;581.7,371.2
138#760.2,657.8;774.7,556.0;760.2,479.7;694.7,476.0;712.9,497.8;694.7,566.9;727.5,476.0;749.3,352.4;745.6,341.5;751.1,274.3;847.4,468.7;829.2,439.7;803.8,359.7;694.7,334.3;632.9,377.9;578.4,385.2
139#760.3,674.6;772.2,564.4;744.6,469.9;681.6,462.0;717.0,501.4;689.5,588.0;713.1,466.0;748.5,340.0;744.6,328.1;750.5,259.2;827.3,454.1;831.2,430.5;803.7,347.8;693.4,324.2;622.5,383.3;587.1,395.1
140#771.3,686.8;771.3,573.9;746.2,465.2;679.3,456.8;712.7,519.6;687.6,611.6;712.7,461.0;750.4,331.4;750.4,314.7;752.5,241.5;829.8,461.0;834.0,419.2;804.7,335.6;691.8,310.5;620.7,381.6;583.1,419.2
141#777.2,689.5;768.5,581.0;755.5,481.1;686.0,459.4;712.1,533.2;686.0,633.1;720.8,468.1;746.8,324.8;751.2,303.1;757.7,231.5;825.0,459.4;833.7,411.7;807.6,324.8;686.0,311.8;607.9,372.6;586.2,433.4
142#777.7,684.3;768.8,568.4;746.5,465.9;675.2,457.0;715.3,537.2;688.6,644.2;710.9,461.4;746.5,305.4;746.5,292.1;757.7,223.0;826.7,457.0;831.2,403.5;808.9,314.3;679.7,301.0;599.4,350.0;581.6,452.5
143#779.3,680.3;774.6,562.0;736.7,462.7;670.5,453.2;717.8,543.1;684.7,666.1;703.6,457.9;741.5,306.6;746.2,287.6;762.8,209.6;831.4,457.9;831.4,396.4;807.7,311.3;670.5,292.4;594.8,325.5;613.8,316.0
144#786.6,676.5;776.7,562.9;742.2,464.1;668.1,454.3;707.6,553.0;682.9,676.5;702.7,459.2;742.2,296.2;742.2,291.3;764.4,204.8;836.0,454.3;826.1,390.0;801.4,306.1;678.0,286.3;598.9,301.1;658.2,271.5
145#793.9,678.0;784.3,563.1;736.4,457.7;669.4,448.1;702.9,567.9;683.8,687.6;702.9,452.9;736.4,294.9;736.4,294.9;738.8,206.3;846.6,452.9;822.7,390.7;793.9,309.2;679.0,285.3;626.3,270.9;671.8,215.9
146#805.4,683.8;788.1,567.0;731.9,467.5;671.3,467.5;692.9,580.0;684.3,705.4;705.9,467.5;736.2,311.7;736.2,298.8;742.7,240.4;853.0,450.2;814.1,398.3;783.8,320.4;688.6,298.8;673.5,249.0;623.7,484.8
147#807.0,694.4;789.7,578.0;733.7,478.8;673.3,483.2;686.3,595.2;681.9,715.9;707.8,483.2;729.4,328.0;729.4,310.7;722.9,248.2;854.4,453.0;807.0,405.6;772.5,332.3;686.3,319.4;694.9,379.7;854.4,457.3
