1#853.0,657.1;898.3,561.9;993.4,575.5;1025.1,571.0;966.2,706.9;1029.7,811.2;1011.5,575.5;898.3,457.7;902.8,462.3;853.0,403.3;812.2,326.3;875.6,380.7;916.4,435.1;871.1,471.3;798.6,453.2;762.3,398.8
2#852.3,657.7;889.8,561.9;993.9,574.4;1002.2,586.9;952.2,711.8;1027.2,811.8;998.0,582.7;893.9,466.2;898.1,466.2;852.3,399.5;837.7,347.5;864.8,378.7;914.7,449.5;860.6,474.5;794.0,457.8;756.5,399.5
3#846.6,661.8;880.3,556.5;981.4,581.8;994.0,590.2;939.2,720.8;1023.5,809.3;981.4,586.0;888.7,468.0;892.9,468.0;842.3,409.0;836.0,343.7;871.8,430.1;914.0,451.2;850.8,480.6;787.6,455.4;753.9,396.4
4#846.3,655.3;865.1,556.5;963.9,589.5;973.3,598.9;935.7,725.9;1029.7,815.2;968.6,594.2;879.2,467.2;883.9,467.2;822.8,415.5;808.7,326.1;860.4,387.2;902.8,448.4;846.3,481.3;785.2,457.8;757.0,396.6
5#843.4,654.6;843.4,552.8;959.1,580.6;931.3,594.5;945.2,724.0;1023.8,807.2;940.6,589.8;866.6,455.7;866.6,451.1;811.1,409.5;811.1,326.2;871.2,367.8;894.3,428.0;838.8,474.2;774.1,455.7;750.9,395.6
6#992.5,792.7;819.5,546.8;933.4,569.6;896.9,574.1;933.4,697.1;1001.6,797.2;915.1,569.6;851.4,437.6;851.4,433.0;792.2,382.9;837.7,328.3;883.3,364.7;883.3,419.3;819.5,455.8;760.4,455.8;751.2,396.6
7#973.5,770.9;804.0,544.8;904.0,549.1;864.8,557.8;899.6,679.6;977.9,770.9;886.6,553.5;830.0,410.0;825.7,405.7;777.9,353.5;821.3,323.1;890.9,344.8;864.8,392.6;795.3,427.4;747.4,449.1;747.4,392.6
8#821.3,634.8;773.2,538.5;891.3,525.4;834.4,542.9;768.8,542.9;943.9,726.8;860.7,529.8;803.8,394.1;799.4,381.0;751.3,315.3;816.9,315.3;887.0,332.8;838.8,376.6;768.8,407.2;738.1,455.4;738.1,385.3
9#819.4,639.5;761.4,541.5;859.4,494.3;815.8,505.2;786.8,606.8;892.1,683.1;841.2,497.9;768.6,378.1;765.0,363.6;734.1,292.8;823.1,305.5;881.2,316.4;812.2,352.7;721.4,396.3;728.7,439.8;746.8,407.1
10#817.2,626.4;768.7,548.1;832.1,473.4;791.1,484.6;731.3,563.0;824.7,637.6;813.5,477.1;750.0,350.2;742.5,342.8;701.5,271.9;794.8,294.2;862.0,298.0;791.1,327.8;705.2,368.9;701.5,428.6;701.5,398.8
11#818.9,631.5;762.8,543.8;815.4,459.6;762.8,463.1;682.1,519.3;769.8,592.9;790.8,463.1;731.2,326.3;720.7,312.3;676.8,261.4;731.2,354.4;773.3,364.9;762.8,308.8;692.6,336.9;650.5,396.5;657.5,364.9
12#817.6,630.7;765.9,539.2;781.8,439.7;730.1,443.7;634.6,463.6;698.3,547.1;754.0,443.7;722.1,304.4;722.1,300.5;678.4,232.8;692.3,214.9;777.8,236.8;765.9,292.5;690.3,316.4;722.1,396.0;785.8,392.0
13#813.0,628.9;767.5,533.2;744.7,428.5;690.1,428.5;599.0,414.8;644.5,505.9;721.9,428.5;690.1,287.3;690.1,278.2;653.6,214.4;826.7,323.7;790.3,319.2;735.6,278.2;640.0,296.4;580.7,291.8;585.3,241.7
14#794.2,622.7;749.8,514.1;720.1,415.4;660.9,405.6;567.1,366.1;596.8,469.7;685.6,415.4;665.9,267.4;660.9,262.4;636.2,188.4;636.2,124.2;675.7,188.4;705.3,257.5;621.4,272.3;552.3,247.6;542.5,178.5
15#766.7,599.5;726.2,498.3;685.8,402.3;615.0,392.1;534.1,336.5;549.2,432.6;655.4,392.1;630.1,250.6;630.1,250.6;609.9,174.7;625.1,139.3;650.4,184.8;670.6,235.4;584.6,255.6;523.9,225.3;534.1,169.6
16#718.0,582.9;700.0,483.6;654.9,388.9;591.7,388.9;506.0,321.2;501.5,415.9;623.3,388.9;600.7,244.5;600.7,244.5;587.2,158.8;618.8,149.7;645.8,199.4;645.8,226.4;555.6,249.0;506.0,249.0;528.5,181.3
17#658.5,550.6;670.1,457.7;623.7,399.6;557.8,395.7;480.3,322.1;457.1,403.4;588.8,395.7;581.0,244.6;584.9,233.0;575.2,145.9;612.0,174.9;488.1,329.8;627.5,240.8;538.4,287.2;519.1,333.7;619.8,163.3
18#586.9,534.5;640.0,425.1;586.9,397.0;521.3,390.8;455.7,331.5;418.3,403.3;555.7,393.9;558.8,250.3;555.7,247.1;519.8,189.4;625.9,189.4;633.7,247.1;608.8,250.3;515.1,259.6;499.5,309.6;530.7,300.2
19#538.4,521.7;611.8,426.8;559.8,399.3;486.3,402.3;425.1,338.1;394.5,420.7;523.1,402.3;529.2,264.6;526.1,258.5;506.2,189.6;618.0,209.5;627.1,270.7;575.1,255.4;483.3,267.7;471.0,331.9;498.6,316.6
20#510.9,540.7;569.3,427.1;527.1,404.3;462.1,394.6;397.2,342.6;397.2,440.0;501.1,401.1;504.4,267.9;504.4,261.4;486.5,198.1;618.0,232.2;611.6,284.1;556.3,261.4;452.4,267.9;442.7,342.6;478.4,293.9
21#507.8,564.0;521.9,458.1;511.4,405.2;447.8,398.1;380.8,355.8;394.9,458.1;479.6,401.6;479.6,264.0;479.6,253.4;463.7,202.2;613.7,253.4;596.1,295.8;536.1,260.5;423.1,267.5;416.1,345.2;461.9,302.8
22#493.2,570.4;500.5,468.4;493.2,402.9;431.3,395.6;369.3,373.7;394.8,479.4;460.4,399.2;464.0,260.8;460.4,253.5;444.0,178.9;598.8,275.4;573.3,308.2;522.3,264.5;405.8,260.8;373.0,304.5;424.0,300.9
23#465.4,564.9;493.1,468.1;482.7,405.8;417.0,392.0;368.6,398.9;396.3,506.1;451.6,398.9;455.1,260.6;451.6,253.6;439.5,186.2;596.9,298.6;558.8,322.8;513.9,267.5;399.7,253.6;334.0,281.3;354.7,281.3
24#456.2,543.6;492.6,444.6;476.0,411.6;406.7,401.7;370.4,411.6;393.5,530.4;439.7,411.6;446.3,269.7;446.3,259.8;434.8,192.1;594.9,325.8;552.0,339.0;505.8,279.6;393.5,259.8;320.9,263.1;380.3,233.4
25#463.9,524.5;501.8,424.6;467.4,414.3;405.4,410.8;371.0,434.9;398.5,558.9;436.4,410.8;446.7,283.4;446.7,273.1;443.3,200.8;598.2,348.8;546.6,355.7;505.3,293.8;391.6,269.6;329.7,249.0;360.6,193.9
26#484.3,501.5;504.2,408.7;467.8,428.6;404.8,428.6;378.3,481.6;406.5,605.8;438.0,428.6;454.5,292.8;451.2,282.8;454.5,210.0;597.0,375.6;547.3,375.6;510.8,306.0;401.5,276.2;345.2,246.4;346.9,195.1
27#508.2,485.5;515.6,407.3;482.1,429.7;415.2,437.1;396.6,519.0;404.0,623.1;452.4,433.4;467.3,303.2;467.3,299.4;469.1,219.4;601.2,399.9;552.8,392.5;526.8,321.8;415.2,284.6;351.9,277.1;350.1,219.4
28#532.2,479.7;536.0,392.2;497.9,441.7;429.4,445.5;414.2,548.2;406.5,647.2;463.6,445.5;486.5,312.2;486.5,308.4;496.0,245.6;612.1,430.2;566.4,399.8;543.6,331.3;429.4,297.0;383.7,289.4;351.3,253.2
29#561.7,505.5;538.5,428.1;515.3,447.5;445.6,455.2;426.3,563.6;406.9,656.4;480.5,451.4;507.5,319.8;507.5,315.9;509.5,252.1;623.6,466.8;588.8,408.8;565.6,335.3;453.4,304.3;391.5,319.8;360.5,281.1
30#554.4,543.5;554.4,482.1;539.0,451.3;469.9,451.3;443.0,558.8;427.6,662.5;504.4,451.3;523.6,328.5;519.8,316.9;514.0,249.7;619.6,474.4;612.0,416.8;581.2,340.0;466.0,316.9;393.1,347.7;362.4,309.3
31#556.1,571.9;552.5,496.4;552.5,456.9;491.4,456.9;455.4,557.5;444.6,661.8;520.2,456.9;530.9,331.0;527.4,320.2;522.0,264.5;624.4,471.2;631.6,410.1;592.1,338.2;469.8,327.4;405.1,374.2;369.1,345.4
32#555.1,606.1;551.6,509.9;569.4,463.6;512.4,467.2;462.6,552.7;455.4,659.5;540.9,463.6;537.3,339.0;537.3,324.8;524.9,262.5;612.1,445.8;654.8,403.1;597.9,342.6;476.8,339.0;412.7,396.0;373.6,378.2
33#554.1,637.2;554.1,532.2;579.5,470.7;521.5,474.3;467.2,539.5;467.2,651.7;550.5,470.7;543.3,347.5;539.6,333.1;527.0,266.1;655.5,398.2;673.6,391.0;601.2,343.9;481.7,351.2;431.0,405.5;376.7,394.6
34#556.4,668.3;564.1,557.2;590.9,476.7;525.8,476.7;468.3,526.5;479.8,630.0;556.4,476.7;548.7,346.4;544.9,334.9;527.7,260.2;675.2,373.2;686.7,369.4;606.2,342.6;487.4,357.9;441.5,415.4;395.5,400.0
35#560.3,691.9;572.7,576.4;580.9,477.4;527.3,473.2;477.8,506.2;494.3,601.1;556.2,473.2;547.9,349.5;547.9,341.2;525.2,264.9;638.7,283.5;688.2,333.0;605.7,337.1;490.2,357.7;453.1,419.6;424.2,394.9
36#564.2,702.8;578.4,589.7;592.5,481.3;531.2,471.8;479.4,486.0;507.7,566.1;559.5,476.6;550.1,339.9;550.1,335.2;526.5,259.8;644.3,226.8;672.6,297.5;601.9,325.7;498.2,349.3;451.1,420.0;455.8,372.9
37#584.7,703.0;589.2,590.7;589.2,469.3;530.8,464.8;494.8,451.3;521.8,532.2;562.2,469.3;548.8,330.0;553.2,330.0;530.8,249.1;658.9,219.9;647.6,267.1;602.7,316.5;494.8,343.5;449.9,401.9;481.3,352.5
38#591.5,703.8;600.9,590.8;591.5,463.7;530.3,459.0;586.8,576.7;591.5,689.7;558.5,463.7;549.1,327.2;553.8,327.2;535.0,247.2;659.7,211.9;643.3,266.0;600.9,313.1;497.3,336.6;455.0,402.5;478.5,379.0
39#599.8,661.9;617.1,579.7;591.1,471.5;530.6,462.8;604.1,566.7;599.8,635.9;556.5,467.1;552.2,328.6;552.2,324.3;539.2,250.7;662.6,231.2;664.7,285.3;604.1,320.0;500.3,341.6;452.6,419.5;478.6,393.5
40#611.6,623.6;623.1,543.3;596.3,478.3;535.2,478.3;496.9,478.3;561.9,543.3;561.9,482.2;554.3,336.9;554.3,329.3;537.1,254.7;659.4,254.7;661.3,310.2;604.0,325.4;504.6,344.6;466.4,424.8;496.9,409.5
41#621.6,581.9;628.0,495.1;589.5,466.2;528.4,466.2;557.3,495.1;563.7,572.2;560.5,466.2;560.5,337.6;557.3,327.9;547.7,260.4;660.2,282.9;660.2,331.1;602.3,327.9;509.1,347.2;483.4,424.4;518.7,414.7
42#626.6,562.1;629.9,467.8;581.1,461.3;529.1,464.6;555.1,506.8;561.6,584.8;555.1,464.6;561.6,341.1;564.9,331.3;553.5,261.5;662.4,298.8;662.4,350.8;610.4,328.1;512.9,350.8;480.4,428.8;519.4,402.8
43#640.4,568.8;634.1,458.6;586.9,461.7;523.9,471.2;555.4,502.7;564.8,584.6;555.4,468.0;568.0,342.0;568.0,329.4;560.1,280.6;659.3,319.9;662.5,367.2;618.4,335.7;514.4,351.5;479.8,427.1;517.6,411.3
44#642.3,593.3;639.2,475.6;580.4,457.0;527.7,466.3;568.0,500.4;564.9,574.7;555.6,463.2;568.0,342.3;568.0,329.9;566.4,269.4;660.9,342.3;657.8,382.6;620.6,336.1;515.3,348.5;481.2,426.0;521.5,410.5
45#648.1,620.0;648.1,504.7;590.5,460.6;522.7,464.0;570.1,477.6;549.8,555.5;563.4,460.6;566.7,341.9;570.1,328.4;561.7,269.0;661.7,358.9;654.9,392.8;624.4,335.2;515.9,345.3;475.2,419.9;519.3,436.9
46#645.8,637.5;649.3,522.7;593.7,463.6;531.1,463.6;496.3,470.6;527.6,536.6;562.4,463.6;569.4,341.9;569.4,328.0;557.2,267.2;659.7,376.7;652.8,408.0;628.5,335.0;510.3,345.4;465.1,408.0;506.8,425.4
47#648.1,658.6;648.1,541.6;598.4,463.5;534.6,463.5;502.6,488.4;527.5,530.9;566.5,463.5;566.5,339.4;562.9,318.1;550.5,270.2;665.8,392.6;648.1,410.3;626.8,335.9;509.7,343.0;449.4,396.2;488.5,389.1
48#651.5,668.8;640.2,563.3;613.8,465.4;546.0,461.6;527.1,469.1;534.7,537.0;576.1,461.6;561.0,337.3;561.0,333.5;547.9,263.8;662.8,416.4;647.7,408.9;628.9,337.3;500.8,341.0;451.8,390.0;451.8,393.8
49#644.3,675.4;636.6,568.0;609.8,456.7;548.4,460.5;540.7,564.1;533.0,568.0;579.1,456.7;563.7,337.7;563.7,330.0;534.9,262.9;652.0,445.1;655.8,414.4;629.0,337.7;506.2,341.5;456.3,379.9;483.1,307.0
50#622.8,667.1;637.7,574.0;615.4,462.3;548.4,462.3;537.2,499.6;537.2,596.3;581.9,462.3;570.7,339.5;567.0,335.8;542.8,274.3;663.8,458.6;660.0,417.7;630.3,343.2;514.9,335.8;477.6,369.3;477.6,306.0
51#605.3,642.1;634.8,553.7;616.3,457.9;550.0,461.6;538.9,524.2;535.2,620.0;583.2,461.6;575.8,339.9;572.1,328.9;548.1,275.4;667.9,480.0;664.2,421.0;634.8,343.6;520.5,339.9;483.6,391.5;487.3,332.6
52#597.7,612.1;626.8,532.1;619.5,463.1;561.4,463.1;539.6,543.0;532.3,637.5;590.4,463.1;583.2,343.2;579.6,328.7;555.9,272.4;659.5,455.9;677.6,415.9;637.7,339.6;525.1,339.6;503.3,397.7;492.4,357.8
53#599.3,588.7;606.8,547.7;625.4,476.9;565.8,476.9;543.4,566.3;532.3,659.5;595.6,476.9;588.1,342.9;584.4,328.0;567.7,270.2;670.1,424.8;692.4,406.2;644.0,339.1;536.0,342.9;498.7,413.6;491.3,376.4
54#610.7,576.1;610.7,504.5;629.6,470.6;569.3,478.1;542.9,579.9;531.6,681.7;599.4,470.6;595.7,342.4;595.7,331.1;567.4,272.7;667.3,383.9;701.2,395.2;652.2,338.7;546.7,346.2;524.0,402.7;497.6,395.2
55#623.9,551.5;619.9,495.7;627.8,471.8;568.1,479.8;548.1,587.4;528.2,698.9;599.9,475.8;599.9,344.3;599.9,336.3;578.0,270.6;679.6,372.2;703.5,372.2;655.7,340.3;548.1,344.3;520.3,416.0;492.4,408.1
56#633.4,582.8;610.5,502.9;629.6,472.5;568.7,476.3;545.9,579.0;538.2,677.9;599.1,472.5;599.1,346.9;602.9,339.3;589.6,272.7;652.4,301.3;698.0,346.9;656.2,339.3;549.7,350.7;519.2,430.6;488.8,434.4
57#635.9,622.9;612.9,527.0;635.9,473.4;578.4,473.4;540.1,561.5;547.7,657.4;605.3,473.4;601.4,354.5;597.6,346.8;588.0,279.7;649.3,279.7;689.6,327.7;655.1,343.0;543.9,366.0;520.9,435.0;494.1,461.9
58#633.6,651.8;615.8,552.1;633.6,481.0;573.1,477.4;530.4,534.3;548.2,630.4;601.6,481.0;590.9,367.1;590.9,356.4;574.9,290.6;653.2,297.7;690.5,335.1;644.3,352.9;537.5,377.8;519.7,448.9;494.8,484.5
59#638.7,674.8;621.0,579.6;621.0,494.9;564.6,491.4;529.3,523.2;543.4,597.2;592.8,494.9;578.7,375.0;575.2,364.4;548.7,320.3;654.5,327.4;688.1,360.9;631.6,357.4;529.3,392.7;511.7,466.7;487.0,519.6
60#639.9,707.1;628.7,606.7;617.6,502.7;554.4,502.7;521.0,517.5;539.5,573.3;587.9,502.7;565.6,383.7;561.8,376.3;534.0,318.7;658.5,354.0;677.1,394.9;617.6,361.4;513.5,402.3;498.7,472.9;487.5,536.1
61#649.0,735.0;629.3,620.6;609.6,514.1;550.4,514.1;617.5,636.4;526.7,612.7;578.0,514.1;546.5,387.8;542.5,380.0;524.8,318.8;660.9,383.9;664.8,411.5;601.7,368.1;495.2,403.6;483.3,478.6;483.3,545.7
62#645.6,726.0;621.1,620.1;596.7,510.2;535.6,518.3;608.9,640.5;527.5,648.6;568.2,514.2;535.6,392.1;535.6,388.0;517.3,312.6;653.7,416.5;641.5,428.7;588.5,375.8;478.6,408.3;458.2,485.7;470.4,546.8
63#628.0,718.1;620.8,612.9;588.1,511.3;526.4,518.5;522.8,612.9;526.4,663.7;555.4,514.9;530.0,391.5;530.0,377.0;513.7,331.6;638.9,427.8;628.0,438.7;584.5,377.0;475.6,402.4;446.6,475.0;482.9,533.0
64#621.4,688.9;625.1,589.9;570.2,498.3;511.5,509.3;529.8,571.6;518.9,659.6;537.2,502.0;526.2,392.1;526.2,384.8;513.4,320.6;647.1,447.1;625.1,447.1;581.1,384.8;471.2,399.4;427.3,461.7;482.2,491.0
65#612.9,663.9;634.2,571.4;555.9,489.5;498.9,503.7;527.4,585.6;516.7,678.2;527.4,500.2;520.3,396.9;520.3,386.2;518.5,327.5;641.4,471.7;620.0,450.3;577.3,389.8;463.3,400.5;409.9,446.7;484.7,489.5
66#611.0,632.7;644.2,544.4;552.2,489.2;489.6,500.2;515.4,603.3;511.7,695.2;519.0,496.5;519.0,393.5;519.0,389.8;517.2,321.8;640.5,492.9;614.7,456.1;574.2,393.5;463.8,393.5;412.3,415.6;500.6,503.9
67#608.0,602.5;650.5,525.1;553.8,494.1;480.3,513.5;503.5,625.7;507.4,722.4;519.0,501.9;515.1,393.5;515.1,389.7;517.0,318.1;642.8,505.7;611.8,455.4;569.3,393.5;457.1,385.8;449.3,474.8;453.2,331.6
68#599.7,586.2;652.3,509.4;551.2,497.3;482.5,521.5;490.5,634.7;498.6,739.8;518.8,509.4;510.8,388.1;510.8,384.1;508.7,313.3;628.0,505.3;615.9,456.8;567.4,392.1;458.2,384.1;421.8,355.8;444.1,313.3
69#592.1,565.8;656.2,489.6;552.0,505.7;483.9,525.7;483.9,637.9;491.9,750.0;520.0,509.7;508.0,385.5;512.0,381.5;506.0,315.4;628.1,489.6;620.1,445.6;568.1,389.5;447.9,381.5;423.8,341.4;449.9,315.4
70#582.9,561.8;650.2,477.7;549.3,502.9;482.1,523.9;477.9,641.6;473.7,776.1;515.7,511.3;503.1,385.2;507.3,385.2;496.8,303.3;620.8,477.7;625.0,435.7;561.9,385.2;448.4,381.0;410.6,368.4;437.9,311.7
71#590.8,564.0;643.4,477.6;556.9,507.6;485.5,522.6;470.5,639.1;448.0,748.1;519.4,518.9;504.3,379.8;500.6,376.1;487.4,325.4;594.5,477.6;624.6,424.9;560.7,383.6;448.0,379.8;417.9,387.4;449.8,332.9
72#592.6,581.1;631.3,484.4;542.3,499.9;476.5,519.2;457.1,631.5;430.0,732.1;511.3,503.7;499.7,387.6;499.7,387.6;474.5,316.0;581.0,437.9;627.5,414.7;553.9,379.9;441.6,399.2;426.2,403.1;445.5,337.3
73#598.1,601.3;620.3,505.1;542.6,494.0;475.9,508.8;450.0,627.2;413.0,727.1;509.3,501.4;498.1,386.6;498.1,386.6;470.4,325.5;605.5,401.4;620.3,401.4;550.0,375.5;450.0,390.3;438.9,442.1;461.1,486.6
74#599.3,634.1;610.3,531.7;544.5,498.8;478.6,513.4;438.4,626.8;398.1,725.6;511.5,509.7;489.6,385.4;493.2,381.7;469.5,336.0;584.7,396.3;614.0,385.4;540.8,374.4;438.4,392.7;438.4,447.5;464.0,495.1
75#595.5,659.4;599.3,560.3;538.3,491.8;473.6,507.0;427.9,617.5;393.6,716.5;507.9,503.2;485.0,381.3;485.0,381.3;464.1,318.5;519.3,335.6;587.8,366.1;534.5,369.9;431.7,385.2;431.7,457.5;462.2,465.1
76#588.7,679.1;580.9,582.6;530.7,493.7;468.9,501.4;422.5,601.9;399.3,698.4;499.8,493.7;480.5,377.8;484.3,373.9;457.3,312.1;503.7,308.3;565.5,339.2;530.7,366.2;426.4,385.5;426.4,466.7;453.4,439.6
77#589.1,694.7;565.4,600.1;522.1,485.8;466.9,489.8;407.8,584.4;407.8,679.0;494.5,489.8;474.8,371.5;478.7,367.6;447.2,308.5;488.6,278.9;533.9,324.2;522.1,355.8;427.5,387.3;415.7,474.0;447.2,434.6
78#588.0,707.0;554.5,602.7;513.5,483.5;457.6,483.5;390.6,561.7;409.2,647.4;483.7,483.5;465.1,364.3;461.3,356.9;439.0,301.0;485.6,284.2;509.8,301.0;506.0,353.1;420.4,379.2;412.9,450.0;416.6,438.8
79#600.4,705.1;554.6,605.1;500.4,484.3;446.3,480.1;371.3,534.2;400.4,617.6;471.3,484.3;450.4,363.4;450.4,363.4;425.4,292.6;483.8,284.3;496.2,300.9;496.2,350.9;404.6,371.8;392.1,446.8;379.6,455.1
80#605.2,697.9;558.6,600.6;482.4,490.5;427.4,494.8;359.7,511.7;385.1,592.1;457.0,494.8;435.9,367.8;431.6,363.6;410.5,295.8;495.1,312.8;503.6,346.6;482.4,359.3;385.1,380.5;359.7,448.2;397.8,431.3
81#598.6,685.7;560.6,590.8;473.3,503.5;408.8,503.5;370.8,492.1;370.8,575.6;439.1,503.5;423.9,382.0;420.1,382.0;395.5,311.8;488.5,325.0;479.0,311.8;473.3,370.6;367.0,385.8;325.2,431.4;344.2,420.0
82#584.5,680.2;567.2,579.7;452.9,510.5;394.0,520.9;546.4,604.0;349.0,572.8;421.7,513.9;397.5,392.7;397.5,392.7;383.6,326.9;484.0,354.6;487.5,392.7;446.0,378.9;349.0,399.7;314.4,427.4;359.4,375.4
83#563.2,661.4;560.0,565.0;437.9,523.3;373.6,523.3;351.2,513.6;335.1,590.8;409.0,526.5;389.7,404.4;389.7,407.6;370.4,340.1;479.7,381.9;479.7,414.0;434.7,398.0;351.2,410.8;322.2,414.0;338.3,353.0
84#530.3,645.2;545.2,549.5;431.5,531.5;374.7,543.5;344.7,534.5;332.8,618.3;404.6,540.5;380.7,420.8;380.7,420.8;367.2,356.5;482.4,402.8;476.4,438.7;428.5,408.8;335.8,432.8;326.8,504.6;476.4,423.8
85#498.9,621.1;520.8,536.4;430.6,544.6;364.9,555.5;337.6,563.7;329.4,640.3;395.0,547.3;378.6,429.7;375.9,424.3;366.3,365.5;482.5,424.3;474.3,451.6;427.8,418.8;329.4,437.9;321.2,503.6;356.7,476.2
86#469.2,614.2;491.5,522.1;427.4,550.0;363.2,561.2;338.0,586.3;329.7,664.4;393.9,558.4;379.9,435.6;379.9,427.2;372.9,364.4;480.4,443.9;474.8,466.3;427.4,427.2;332.5,438.4;315.7,497.0;393.9,460.7
87#448.5,608.3;458.0,523.1;432.7,554.6;372.8,561.0;341.3,598.8;331.8,684.0;404.3,557.8;388.6,434.8;388.6,431.6;379.1,365.4;499.0,466.3;480.1,482.1;435.9,434.8;341.3,434.8;328.6,497.9;369.7,469.5
88#444.0,630.3;456.8,533.9;437.6,556.4;376.6,566.1;344.4,607.8;331.6,700.9;408.7,556.4;395.8,434.4;395.8,434.4;391.0,368.6;501.8,479.4;488.9,492.2;447.2,434.4;350.9,434.4;322.0,489.0;373.3,469.7
89#445.9,634.1;462.6,537.6;442.6,547.6;379.4,550.9;346.1,620.8;332.8,714.0;416.0,547.6;406.0,434.4;406.0,434.4;404.3,366.2;505.9,497.7;489.2,501.0;459.3,434.4;352.8,434.4;346.1,504.3;372.7,481.0
90#447.1,659.2;453.4,586.7;447.1,542.6;387.2,542.6;352.5,615.1;336.8,715.9;418.7,542.6;418.7,425.9;418.7,425.9;414.0,364.5;475.5,495.3;500.7,492.1;472.3,425.9;368.3,422.8;349.4,482.7;339.9,489.0
91#444.5,676.0;460.7,592.0;460.7,527.4;402.6,524.2;357.4,608.2;341.2,708.2;434.8,527.4;431.6,424.1;428.4,417.7;423.5,361.2;493.0,485.5;528.5,482.2;486.5,424.1;376.7,424.1;354.1,479.0;376.7,504.8
92#445.8,690.7;461.6,603.7;464.4,528.4;406.0,523.2;369.3,606.6;374.8,689.0;437.6,527.5;437.9,422.3;435.5,417.5;428.6,357.1;509.9,458.2;536.5,466.8;490.2,420.5;383.8,424.2;358.6,481.9;369.1,515.2
93#447.0,705.4;462.5,615.4;468.1,529.4;409.5,522.3;381.3,605.0;408.3,669.8;440.3,527.6;444.2,420.5;442.6,417.3;433.8,353.1;526.7,430.9;544.5,451.4;493.9,416.8;390.9,424.2;363.0,484.9;361.4,525.5
94#448.2,720.0;463.4,627.0;471.7,530.5;412.9,521.4;393.2,603.3;441.8,650.5;443.1,527.7;450.6,418.7;449.8,417.1;438.9,349.0;543.5,403.6;552.4,436.0;497.6,413.2;398.1,424.2;367.5,487.9;353.8,535.9
95#449.5,734.7;464.3,638.7;475.4,531.5;416.3,520.4;405.2,601.7;475.4,631.3;445.8,527.8;456.9,416.9;456.9,416.9;444.0,344.9;560.4,376.3;560.4,420.6;501.3,409.5;405.2,424.3;371.9,490.8;346.1,546.3
96#457.4,744.7;468.3,635.1;479.3,532.8;420.9,525.5;453.7,624.1;468.3,638.7;450.1,532.8;457.4,408.6;457.4,394.0;481.1,370.3;563.3,394.0;563.3,419.6;504.9,401.3;402.6,419.6;369.7,485.3;351.5,543.8
97#466.6,725.3;475.1,631.8;483.6,529.8;428.4,525.5;453.9,602.0;492.1,648.8;453.9,525.5;458.1,402.3;458.1,398.0;458.1,325.8;564.4,410.8;560.1,436.3;509.1,393.8;398.6,410.8;368.9,478.8;351.9,538.3
98#474.2,707.0;497.8,624.4;482.0,518.1;426.9,510.2;470.2,620.4;486.0,655.8;454.5,514.2;462.4,400.0;462.4,396.1;468.3,327.2;564.7,427.6;556.8,451.2;513.5,396.1;407.3,404.0;367.9,463.0;379.7,494.5
99#496.6,686.6;530.2,604.6;485.4,518.7;436.9,515.0;477.9,582.2;477.9,671.7;459.3,518.7;470.5,395.6;470.5,395.6;476.1,322.9;567.5,447.9;552.6,451.6;519.0,391.9;418.3,399.4;381.0,455.3;429.4,459.1
100#517.8,672.8;556.2,584.4;487.1,503.8;433.3,507.7;494.8,580.6;475.6,657.4;460.2,507.7;475.6,392.5;475.6,388.6;481.3,321.4;575.4,453.9;548.5,457.7;525.5,388.6;425.6,388.6;394.9,446.2;437.2,469.3
101#543.0,649.1;579.3,562.0;495.8,500.2;441.4,503.9;506.7,576.5;477.7,667.3;466.8,500.2;477.7,387.7;477.7,387.7;486.7,320.5;572.1,471.2;557.5,453.0;532.1,387.7;426.8,387.7;415.9,453.0;441.4,485.7
102#567.5,620.0;594.3,533.1;507.3,476.2;453.8,489.6;507.3,589.9;480.5,683.6;480.5,486.2;487.2,382.5;490.6,379.2;498.9,310.6;574.2,479.5;570.9,446.1;537.4,379.2;440.4,385.8;440.4,449.4;510.6,476.2
103#585.2,595.2;603.0,506.3;524.8,488.5;464.3,499.2;496.3,595.2;478.6,698.3;496.3,495.6;496.3,378.3;499.9,367.7;501.7,326.8;578.1,474.3;578.1,438.8;546.1,371.2;453.7,381.9;457.2,435.2;457.2,460.1
104#591.8,565.8;612.9,481.2;545.3,489.7;477.6,506.6;473.4,616.6;481.8,713.8;511.4,493.9;511.4,371.3;511.4,371.3;513.5,288.9;579.1,464.3;596.0,430.5;557.9,367.1;464.9,371.3;448.0,400.9;405.7,400.9
105#595.1,544.1;610.9,457.3;547.8,473.1;488.6,484.9;480.7,603.3;472.8,702.0;516.2,477.0;524.1,366.5;524.1,370.5;520.1,291.5;579.3,437.6;618.8,421.8;571.4,362.6;480.7,358.6;464.9,413.9;504.3,421.8
106#585.5,531.0;607.1,452.0;553.2,473.5;495.7,487.9;488.5,588.5;470.5,685.6;528.0,484.3;538.8,362.1;538.8,362.1;544.2,313.6;653.8,412.4;632.2,401.6;585.5,362.1;492.1,358.5;477.7,419.6;502.9,441.2
107#576.3,537.0;595.0,462.3;565.1,473.5;505.3,477.3;501.6,585.6;479.1,682.8;535.2,473.5;550.1,365.2;550.1,365.2;552.0,296.0;624.9,383.8;651.0,391.3;598.7,365.2;501.6,365.2;482.9,417.5;501.6,454.8
108#575.9,560.6;579.7,507.5;575.9,481.0;515.2,484.8;503.8,594.7;496.2,682.0;545.5,484.8;560.7,371.0;560.7,374.8;555.0,308.4;610.0,333.0;651.7,374.8;610.0,367.2;511.4,367.2;488.6,420.3;511.4,465.8
109#579.2,586.9;575.9,520.7;582.5,477.7;526.3,477.7;509.7,590.2;509.7,669.6;552.7,477.7;572.6,371.8;569.3,375.1;559.3,312.2;625.5,325.5;645.4,368.5;618.9,375.1;526.3,365.2;489.9,358.6;486.6,345.3
110#577.8,605.3;574.6,535.1;593.8,480.8;539.5,477.6;504.3,560.6;520.3,643.7;565.0,480.8;568.2,378.6;568.2,381.8;560.2,319.5;638.5,340.3;657.6,372.2;619.3,381.8;520.3,372.2;488.4,372.2;507.5,452.1
111#581.0,622.2;577.5,546.3;598.2,477.4;549.9,473.9;501.7,542.9;525.8,618.7;574.1,477.4;570.6,380.9;570.6,384.3;560.3,318.8;646.5,356.7;674.0,391.2;615.4,380.9;522.4,380.9;508.6,442.9;512.0,463.6
112#584.6,641.7;584.6,562.7;603.5,477.5;546.7,468.0;496.1,524.8;518.3,588.0;575.1,474.3;571.9,382.7;575.1,385.9;557.7,321.1;644.6,366.9;685.6,395.3;622.5,376.4;524.6,389.0;508.8,445.9;524.6,439.6
113#586.3,660.9;593.0,581.5;609.5,488.8;553.2,475.6;493.6,498.7;520.1,558.3;579.7,478.9;573.1,379.6;576.4,382.9;554.9,331.5;645.9,386.2;692.3,396.1;626.1,372.9;523.4,389.5;513.5,445.8;523.4,429.2
114#591.1,658.9;599.0,572.6;614.6,479.7;556.3,470.9;491.2,496.7;514.7,567.5;584.3,473.1;575.3,370.1;578.1,367.1;536.7,388.7;631.9,472.3;692.8,384.5;625.1,362.7;524.9,377.8;509.1,434.9;527.2,422.7
115#595.8,657.0;604.9,563.7;619.6,470.6;559.4,466.2;488.9,494.6;509.2,576.7;589.0,467.3;577.6,360.5;579.9,351.2;518.6,445.8;618.0,558.5;693.3,372.9;624.0,352.5;526.5,366.1;504.8,424.0;531.1,416.2
116#600.6,655.0;610.9,554.8;624.7,461.5;562.5,461.5;486.5,492.6;503.8,585.9;593.6,461.5;579.8,351.0;581.6,335.4;500.4,503.0;604.0,644.6;693.8,361.3;623.0,342.3;528.0,354.4;500.4,413.1;534.9,409.7
117#601.8,654.5;618.3,551.6;628.3,458.7;568.6,455.4;495.6,515.1;505.5,608.1;595.1,462.1;578.5,349.2;578.5,345.9;560.3,301.1;641.6,345.9;698.0,349.2;628.3,342.6;528.7,355.9;498.9,415.6;522.1,399.0
118#615.5,635.1;634.7,547.7;628.5,451.8;570.0,451.9;511.9,523.4;506.8,615.9;597.0,456.4;587.1,343.6;586.0,341.4;570.9,291.1;648.5,320.9;692.6,336.6;636.7,335.7;539.9,348.1;515.3,406.7;539.0,413.2
119#629.3,615.6;651.2,543.8;628.8,444.9;571.3,448.5;528.3,531.6;508.1,623.6;599.0,450.7;595.8,338.1;593.4,337.0;581.5,281.0;655.5,296.0;687.1,324.0;645.2,328.9;551.0,340.3;531.7,397.7;555.8,427.3
120#643.0,596.2;667.6,539.9;629.0,438.0;572.7,445.0;544.6,539.9;509.4,631.4;600.9,445.0;604.4,332.5;600.9,332.5;592.1,271.0;662.4,271.0;681.7,311.4;653.6,322.0;562.2,332.5;548.1,388.8;572.7,441.5
121#664.6,603.7;693.2,532.4;636.1,432.6;579.1,439.7;547.0,535.9;514.9,621.5;607.6,436.1;611.2,329.2;611.2,329.2;602.3,263.2;671.8,279.3;678.9,311.4;653.9,325.6;572.0,329.2;568.4,372.0;579.1,429.0
122#687.7,604.6;709.0,530.2;645.2,431.0;592.1,431.0;542.5,537.3;528.3,622.3;616.9,431.0;616.9,328.3;616.9,328.3;613.3,268.0;677.1,303.5;684.2,335.3;662.9,324.7;581.4,328.3;581.4,374.3;609.8,360.1
123#714.4,605.1;721.3,526.1;649.1,436.7;594.1,443.6;546.0,529.5;532.2,639.5;621.6,440.1;625.0,337.0;625.0,340.4;619.9,273.4;676.6,319.8;693.8,357.6;666.3,330.1;587.2,337.0;590.7,378.2;628.5,374.8
124#735.4,604.4;729.2,523.0;663.4,441.5;600.7,444.6;550.6,516.7;575.6,591.9;635.2,441.5;628.9,344.4;628.9,347.5;624.2,289.6;666.5,394.5;694.7,372.6;672.8,341.3;588.2,347.5;588.2,394.5;613.2,394.5
125#759.4,617.7;732.7,540.7;676.4,445.8;617.1,448.7;554.8,499.1;605.2,576.2;646.7,445.8;634.9,356.8;634.9,356.8;624.5,299.0;658.6,404.3;697.1,398.3;679.3,350.9;590.4,359.8;590.4,413.2;623.0,398.3
126#798.3,620.9;742.7,545.7;683.8,450.9;631.5,457.4;562.9,493.4;641.3,552.2;657.7,454.2;638.1,365.9;638.1,369.2;626.6,305.4;670.7,421.5;700.2,414.9;680.6,362.6;595.5,369.2;595.5,428.0;631.5,418.2
127#798.9,633.2;748.0,551.7;693.7,456.7;639.4,463.5;574.9,511.0;653.0,572.1;666.5,463.5;639.4,375.2;639.4,375.2;619.0,310.7;673.3,419.3;710.7,422.7;680.1,368.4;595.3,382.0;602.0,436.3;629.2,422.7
128#785.9,634.0;752.6,553.2;695.6,462.4;641.8,473.2;592.6,531.7;657.7,597.1;669.5,470.0;641.8,380.9;641.8,381.8;624.5,319.1;686.8,417.3;723.0,419.8;683.8,373.4;597.3,388.5;588.5,437.4;620.3,419.8
129#772.9,634.7;757.2,554.8;697.5,468.2;644.2,483.0;610.4,552.4;662.5,622.1;672.5,476.5;644.2,386.7;644.2,388.3;630.0,327.6;700.3,415.2;735.3,416.9;687.4,378.4;599.3,395.0;575.0,438.4;611.5,416.9
130#759.9,635.5;761.8,556.4;699.3,473.9;646.7,492.8;628.1,573.1;667.2,647.0;675.4,483.0;646.7,392.4;646.7,394.9;635.4,336.0;713.8,413.2;747.6,414.1;691.1,383.4;601.4,401.5;561.5,439.5;602.6,414.1
131#746.9,636.2;766.4,557.9;701.2,479.7;649.1,502.5;645.8,593.8;671.9,672.0;678.4,489.5;649.1,398.2;649.1,401.5;640.9,344.4;727.3,411.2;759.9,411.2;694.7,388.4;603.4,408.0;548.0,440.6;593.7,411.2
132#745.2,617.1;776.8,543.6;699.8,487.6;650.8,508.6;654.2,606.6;668.2,687.1;675.2,498.1;654.2,403.6;657.8,407.1;656.0,338.9;762.8,403.6;762.8,414.1;699.8,393.1;608.8,410.6;556.2,428.1;570.2,389.6
133#740.8,587.3;784.5,525.5;697.2,492.7;649.9,510.9;664.4,612.8;660.8,700.1;671.7,500.0;668.1,405.4;668.1,409.0;677.2,345.3;780.9,423.6;766.3,416.3;711.7,398.1;624.4,409.0;562.5,419.9;628.0,536.4
134#734.0,572.1;785.5,510.3;716.9,503.4;665.4,520.6;651.7,633.8;651.7,709.3;692.9,513.7;675.7,414.2;679.1,414.2;677.4,350.7;778.6,438.2;778.6,445.1;723.7,407.4;631.1,417.6;627.7,489.7;624.2,561.8
135#728.3,579.9;778.2,503.4;721.6,510.0;661.7,523.3;665.1,613.1;655.1,683.0;691.7,520.0;685.0,420.2;688.4,423.5;693.3,358.7;781.5,456.8;781.5,470.1;734.9,416.9;638.5,423.5;598.6,440.2;558.6,430.2
136#719.3,597.6;765.8,526.2;719.3,510.7;666.5,513.8;675.8,619.4;651.0,700.0;694.4,510.7;697.6,430.0;697.6,433.1;696.0,366.4;750.3,476.6;772.0,489.0;744.1,433.1;654.1,430.0;592.0,451.8;561.0,451.8
137#719.4,628.7;759.5,551.2;719.4,511.1;668.6,505.7;679.3,602.0;652.6,674.2;695.3,508.4;703.4,444.2;703.4,444.2;704.7,386.8;751.5,492.4;770.2,505.7;751.5,446.9;657.9,438.9;612.4,460.3;569.7,468.3
138#718.1,656.1;749.7,579.7;728.7,527.0;673.3,519.1;691.8,595.5;654.9,666.7;702.3,524.4;707.6,458.5;705.0,453.3;711.5,396.6;776.1,527.0;768.2,516.5;752.4,458.5;660.2,453.3;610.1,477.0;570.6,484.9
139#713.8,676.4;742.9,597.1;732.3,544.3;668.9,536.3;642.5,597.1;653.0,663.2;700.6,541.6;705.9,465.0;705.9,467.6;709.9,408.2;779.9,568.0;769.3,528.4;753.5,470.3;661.0,462.3;613.4,494.1;576.4,507.3
140#713.3,699.0;740.0,616.4;724.0,557.8;660.0,544.5;636.1,603.1;654.7,648.4;692.0,552.5;708.0,477.9;708.0,472.6;706.7,426.0;777.3,587.1;769.3,539.2;753.3,480.6;660.0,472.6;612.1,509.9;574.8,525.9
141#714.8,722.6;733.4,635.0;720.1,550.0;656.4,539.4;637.8,613.7;645.8,704.0;688.3,539.4;704.2,480.9;704.2,483.6;708.2,442.4;760.0,579.2;768.0,542.0;752.0,486.2;656.4,478.3;605.9,520.8;576.7,544.7
142#723.3,735.2;720.5,637.7;709.4,556.9;648.1,548.6;676.0,626.6;645.3,673.9;676.0,554.2;701.0,484.5;701.0,479.0;713.6,444.1;759.5,587.6;765.1,543.0;748.4,484.5;653.7,481.7;603.5,517.9;570.1,559.7
143#721.6,746.9;709.8,649.7;695.1,570.1;639.1,567.2;671.5,640.8;642.1,696.8;668.6,567.2;698.1,481.7;698.1,472.9;714.3,436.0;757.0,590.7;765.8,540.6;748.2,481.7;645.0,478.7;592.0,514.1;571.3,581.9
144#713.2,761.2;710.1,636.2;688.8,566.0;643.0,566.0;676.6,651.4;643.0,715.5;667.4,566.0;694.9,480.6;697.9,471.4;708.6,427.2;758.9,590.4;765.0,538.5;743.7,480.6;649.1,477.5;588.1,508.0;609.5,529.4
145#708.5,752.6;715.0,645.0;688.9,563.4;636.8,563.4;666.1,651.5;636.8,733.1;662.8,563.4;692.2,478.6;695.5,468.9;710.1,418.3;764.0,592.8;757.4,537.4;737.9,478.6;643.3,481.9;591.1,504.7;627.0,514.5
146#726.3,719.9;713.7,631.5;685.3,546.2;634.7,549.4;644.2,650.4;634.7,742.0;663.2,549.4;688.4,476.7;691.6,467.2;702.6,415.1;767.4,584.1;751.6,527.2;729.5,473.6;647.4,476.7;600.0,495.7;618.9,489.3
147#733.5,718.2;707.0,638.5;680.4,548.8;637.2,548.8;633.9,648.4;623.9,734.8;657.1,545.4;680.4,475.7;680.4,469.0;692.0,410.9;776.7,572.0;746.8,522.2;720.2,472.4;633.9,479.0;627.2,532.2;630.5,585.3
148#730.1,717.4;707.5,640.0;675.3,556.2;626.9,556.2;630.2,646.5;614.0,733.5;649.5,556.2;675.3,475.7;678.5,472.5;686.6,422.5;784.8,559.5;746.2,514.3;710.7,469.2;639.8,485.3;694.6,594.9;752.6,623.9
