1#781.7,694.0;806.5,619.7;905.6,639.5;890.8,644.4;856.1,758.4;890.8,862.5;900.7,639.5;811.5,510.7;816.4,515.6;766.9,451.2;742.1,362.0;791.7,421.5;836.3,485.9;781.7,530.5;722.3,480.9;697.5,426.4
2#781.8,693.9;806.5,619.6;905.5,639.5;890.7,644.4;856.0,758.3;890.7,862.3;895.6,639.5;811.5,510.7;816.4,515.7;766.9,451.3;742.2,362.2;791.7,421.6;841.2,500.8;781.8,530.5;722.4,481.0;697.6,426.6
3#893.2,860.0;868.6,756.5;903.1,643.2;878.4,648.1;853.8,761.4;893.2,864.9;888.3,643.2;809.5,510.2;814.4,515.1;770.1,446.2;740.5,367.4;784.8,421.6;839.0,490.5;779.9,525.0;720.8,485.6;696.2,426.5
4#873.8,845.5;854.6,749.2;897.9,643.2;864.2,648.0;844.9,758.8;883.5,860.0;883.5,643.2;811.2,508.4;811.2,508.4;772.7,440.9;739.0,368.7;787.1,421.7;840.1,493.9;777.5,522.8;719.7,479.5;695.6,426.5
5#775.2,689.8;792.4,600.6;892.0,628.0;854.2,641.8;823.3,751.6;778.7,693.3;871.4,638.3;809.6,494.1;813.0,494.1;778.7,428.9;737.5,367.1;789.0,418.6;847.4,480.4;771.8,511.3;720.3,476.9;696.3,422.0
6#819.4,658.9;819.4,593.3;881.7,613.0;832.5,619.6;780.1,596.6;776.8,685.2;855.5,616.3;816.2,485.1;816.2,481.8;780.1,416.3;744.0,363.8;799.8,409.7;845.7,465.4;780.1,498.2;724.3,468.7;698.1,419.5
7#812.8,626.9;788.6,575.4;870.4,590.5;824.9,608.7;758.3,590.5;776.5,666.3;849.2,596.6;815.8,469.4;815.8,466.3;779.5,402.7;743.1,363.3;806.7,405.8;852.2,454.2;776.5,487.5;721.9,460.3;697.7,417.9
8#804.6,654.1;816.6,578.9;849.7,581.9;813.6,590.9;717.3,657.1;801.6,675.2;831.7,590.9;807.6,455.5;804.6,449.4;765.5,386.2;747.4,359.1;810.6,389.2;843.7,437.4;771.5,470.5;717.3,455.5;693.2,413.3
9#773.3,631.5;759.6,571.3;825.3,565.8;789.7,576.8;680.3,609.6;762.4,672.6;808.9,574.1;789.7,442.7;787.0,426.3;754.2,368.8;748.7,357.9;817.1,371.6;822.6,426.3;754.2,453.7;704.9,448.2;691.2,412.6
10#764.2,677.5;737.7,548.3;802.3,554.2;767.1,560.0;646.7,557.1;743.6,639.3;787.7,560.0;767.1,419.0;761.2,404.3;723.0,348.5;761.2,342.7;820.0,357.3;799.4,401.4;743.6,436.7;690.7,442.5;681.9,410.2
11#766.3,680.2;730.1,591.3;786.0,535.4;733.4,532.1;621.5,505.8;677.4,597.9;759.7,535.4;733.4,393.9;733.4,387.3;705.4,313.2;753.1,318.2;809.1,324.8;769.6,380.7;707.1,407.0;700.5,476.1;713.6,456.4
12#761.7,679.7;735.8,583.7;758.0,513.4;698.8,513.4;599.1,458.0;632.3,550.4;728.4,513.4;709.9,373.0;706.2,369.3;689.6,289.9;739.5,302.8;769.1,313.9;750.6,361.9;658.2,384.1;654.5,424.8;665.6,435.8
13#651.6,481.7;738.6,576.8;741.3,473.5;695.1,476.3;583.7,430.1;602.7,517.0;725.0,473.5;697.8,354.0;689.7,337.7;662.5,277.9;659.8,383.9;754.9,280.6;727.7,343.1;665.2,362.2;624.5,373.0;624.5,364.9
14#669.9,529.8;716.5,560.3;723.1,468.7;673.2,470.6;576.2,437.4;599.6,526.5;702.7,468.7;676.2,338.8;669.6,326.7;643.1,260.6;634.7,313.9;716.6,261.2;709.3,326.8;638.9,346.7;589.0,346.7;584.2,322.1
15#688.2,578.0;694.5,543.9;705.0,464.0;651.2,464.9;568.6,444.7;596.5,535.9;680.4,464.0;654.5,323.6;649.4,315.8;623.6,243.2;609.6,243.8;678.4,241.7;690.8,310.4;612.6,331.1;553.5,320.4;544.0,279.4
16#706.5,626.1;672.4,527.4;686.8,459.2;629.3,459.2;561.1,452.0;593.4,545.4;658.1,459.2;632.9,308.4;629.3,304.8;604.2,225.9;584.5,173.8;640.1,222.3;672.4,294.1;586.3,315.6;518.0,294.1;503.7,236.6
17#675.7,612.6;649.0,528.4;672.5,470.7;612.4,471.2;541.9,456.3;572.9,549.2;642.5,471.2;616.8,320.7;612.4,317.2;585.5,241.3;583.6,189.5;632.1,238.6;656.9,306.8;571.0,329.0;511.2,308.4;514.3,242.9
18#644.9,599.0;625.5,529.3;658.2,482.3;595.6,483.1;522.7,460.5;552.5,553.0;626.9,483.1;600.6,333.0;595.6,329.6;566.8,256.6;582.7,205.3;624.0,254.9;641.3,319.5;555.7,342.3;504.4,322.8;525.0,249.3
19#614.1,585.5;602.1,530.3;643.9,493.8;578.7,495.1;503.5,464.8;532.0,556.8;611.3,495.1;584.5,345.3;578.7,342.0;548.1,272.0;581.8,221.0;616.0,271.2;625.8,332.2;540.4,355.7;497.6,337.1;535.6,255.6
20#583.2,571.9;578.6,531.3;629.7,505.4;561.8,507.0;484.4,469.0;511.5,560.6;595.8,507.0;568.3,357.6;561.8,354.4;529.4,287.3;580.8,236.7;608.0,287.4;610.2,344.8;525.1,369.0;490.8,351.5;546.2,262.0
21#552.4,558.4;555.2,532.3;615.4,516.9;544.9,519.0;465.2,473.3;491.0,564.4;580.2,519.0;552.2,369.9;544.9,366.8;510.7,302.7;579.9,252.4;600.0,303.7;594.7,357.5;509.8,382.4;484.0,365.8;556.8,268.3
22#521.6,544.8;531.7,533.2;601.1,528.5;528.1,530.9;446.0,477.5;470.6,568.2;564.6,530.9;536.0,382.2;528.1,379.2;492.0,318.0;579.0,268.2;591.9,320.0;579.1,370.2;494.5,395.7;477.2,380.2;567.5,274.7
23#490.8,531.3;508.3,534.2;586.8,540.0;511.2,542.9;426.8,481.8;450.1,572.0;549.0,542.9;519.9,394.5;511.2,391.6;473.3,333.4;578.1,283.9;583.9,336.3;563.6,382.9;479.2,409.1;470.4,394.5;578.1,281.0
24#591.4,594.9;594.3,597.8;573.9,545.3;489.3,551.1;410.5,475.3;407.6,551.1;536.0,551.1;501.0,408.2;498.0,396.5;466.0,338.1;575.4,301.7;582.7,355.6;550.6,396.5;454.3,419.8;448.4,414.0;474.7,387.7
25#593.3,604.1;578.4,529.9;536.9,550.7;468.6,550.7;394.4,473.5;370.6,538.8;504.2,553.6;492.3,408.2;486.4,399.3;453.7,339.9;582.9,305.7;581.4,372.5;536.9,399.3;450.8,420.0;468.6,434.9;471.5,411.1
26#596.2,614.6;575.8,524.1;526.1,556.2;456.1,556.2;374.4,471.6;359.8,535.8;491.1,556.2;485.3,407.4;479.5,398.7;450.3,337.4;583.0,315.5;581.6,378.2;534.9,395.7;444.4,419.1;426.9,410.3;462.0,410.3
27#603.5,632.0;562.5,538.2;506.8,549.9;427.6,544.0;351.4,464.9;363.1,541.1;468.7,549.9;468.7,400.4;465.7,391.6;451.1,327.1;583.0,335.9;574.2,382.8;521.4,391.6;421.8,403.3;413.0,400.4;445.2,400.4
28#604.8,635.3;548.6,546.5;492.4,543.5;415.4,543.5;335.5,469.6;368.1,549.5;453.9,543.5;456.8,392.6;453.9,377.8;446.5,311.3;587.0,351.2;569.3,383.8;507.2,383.8;406.5,392.6;397.7,386.7;442.1,392.6
29#602.6,635.8;544.8,557.7;483.7,527.2;405.6,534.0;327.5,466.0;368.2,561.1;446.3,534.0;449.7,374.3;446.3,367.5;441.2,294.5;589.0,350.5;568.6,387.9;504.1,370.9;392.0,374.3;388.6,370.9;439.5,387.9
30#581.7,626.0;537.5,534.2;466.1,510.4;398.1,524.0;323.3,469.6;367.5,564.8;432.1,520.6;442.3,360.8;442.3,354.0;444.0,277.5;591.9,360.8;561.3,391.4;500.1,357.4;387.9,357.4;404.9,391.4;455.9,401.6
31#549.0,615.7;533.9,507.0;455.4,488.9;389.0,497.9;328.6,476.8;367.8,564.4;422.2,491.9;443.3,343.9;446.4,331.9;450.9,266.9;591.3,368.1;555.1,392.3;500.7,347.0;389.0,337.9;404.1,380.2;452.4,374.1
32#511.7,572.4;538.9,475.8;463.4,469.8;384.9,472.8;339.6,478.8;372.8,578.5;427.1,472.8;454.3,333.9;457.3,318.8;464.9,265.9;593.2,376.2;557.0,394.3;511.7,339.9;400.0,318.8;406.0,355.0;569.1,412.4
33#488.6,524.9;544.9,443.2;460.4,448.9;398.5,448.9;353.4,493.9;375.9,592.5;429.4,451.7;468.9,324.9;477.3,305.2;501.3,264.4;595.6,384.1;553.4,395.3;522.4,333.4;418.2,302.4;409.7,358.7;449.2,367.2
34#493.5,500.7;554.5,421.4;472.2,445.8;402.1,445.8;374.6,503.7;380.7,604.3;435.6,442.7;487.4,311.6;496.6,299.4;528.6,258.3;603.3,394.0;560.6,400.1;539.3,329.9;438.6,287.3;386.8,314.7;426.5,317.7
35#591.3,417.1;552.8,406.6;493.3,448.6;426.7,438.1;395.2,518.7;384.7,620.2;458.2,445.1;510.8,301.6;514.3,301.6;551.0,236.8;615.8,406.6;570.3,399.6;563.3,326.1;461.7,273.5;388.2,270.0;451.2,280.5
36#564.2,455.8;564.2,366.1;497.9,436.3;435.4,424.6;415.9,518.3;384.7,623.6;470.5,432.4;525.2,295.8;529.1,291.9;583.7,225.6;626.6,424.6;591.5,397.3;575.9,323.1;478.3,268.5;415.9,237.3;499.8,208.0
37#532.3,468.1;583.2,391.7;502.6,425.7;443.2,417.2;426.2,514.8;388.0,637.9;472.9,421.4;540.8,289.9;540.8,289.9;596.0,217.7;625.7,442.7;608.7,391.7;587.5,315.3;498.4,260.2;438.9,209.2;498.4,166.8
38#529.1,493.1;596.1,409.4;520.7,422.0;453.8,417.8;437.0,514.1;407.7,627.1;487.2,417.8;554.2,283.9;554.2,283.9;600.2,208.5;629.5,451.3;625.4,388.5;600.2,317.3;508.2,254.6;470.5,187.6;510.3,143.6
39#539.3,507.6;607.1,420.3;539.3,430.0;466.6,425.2;452.0,512.4;418.1,623.8;500.5,430.0;563.5,284.6;563.5,289.5;607.1,212.0;641.0,425.2;645.9,376.7;612.0,318.6;524.7,250.7;490.8,187.7;505.3,119.9
40#545.4,533.1;611.3,436.8;550.5,431.8;479.5,426.7;469.4,512.8;439.0,619.2;520.1,431.8;570.7,284.8;570.7,284.8;611.3,213.9;651.8,391.2;677.1,365.9;616.3,315.2;530.2,249.4;504.9,183.5;509.9,122.7
41#540.3,557.6;603.9,471.3;567.5,430.4;503.9,430.4;472.1,507.6;458.5,612.2;535.7,430.4;581.2,289.5;581.2,289.5;617.5,216.7;663.0,362.2;708.4,339.5;631.2,316.7;535.7,266.7;494.8,207.7;513.0,144.0
42#540.3,580.6;598.2,504.9;580.4,447.1;513.6,447.1;473.5,487.1;478.0,585.1;549.2,447.1;589.3,295.6;589.3,295.6;616.0,219.9;691.7,317.9;722.9,313.5;633.9,313.5;540.3,282.3;495.8,224.4;513.6,166.5
43#541.9,599.1;600.2,515.9;600.2,461.7;525.3,453.4;471.2,470.0;504.5,561.7;562.8,461.7;591.9,303.5;596.1,299.3;612.7,220.2;666.9,253.5;725.2,282.7;641.9,307.6;541.9,291.0;504.5,253.5;512.8,199.4
44#539.7,629.7;601.1,539.5;605.2,469.8;535.6,457.5;470.0,445.2;523.3,527.2;568.4,461.6;597.0,305.8;597.0,301.7;601.1,223.9;654.4,215.7;711.8,260.8;646.2,305.8;547.9,301.7;511.0,277.2;519.2,219.8
45#570.4,611.4;601.0,548.2;611.8,472.5;550.5,458.0;482.0,411.2;518.0,476.1;583.0,461.7;601.0,306.5;601.0,299.3;597.4,227.2;655.1,194.7;698.4,245.2;647.9,299.3;554.1,313.8;518.0,299.3;521.7,248.8
46#608.6,518.7;608.6,525.4;622.0,462.1;562.0,455.5;502.1,395.5;528.7,432.2;592.0,462.1;602.0,305.6;602.0,298.9;588.7,229.0;658.6,182.4;685.2,239.0;645.3,298.9;558.7,315.6;518.7,308.9;522.1,269.0
47#584.0,637.4;625.7,536.3;633.6,472.8;570.1,460.9;526.5,393.4;538.4,433.1;601.9,468.8;601.9,306.2;605.8,306.2;586.0,230.8;661.4,175.3;673.3,238.7;645.5,298.2;558.2,318.1;522.5,333.9;534.4,290.3
48#593.4,604.0;636.8,535.4;636.8,477.6;571.7,466.8;542.9,427.0;553.7,470.4;604.3,470.4;604.3,311.5;604.3,311.5;597.0,235.6;669.3,177.9;669.3,242.9;651.2,304.3;550.1,318.7;532.0,354.8;528.4,300.6
49#662.8,444.1;640.6,507.5;637.4,478.9;574.1,472.6;551.9,456.8;577.2,523.3;602.6,475.8;605.8,320.5;605.8,314.2;599.4,244.5;670.7,204.9;669.1,254.0;653.3,311.0;555.1,333.2;523.4,380.7;517.1,355.4
50#609.1,533.4;560.6,450.5;634.9,484.8;569.1,479.1;552.0,430.5;554.9,564.8;600.6,484.8;603.4,339.1;603.4,319.1;603.4,256.2;672.0,227.6;677.7,281.9;657.7,327.7;546.3,347.7;520.6,404.8;517.7,381.9
51#627.2,549.6;596.7,558.7;633.3,497.8;569.3,494.8;538.9,476.5;569.3,567.8;599.8,497.8;605.9,348.6;605.9,336.4;608.9,266.4;669.8,260.3;685.0,312.1;660.7,342.5;545.0,357.7;520.6,424.7;511.5,406.5
52#647.3,557.1;626.0,538.9;632.1,508.5;571.4,502.5;534.9,478.2;565.3,563.2;601.7,505.5;604.8,365.8;607.8,350.6;610.9,280.8;668.6,292.9;674.6,335.4;659.4,362.8;547.1,368.8;507.6,432.6;498.5,429.6
53#640.4,578.6;656.9,482.3;629.4,512.6;557.9,512.6;538.6,479.5;552.4,559.3;590.9,515.3;601.9,377.7;607.4,355.7;618.4,292.4;667.9,322.7;678.9,369.4;656.9,377.7;544.1,377.7;502.8,438.2;489.1,485.0
54#651.3,619.2;651.3,526.4;625.2,532.2;558.4,523.5;538.1,494.5;570.0,584.4;590.4,523.5;599.1,384.3;607.8,366.9;620.8,301.6;668.7,364.0;665.8,387.2;660.0,381.4;546.8,384.3;494.6,436.5;523.6,456.8
55#648.2,644.4;651.1,559.1;618.7,532.6;554.0,529.6;498.1,500.2;559.9,585.5;586.4,529.6;601.1,391.3;607.0,376.6;620.2,316.2;595.2,417.8;633.5,403.1;654.1,394.2;545.2,388.3;480.4,432.5;501.0,441.3
56#650.1,673.6;650.1,579.8;615.7,545.4;543.8,536.1;512.6,539.2;506.3,561.1;581.3,545.4;600.1,398.6;600.1,382.9;623.5,322.0;596.9,439.2;653.2,467.3;653.2,407.9;540.7,392.3;462.6,423.6;493.8,423.6
57#650.8,691.5;643.9,605.8;609.7,547.6;541.2,537.3;500.0,540.7;503.5,592.1;578.8,537.3;596.0,400.3;599.4,390.0;614.8,330.1;616.5,468.8;650.8,482.5;650.8,410.6;537.7,393.4;458.9,403.7;486.3,379.7
58#655.3,706.6;636.9,614.8;618.6,541.3;552.5,541.3;512.1,578.1;504.8,622.1;581.9,541.3;592.9,405.5;592.9,394.5;609.4,319.2;629.6,453.2;659.0,478.9;655.3,412.8;534.1,390.8;460.7,383.5;475.4,346.7
59#646.5,716.1;638.9,617.1;619.8,540.9;551.3,540.9;509.4,502.8;513.2,624.7;585.6,540.9;593.2,403.8;593.2,400.0;602.7,318.1;638.9,449.5;654.1,487.6;650.3,419.0;539.9,392.4;471.3,373.3;467.5,323.8
60#622.9,693.5;633.6,608.1;619.3,547.6;555.2,540.4;512.5,526.2;512.5,622.3;587.3,547.6;594.4,415.8;594.4,408.7;599.7,328.6;630.0,479.9;658.5,497.7;651.4,426.5;541.0,398.0;480.4,373.1;464.4,328.6
61#605.2,660.8;622.3,592.4;615.4,554.8;550.5,548.0;516.3,537.7;512.8,643.7;584.6,551.4;594.9,421.4;594.9,411.2;600.0,334.2;629.1,483.0;663.3,510.4;653.0,435.1;543.6,404.3;485.5,394.1;471.8,349.6
62#586.7,630.2;572.2,569.1;621.6,563.3;551.8,554.6;514.0,566.2;511.1,665.1;586.7,563.3;598.4,423.7;598.4,409.2;607.1,345.2;624.5,493.5;671.1,511.0;659.4,435.4;546.0,409.2;484.9,415.0;470.4,368.5
63#610.2,621.1;593.4,627.8;627.0,567.4;563.3,560.7;519.7,594.3;513.0,688.2;593.4,567.4;603.5,426.6;603.5,416.5;608.5,351.1;637.0,490.3;680.6,507.1;660.5,436.6;549.8,416.5;492.8,426.6;472.7,389.7
64#510.1,707.0;542.3,631.9;628.1,574.6;567.3,574.6;524.4,621.1;513.7,717.7;595.9,574.6;613.8,428.0;610.2,413.7;615.6,372.6;649.6,492.4;699.6,492.4;671.0,435.2;553.0,420.9;495.8,435.2;474.4,406.6
65#552.5,643.8;617.0,602.0;632.2,567.9;575.3,560.3;533.5,643.8;507.0,723.5;605.6,564.1;609.4,419.9;609.4,416.1;607.5,338.3;666.4,465.4;715.7,465.4;666.4,423.7;556.3,419.9;503.2,450.2;472.8,431.2
66#609.7,644.1;617.3,609.7;636.4,564.0;579.2,556.3;544.8,632.6;506.7,731.9;609.7,560.1;605.9,415.1;605.9,411.3;607.8,333.1;636.4,460.9;663.1,460.9;655.5,411.3;552.5,415.1;502.8,460.9;476.1,441.8
67#602.5,662.3;613.7,643.5;640.1,557.0;576.1,545.7;534.7,624.7;527.2,730.0;610.0,549.5;602.5,410.3;602.5,399.0;600.6,325.7;602.5,447.9;655.1,444.2;651.4,402.8;546.0,414.1;504.6,466.7;470.8,455.4
68#612.7,668.6;612.7,608.3;637.5,544.5;573.7,537.4;534.7,583.5;538.2,697.0;609.1,540.9;598.5,406.1;598.5,395.5;593.2,319.2;642.8,319.2;676.5,342.3;644.6,392.0;541.8,416.8;506.3,473.5;470.8,466.4
69#609.1,672.7;599.3,591.2;625.4,535.7;566.7,532.5;527.5,558.6;547.1,643.4;596.0,535.7;586.2,405.3;586.2,395.5;584.6,318.8;543.8,473.8;602.6,447.7;635.2,398.7;534.1,418.3;501.4,480.3;462.3,480.3
70#605.7,674.6;609.1,600.8;619.1,537.0;555.4,533.7;511.8,527.0;545.3,590.7;585.6,533.7;572.2,406.2;572.2,392.7;560.4,334.0;599.0,459.9;625.9,446.4;619.1,396.1;518.5,419.6;495.0,483.3;461.4,493.4
71#604.4,697.5;604.4,596.7;597.2,528.2;539.6,531.9;507.2,542.7;564.8,596.7;572.0,528.2;554.0,405.8;554.0,391.4;537.8,321.2;590.0,456.2;658.4,344.6;608.0,391.4;500.0,420.2;489.2,485.0;456.8,506.6
72#605.5,706.8;601.8,596.3;594.4,522.7;535.5,526.3;495.0,541.1;502.3,574.2;564.9,526.3;535.5,393.7;535.5,386.4;511.5,314.5;622.0,321.9;642.3,360.6;587.0,364.3;483.9,412.2;480.2,478.5;454.4,515.3
73#606.8,699.3;592.0,599.4;569.8,518.0;517.9,521.7;488.3,540.2;499.4,584.6;543.9,518.0;517.9,384.7;517.9,377.3;505.0,312.5;636.4,358.8;625.3,388.4;569.8,362.5;462.4,403.2;455.0,477.3;455.0,532.8
74#601.6,696.5;580.2,589.4;551.6,510.9;498.1,510.9;505.2,571.6;491.0,585.9;526.6,510.9;505.2,378.9;501.7,368.2;496.3,295.0;612.3,357.5;615.9,386.0;558.8,361.0;448.1,393.2;433.9,471.7;448.1,510.9
75#585.5,667.7;574.8,571.3;531.9,492.8;471.2,496.4;489.1,574.9;485.5,599.9;499.8,496.4;492.7,367.8;492.7,360.7;494.4,283.9;603.3,375.0;599.8,396.4;546.2,357.1;439.1,378.5;410.5,446.4;442.7,474.9
76#568.6,643.2;572.0,548.1;514.3,487.0;456.5,493.8;490.5,554.9;493.9,609.3;487.1,487.0;483.7,364.7;483.7,361.3;492.2,291.7;595.8,381.7;585.6,402.1;541.5,357.9;429.4,368.1;381.8,422.5;371.6,449.6
77#551.0,612.4;570.3,518.8;505.8,476.8;454.1,483.3;483.2,528.5;489.6,606.0;479.9,483.3;476.7,357.4;476.7,350.9;488.0,291.2;596.2,386.4;576.8,402.6;534.8,354.1;421.8,360.6;360.5,396.1;386.3,399.3
78#533.9,571.7;570.8,491.4;500.4,471.3;446.8,474.6;470.3,538.2;483.7,625.3;473.6,474.6;466.9,350.7;466.9,347.3;468.6,285.4;580.8,397.6;570.8,400.9;523.9,350.7;413.3,350.7;346.3,374.1;369.8,380.8
79#514.5,534.9;572.8,462.9;490.6,462.9;442.6,476.6;463.2,538.3;483.7,634.2;466.6,469.8;456.3,343.0;456.3,336.2;468.3,283.1;535.1,380.7;576.2,387.5;511.1,346.4;408.3,339.6;329.6,353.3;380.9,315.6
80#501.5,532.3;561.9,459.9;487.0,459.9;436.4,474.8;455.8,543.1;478.1,642.9;461.0,467.4;448.4,335.6;449.8,331.1;457.8,271.3;516.7,349.3;559.8,366.7;500.7,339.3;403.5,333.3;333.8,328.1;376.6,288.7
81#488.5,529.6;550.9,457.0;483.4,457.0;430.2,472.9;448.5,548.0;472.5,651.5;455.3,465.0;440.5,328.2;443.4,325.9;447.4,259.5;498.2,317.8;543.5,345.9;490.2,332.2;398.7,327.1;338.1,303.0;372.4,261.7
82#475.5,527.0;540.0,454.0;479.8,454.0;424.0,471.1;441.1,552.8;466.9,660.2;449.7,462.6;432.6,320.8;436.9,320.8;436.9,247.7;479.8,286.4;527.1,325.1;479.8,325.1;393.9,320.8;342.3,277.8;368.1,234.8
83#470.8,543.2;524.0,469.4;474.8,459.2;418.1,474.0;423.8,552.4;452.5,651.5;445.6,467.2;425.0,329.2;429.0,329.2;426.7,256.5;457.6,280.0;496.0,318.4;470.2,330.9;387.8,328.1;345.4,285.7;367.7,240.5
84#466.0,559.5;508.1,484.9;469.7,464.3;412.3,476.8;406.6,552.1;438.0,642.7;441.4,471.7;417.5,337.7;421.2,337.7;416.6,265.3;435.5,273.6;465.0,311.6;460.6,336.8;381.7,335.3;348.5,293.6;367.4,246.1
85#461.3,575.7;492.1,500.3;464.7,469.5;406.4,479.7;389.3,551.7;423.6,634.0;437.3,476.3;409.9,346.1;413.3,346.1;406.4,274.1;413.3,267.2;433.9,304.9;451.0,342.6;375.6,342.6;351.6,301.5;367.0,251.8
86#457.0,576.4;480.8,491.3;460.4,487.8;405.9,491.3;354.8,545.7;392.3,641.0;433.1,487.8;405.9,358.5;409.3,358.5;392.3,290.4;390.6,275.1;429.7,331.2;443.3,355.1;368.4,361.9;351.4,327.8;370.1,275.1
87#439.8,579.7;480.7,491.1;450.1,497.9;395.5,508.1;334.2,549.0;344.4,644.4;426.2,504.7;398.9,371.8;398.9,371.8;381.9,300.2;395.5,307.0;416.0,378.6;436.4,365.0;361.4,375.2;344.4,354.7;361.4,310.4
88#436.2,586.1;478.9,500.4;443.4,509.3;387.4,516.0;322.6,551.4;322.9,642.8;418.4,514.0;397.1,381.8;397.1,380.5;380.6,310.3;394.2,330.6;415.9,393.9;433.8,376.6;360.8,383.8;342.5,370.3;357.6,328.4
89#432.6,592.6;477.2,509.8;436.7,520.7;379.3,523.8;311.0,553.8;301.4,641.2;410.7,523.4;395.2,391.9;395.2,389.1;379.3,320.4;393.0,354.1;415.8,409.2;431.2,388.2;360.2,392.3;340.6,385.9;353.8,346.4
90#428.9,599.0;475.4,519.1;429.9,532.1;371.1,531.7;299.4,556.3;279.8,639.6;402.9,532.8;393.4,401.9;393.4,397.8;378.1,330.4;391.7,377.7;415.6,424.5;428.6,399.9;359.6,400.8;338.8,401.6;350.0,364.3
91#425.3,605.4;473.6,528.4;423.2,543.5;363.0,539.6;287.8,558.7;258.3,638.0;395.2,542.1;391.6,411.9;391.6,406.5;376.8,340.5;390.4,401.3;415.5,439.8;426.0,411.5;359.0,409.4;336.9,417.2;346.2,382.3
92#421.7,611.9;471.9,537.8;416.5,554.9;354.9,547.4;276.2,561.1;236.8,636.4;387.4,551.5;389.7,422.0;389.7,415.1;375.5,350.6;389.2,424.8;415.4,455.1;423.4,423.1;358.4,417.9;335.0,432.8;342.4,400.3
93#418.1,618.3;470.1,547.1;409.8,566.3;346.8,555.3;264.6,563.5;215.3,634.8;379.7,560.8;387.9,432.0;387.9,423.8;374.2,360.7;387.9,448.4;415.3,470.4;420.8,434.7;357.8,426.5;333.1,448.4;338.6,418.3
94#417.1,640.8;464.2,563.2;408.8,566.0;342.2,563.2;256.3,554.9;220.3,632.5;375.5,566.0;386.6,435.8;383.8,427.4;372.7,366.5;394.9,463.5;419.8,480.1;422.6,438.5;345.0,427.4;322.8,460.7;306.2,455.2
95#415.3,658.4;458.0,583.8;404.6,573.1;338.0,565.1;252.7,546.5;231.4,626.5;370.0,567.8;378.0,442.5;378.0,434.5;371.3,377.2;410.0,471.8;450.0,485.2;426.0,439.8;330.0,439.8;322.0,479.8;308.7,469.2
96#412.3,681.0;446.8,603.2;397.9,571.6;331.7,571.6;251.1,537.0;245.3,617.6;366.2,571.6;372.0,447.8;369.1,442.0;372.0,378.7;412.3,424.8;452.6,462.2;412.3,444.9;325.9,447.8;314.4,502.5;331.7,493.9
97#408.9,697.0;438.3,620.7;388.4,585.5;320.9,573.8;250.4,529.7;265.1,609.0;356.1,582.6;364.9,453.4;364.9,447.5;372.2,378.5;400.1,391.8;444.1,435.8;408.9,450.5;323.8,450.5;297.4,497.4;329.7,494.5
98#408.0,716.3;428.2,635.8;377.9,585.5;324.2,578.8;253.8,525.1;284.0,602.3;351.0,585.5;361.1,454.7;361.1,451.4;364.4,384.3;411.4,374.2;431.5,417.8;401.3,454.7;317.5,454.7;280.6,484.9;324.2,474.8
99#406.2,727.2;406.2,642.6;367.1,580.9;315.1,574.3;256.6,525.6;289.1,600.4;341.1,577.6;357.4,450.8;357.4,450.8;354.1,385.7;391.5,374.4;409.4,398.7;396.4,447.5;315.1,454.0;266.3,467.0;308.6,470.3
100#405.9,723.1;395.5,640.1;364.4,581.3;316.0,577.8;267.5,529.4;298.7,602.0;340.2,577.8;350.6,453.3;350.6,449.9;343.6,387.6;405.9,398.0;419.7,425.6;385.2,449.9;309.1,449.9;264.1,446.4;288.3,401.4
101#393.7,717.6;397.0,627.1;360.2,583.5;309.8,580.1;276.3,536.5;303.1,617.0;333.3,583.5;340.0,456.1;340.0,452.7;336.7,389.0;410.5,415.8;403.7,442.6;376.9,456.1;303.1,456.1;262.9,435.9;269.6,392.3
102#374.1,688.7;395.4,612.6;355.8,579.1;307.1,579.1;288.8,570.0;304.0,630.9;331.4,579.1;337.5,460.3;334.5,457.3;334.5,396.4;404.5,426.8;404.5,448.2;374.1,460.3;301.0,457.3;267.5,429.9;258.4,390.3
103#359.2,654.9;391.9,597.7;353.7,575.8;301.9,581.3;296.5,586.7;299.2,649.5;329.2,581.3;331.9,458.6;331.9,458.6;334.6,398.6;405.5,445.0;394.6,455.9;367.4,466.8;299.2,455.9;269.2,431.3;261.0,401.3
104#354.2,628.7;384.9,569.9;349.1,577.6;305.6,585.3;300.5,615.9;303.0,664.5;328.6,585.3;331.2,460.0;331.2,460.0;341.4,403.7;405.3,449.8;387.4,465.1;364.4,470.2;300.5,457.4;267.2,444.6;264.7,414.0
105#363.5,598.0;368.7,564.0;347.8,571.9;300.7,571.9;300.7,613.7;300.7,673.8;324.2,571.9;334.7,464.6;337.3,459.4;345.2,404.5;410.5,462.0;418.4,485.6;373.9,469.9;300.7,459.4;266.7,456.8;266.7,420.2
106#314.9,639.4;338.3,610.8;346.1,574.3;301.8,569.1;299.2,613.4;299.2,678.5;325.3,571.7;340.9,464.9;340.9,459.7;347.4,406.3;411.3,477.9;421.7,501.4;377.4,470.1;304.4,457.1;270.6,454.5;268.0,441.4
107#310.6,659.9;329.3,625.1;348.0,568.9;310.6,566.2;302.6,614.4;299.9,678.6;329.3,568.9;345.4,461.9;345.4,456.5;346.7,401.7;409.6,494.0;417.6,512.7;388.2,469.9;302.6,456.5;281.1,491.3;305.2,488.6
108#337.8,625.7;368.4,559.4;350.6,567.0;309.8,564.5;307.2,597.6;307.2,651.2;330.2,567.0;345.5,462.5;345.5,452.3;344.2,397.5;388.8,508.4;393.9,518.6;391.3,465.1;302.1,454.9;271.6,477.8;263.9,470.2
109#340.2,628.2;372.7,555.9;352.7,563.4;315.3,560.9;317.8,593.3;312.8,645.7;332.8,560.9;345.2,461.1;345.2,451.1;349.0,397.5;387.6,526.0;402.6,521.0;390.1,463.6;302.8,453.6;272.9,488.6;265.4,478.6
110#342.1,636.8;370.2,563.7;351.9,559.3;313.8,557.2;325.0,589.0;325.7,639.6;331.6,557.2;344.6,456.4;344.6,448.6;350.7,393.0;395.5,503.5;408.0,505.2;389.0,457.9;302.4,450.1;271.0,485.2;267.4,477.4
111#343.9,645.4;367.7,571.6;351.2,555.2;312.4,553.5;332.2,584.7;338.5,633.6;330.4,553.5;344.1,451.7;344.1,446.1;352.5,388.4;403.3,481.0;413.3,489.5;387.9,452.3;301.9,446.7;269.1,481.8;269.5,476.2
112#345.8,654.1;365.3,579.4;350.4,551.0;310.9,549.8;339.4,580.5;351.4,627.5;329.3,549.8;343.5,446.9;343.5,443.6;354.2,383.9;411.2,458.6;418.7,473.7;386.8,446.6;301.4,443.2;267.2,478.3;271.5,475.0
113#347.7,662.7;362.8,587.2;349.7,546.9;309.4,546.1;346.6,576.2;364.2,621.4;328.1,546.1;342.9,442.2;342.9,441.1;355.9,379.4;419.1,436.1;424.1,457.9;385.7,440.9;301.0,439.7;265.3,474.9;273.5,473.8
114#349.5,671.3;360.3,595.1;348.9,542.8;308.0,542.4;353.8,571.9;377.1,615.4;326.9,542.4;342.4,437.5;342.4,438.6;357.7,374.8;426.9,413.6;429.4,442.2;384.6,435.3;300.6,436.3;263.4,471.5;275.6,472.6
115#351.4,679.9;357.8,602.9;348.2,538.7;306.5,538.7;361.0,567.6;389.9,609.3;325.7,538.7;341.8,432.8;341.8,436.1;359.4,370.3;434.8,391.1;434.8,426.4;383.5,429.6;300.1,432.8;261.5,468.1;277.6,471.4
116#352.9,654.5;365.3,583.1;346.7,533.5;305.6,535.8;356.3,569.6;390.1,619.0;325.3,534.2;340.4,430.6;340.4,433.0;357.4,370.8;432.2,402.3;427.6,434.1;380.8,430.4;300.8,428.3;266.6,446.4;283.2,442.1
117#354.4,629.1;372.8,563.4;345.2,528.2;304.7,532.8;351.6,571.5;390.3,628.7;324.9,529.8;339.1,428.3;339.1,430.0;355.4,371.3;429.5,413.6;420.4,441.8;378.1,431.2;301.5,423.8;271.6,424.8;288.8,412.8
118#356.0,603.8;380.3,543.6;343.8,523.0;303.8,529.9;347.0,573.5;390.6,638.4;324.5,525.3;337.7,426.1;337.7,426.9;353.4,371.8;426.9,424.8;413.2,449.5;375.3,432.1;302.2,419.2;276.6,403.1;294.3,383.4
119#357.5,578.4;387.8,523.9;342.3,517.8;302.9,526.9;342.3,575.4;390.8,648.1;324.1,520.8;336.3,423.8;336.3,423.8;351.4,372.3;424.2,436.0;406.0,457.2;372.6,432.9;302.9,414.7;281.7,381.4;299.9,354.1
120#421.3,455.6;385.4,473.6;346.5,518.5;310.6,527.4;343.5,581.3;376.4,638.2;328.6,524.5;334.6,422.7;334.6,422.7;349.5,371.9;421.3,446.7;403.4,458.6;370.5,431.7;301.6,410.7;283.7,377.8;310.6,353.9
121#366.4,635.8;372.3,470.4;351.7,520.6;316.2,526.5;342.8,573.8;369.4,641.7;333.9,520.6;333.9,423.2;336.9,423.2;350.2,365.6;422.5,455.7;401.9,464.5;375.3,432.0;304.4,411.4;280.8,387.7;302.9,365.6
122#377.5,609.4;380.4,475.4;359.6,516.1;322.2,522.9;342.2,571.4;365.2,640.0;340.1,516.1;339.3,419.3;342.3,417.8;355.4,361.6;423.4,465.2;407.2,467.2;379.6,428.2;308.0,408.2;280.3,398.1;300.0,381.5
123#388.6,583.1;388.5,480.5;367.4,511.7;328.2,519.2;341.6,568.9;360.9,638.2;346.3,511.7;344.8,415.5;347.8,412.4;360.6,357.6;424.3,474.6;412.5,469.9;383.9,424.5;311.6,405.0;279.9,408.4;297.0,397.4
124#399.7,556.8;396.6,485.5;375.3,507.2;334.3,515.6;340.9,566.5;356.7,636.5;352.5,507.2;350.2,411.6;353.2,407.0;365.7,353.5;425.2,484.1;417.8,472.5;388.1,420.8;315.2,401.8;279.4,418.8;294.1,413.3
125#410.8,530.4;404.7,490.6;383.2,502.8;340.3,512.0;340.3,564.1;352.5,634.7;358.7,502.8;355.6,407.8;358.7,401.6;370.9,349.5;426.1,493.6;423.1,475.2;392.4,417.0;318.8,398.6;278.9,429.2;291.2,429.2
126#403.6,548.5;382.9,554.4;382.9,498.3;341.6,498.3;341.6,557.3;344.6,631.0;365.2,498.3;365.2,409.9;365.2,401.0;380.0,350.9;433.1,498.3;433.1,465.9;406.5,418.7;323.9,398.1;282.6,427.5;297.4,421.6
127#402.1,558.4;386.7,555.0;387.4,498.7;346.2,497.0;340.3,546.9;339.2,619.6;369.5,497.7;371.6,408.4;371.6,400.6;384.4,350.1;437.2,483.0;438.9,458.4;411.5,416.1;331.3,397.7;291.1,425.5;305.4,421.4
128#400.6,568.3;390.6,555.6;391.9,499.2;350.7,495.7;339.1,536.5;333.8,608.2;373.9,497.1;378.0,406.8;378.0,400.2;388.8,349.2;441.2,467.7;444.7,450.9;416.5,413.4;338.8,397.3;299.6,423.4;313.4,421.1
129#399.1,578.2;394.4,556.2;396.5,499.6;355.2,494.4;337.8,526.2;328.4,596.9;378.2,496.5;384.4,405.3;384.4,399.8;393.1,348.4;445.3,452.3;450.4,443.4;421.5,410.8;346.2,396.9;308.1,421.4;321.5,420.9
130#397.6,588.1;398.3,556.8;401.0,500.0;359.8,493.1;336.5,515.8;322.9,585.5;382.5,495.9;390.8,403.8;390.8,399.3;397.5,347.6;449.3,437.0;456.2,435.9;426.4,408.2;353.7,396.5;316.6,419.4;329.5,420.6
131#396.2,598.0;402.1,557.4;405.5,500.4;364.4,491.9;335.2,505.4;317.5,574.1;386.9,495.3;397.1,402.3;397.1,398.9;401.9,346.8;453.4,421.7;462.0,428.4;431.4,405.6;361.1,396.1;325.1,417.4;337.5,420.4
132#394.7,607.9;405.9,558.0;410.0,500.9;368.9,490.6;334.0,495.0;312.1,562.8;391.2,494.7;403.5,400.8;403.5,398.5;406.2,345.9;457.5,406.4;467.8,420.9;436.4,402.9;368.6,395.7;333.6,415.4;345.5,420.1
133#393.2,617.8;409.8,558.6;414.6,501.3;373.5,489.3;332.7,484.7;306.7,551.4;395.6,494.1;409.9,399.2;409.9,398.1;410.6,345.1;461.5,391.0;473.5,413.4;441.4,400.3;376.0,395.3;342.1,413.3;353.6,419.9
134#391.7,627.7;413.6,559.2;419.1,501.7;378.0,488.0;331.4,474.3;301.3,540.0;399.9,493.5;416.3,397.7;416.3,397.7;415.0,344.3;465.6,375.7;479.3,405.9;446.4,397.7;383.5,394.9;350.6,411.3;361.6,419.6
135#401.1,613.2;424.2,547.0;424.6,501.1;381.9,489.0;337.8,482.8;312.1,549.2;404.3,493.6;417.0,398.8;416.7,396.2;415.8,347.9;465.3,386.3;482.2,411.1;448.6,398.8;382.9,396.4;352.2,418.2;364.3,424.2
136#410.5,598.7;434.8,534.8;430.0,500.4;385.7,490.0;344.2,491.3;322.9,558.5;408.8,493.6;417.8,399.8;417.1,394.6;416.6,351.5;465.0,396.9;485.2,416.4;450.9,399.8;382.2,398.0;353.8,425.2;367.0,428.8
137#419.8,584.3;445.5,522.7;435.5,499.8;389.6,490.9;350.7,499.7;333.6,567.8;413.2,493.7;418.5,400.9;417.5,393.1;417.3,355.2;464.6,407.4;488.1,421.6;453.1,400.9;381.6,399.5;355.3,432.1;369.6,433.3
138#429.2,569.8;456.1,510.5;441.0,499.1;393.5,491.9;357.1,508.2;344.4,577.0;417.7,493.8;419.2,402.0;417.9,391.6;418.1,358.8;464.3,418.0;491.0,426.8;455.3,402.0;381.0,401.0;356.9,439.0;372.3,437.9
139#438.6,555.3;466.7,498.3;446.4,498.4;397.3,492.9;363.5,516.7;355.2,586.2;422.1,493.8;420.0,403.0;418.3,390.0;418.9,362.4;464.0,428.6;494.0,432.1;457.6,403.0;380.3,402.6;358.5,446.0;375.0,442.5
140#448.0,540.8;477.3,486.1;451.9,497.8;401.2,493.9;369.9,525.2;366.0,595.5;426.6,493.9;420.7,404.1;418.7,388.5;419.7,366.0;463.7,439.2;496.9,437.3;459.8,404.1;379.7,404.1;360.1,452.9;377.7,447.1
141#455.1,543.8;483.7,488.5;456.3,498.4;406.4,495.3;377.2,523.9;374.6,593.4;431.5,494.8;424.2,404.7;422.2,389.7;422.0,366.5;465.1,434.3;497.4,434.2;462.6,404.3;384.3,405.2;365.6,451.7;382.0,444.1
142#462.3,546.8;490.1,490.9;460.8,499.0;411.6,496.6;384.5,522.5;383.3,591.3;436.4,495.7;427.8,405.3;425.8,390.9;424.4,366.9;466.4,429.5;498.0,431.0;465.4,404.4;388.9,406.2;371.1,450.5;386.3,441.1
143#469.4,549.8;496.5,493.3;465.2,499.6;416.8,498.0;391.8,521.2;391.9,589.2;441.3,496.6;431.3,405.9;429.3,392.1;426.7,367.4;467.8,424.6;498.5,427.9;468.2,404.6;393.5,407.3;376.6,449.3;390.6,438.1
144#476.6,552.9;502.9,495.8;469.7,500.3;422.0,499.3;399.1,519.8;400.6,587.1;446.2,497.6;434.9,406.5;432.9,393.3;429.1,367.8;469.1,419.7;499.0,424.7;470.9,404.7;398.1,408.3;382.1,448.1;394.9,435.1
145#483.7,555.9;509.3,498.2;474.1,500.9;427.2,500.7;406.4,518.5;409.2,585.0;451.1,498.5;438.4,407.1;436.4,394.5;431.4,368.3;470.5,414.9;499.6,421.6;473.7,404.9;402.7,409.4;387.6,446.9;399.2,432.1
146#490.9,558.9;515.7,500.6;478.6,501.5;432.4,502.1;413.7,517.1;417.9,582.9;456.0,499.4;441.9,407.7;440.0,395.7;433.7,368.8;471.9,410.0;500.1,418.4;476.5,405.1;407.3,410.5;393.1,445.7;403.5,429.1
147#498.0,561.9;522.1,503.0;483.0,502.1;437.5,503.4;421.0,515.8;426.5,580.9;460.8,500.3;445.5,408.4;443.5,397.0;436.1,369.2;473.2,405.1;500.6,415.3;479.3,405.2;411.8,411.5;398.6,444.6;407.7,426.1
148#505.2,564.9;528.5,505.4;487.5,502.7;442.7,504.8;428.3,514.4;435.2,578.8;465.7,501.2;449.0,409.0;447.1,398.2;438.4,369.7;474.6,400.2;501.1,412.1;482.1,405.4;416.4,412.6;404.1,443.4;412.0,423.1
149#512.3,567.9;534.9,507.8;491.9,503.3;447.9,506.2;435.6,513.1;443.8,576.7;470.6,502.1;452.5,409.6;450.6,399.4;440.7,370.2;476.0,395.4;501.7,409.0;484.9,405.6;421.0,413.7;409.6,442.2;416.3,420.1
150#519.5,570.9;541.3,510.2;496.4,503.9;453.1,507.5;442.9,511.7;452.5,574.6;475.5,503.0;456.1,410.2;454.2,400.6;443.1,370.6;477.3,390.5;502.2,405.8;487.7,405.7;425.6,414.7;415.1,441.0;420.6,417.1
151#526.6,574.0;547.7,512.7;500.8,504.6;458.3,508.9;450.2,510.4;461.1,572.5;480.4,504.0;459.6,410.8;457.7,401.8;445.4,371.1;478.7,385.6;502.7,402.7;490.4,405.9;430.2,415.8;420.6,439.8;424.9,414.1
152#533.8,577.0;554.1,515.1;505.3,505.2;463.5,510.2;457.5,509.0;469.8,570.4;485.3,504.9;463.2,411.4;461.3,403.0;447.8,371.5;480.0,380.8;503.3,399.5;493.2,406.0;434.8,416.8;426.1,438.6;429.2,411.1
153#540.9,580.0;560.5,517.5;509.7,505.8;468.7,511.6;464.8,507.7;478.4,568.3;490.2,505.8;466.7,412.0;464.8,404.2;450.1,372.0;481.4,375.9;503.8,396.4;496.0,406.2;439.4,417.9;431.6,437.4;433.5,408.1
154#543.0,578.1;560.6,519.6;513.7,503.9;470.8,505.9;466.9,537.1;484.4,584.0;492.3,503.9;470.8,414.1;464.9,404.3;448.3,376.0;486.4,431.7;504.0,441.4;502.0,406.3;435.6,419.9;431.7,449.2;439.5,416.0
155#542.4,574.2;562.2,513.0;514.8,503.1;473.4,509.1;465.5,542.6;485.2,591.9;495.1,505.1;469.5,416.3;465.5,408.4;454.7,375.9;487.2,442.0;512.8,445.9;503.0,410.4;432.0,424.2;437.9,465.7;455.6,457.8
156#541.2,566.9;566.7,507.5;515.8,501.1;473.4,511.7;467.0,545.7;484.0,600.8;496.7,507.5;467.0,420.5;467.0,414.1;459.6,368.5;492.5,446.0;511.5,448.1;500.9,414.1;430.9,426.9;435.2,471.4;452.2,458.7
157#538.9,555.0;572.7,491.5;515.6,506.3;473.3,512.6;462.8,544.4;483.9,609.9;494.5,512.6;471.2,419.6;469.1,411.1;461.7,369.9;488.1,449.2;511.4,447.1;507.2,413.2;433.1,425.9;433.1,474.6;450.1,457.7
158#535.8,541.2;576.9,479.4;515.2,507.8;474.0,515.5;461.1,554.1;484.3,615.9;494.6,507.8;471.4,415.1;471.4,409.9;465.0,357.2;510.0,438.3;533.2,448.6;510.0,412.5;432.8,422.8;425.1,469.1;445.7,458.9
159#529.4,526.3;571.3,466.0;511.0,497.5;469.1,508.0;463.9,560.4;484.8,625.9;490.1,500.1;474.3,411.0;474.3,403.1;473.0,349.4;521.5,437.2;547.7,439.8;513.7,405.7;435.0,416.2;411.4,455.5;437.6,447.7
160#527.7,523.6;567.9,462.9;510.3,494.2;467.0,505.3;466.6,558.6;481.6,626.8;489.2,496.9;475.6,404.8;475.6,398.5;474.7,344.3;533.7,416.1;553.2,425.0;514.1,400.2;437.1,408.3;405.0,437.5;421.5,418.0
161#525.9,520.9;564.4,459.9;509.6,490.8;465.0,502.5;469.4,556.8;478.3,627.7;488.3,493.8;476.9,398.6;476.9,393.9;476.5,339.2;545.8,395.1;558.6,410.2;514.6,394.8;439.3,400.3;398.7,419.6;405.3,388.3
162#524.2,518.2;561.0,456.8;508.9,487.5;462.9,499.8;472.1,555.0;475.1,628.6;487.4,490.6;478.2,392.4;478.2,389.3;478.2,334.1;558.0,374.0;564.1,395.4;515.0,389.3;441.4,392.4;392.3,401.6;389.2,358.6
163#521.6,528.1;558.1,466.9;508.2,489.5;463.2,499.7;466.7,540.7;471.8,610.6;487.1,492.0;477.8,395.0;477.8,391.4;477.2,337.7;555.7,382.7;559.8,403.3;514.3,393.0;441.3,394.7;393.8,403.2;389.0,364.9
164#519.0,538.0;555.2,477.0;507.5,491.5;463.5,499.6;461.2,526.5;468.5,592.5;486.8,493.3;477.4,397.7;477.4,393.5;476.2,341.2;553.4,391.3;555.5,411.2;513.5,396.6;441.2,396.9;395.3,404.8;388.8,371.2
165#516.5,547.9;552.2,487.0;506.8,493.4;463.8,499.6;455.8,512.2;465.1,574.5;486.5,494.7;476.9,400.3;476.9,395.6;475.2,344.8;551.0,400.0;551.1,419.1;512.8,400.3;441.2,399.2;396.9,406.3;388.6,377.4
166#513.9,557.8;549.3,497.1;506.1,495.4;464.1,499.5;450.3,498.0;461.8,556.4;486.2,496.0;476.5,403.0;476.5,397.7;474.2,348.3;548.7,408.6;546.8,427.0;512.0,403.9;441.1,401.4;398.4,407.9;388.4,383.7
167#511.3,567.7;546.4,507.2;505.4,497.4;464.4,499.4;444.9,483.7;458.5,538.4;485.9,497.4;476.1,405.6;476.1,399.8;473.2,351.9;546.4,417.3;542.5,434.9;511.3,407.6;441.0,403.7;399.9,409.5;388.2,390.0
168#510.4,580.6;545.5,518.1;506.5,500.6;461.5,498.6;465.4,488.8;455.7,547.4;481.1,498.6;477.2,410.7;477.2,400.9;476.2,357.0;537.7,426.3;545.5,440.0;516.2,410.7;442.0,406.8;404.9,414.6;389.3,399.0
169#510.4,589.7;539.7,529.1;500.6,503.7;461.5,501.8;498.6,535.0;455.7,558.4;481.1,505.7;477.2,411.9;479.1,402.2;480.1,368.0;545.5,433.4;545.5,441.2;516.2,411.9;442.0,408.0;404.9,423.7;389.3,410.0
170#510.9,599.7;532.4,535.2;498.9,504.2;458.3,504.2;465.5,520.9;460.7,563.9;479.8,504.2;477.4,411.0;479.8,408.6;485.8,357.2;553.9,437.3;539.5,449.2;515.6,413.4;441.6,408.6;403.4,432.5;389.0,413.4
171#509.8,607.8;524.9,540.1;492.3,495.0;454.7,490.0;469.7,540.1;457.2,575.2;474.7,492.5;482.2,409.7;482.2,404.7;477.2,354.5;570.0,474.9;542.4,452.3;522.4,414.7;442.1,407.2;402.0,437.3;389.4,419.7
172#511.0,617.0;516.1,545.0;487.9,491.0;449.3,488.5;469.9,534.7;462.2,575.9;467.3,488.5;482.7,406.2;485.3,403.6;489.1,348.4;567.5,480.8;544.4,455.0;523.8,411.4;444.2,403.6;408.2,434.5;387.6,429.3
173#516.1,623.9;510.7,551.0;486.4,486.1;443.1,480.7;470.1,529.3;462.0,583.4;464.7,483.4;483.6,402.3;483.6,396.9;495.8,344.2;567.4,488.8;543.1,456.3;524.2,407.7;443.1,396.9;405.3,429.3;389.0,434.7
174#520.3,619.0;504.1,548.5;482.4,477.9;441.7,472.5;474.2,529.5;463.4,589.2;463.4,475.2;482.4,396.5;482.4,393.8;497.3,338.2;542.0,456.2;542.0,448.1;523.0,402.0;444.4,391.1;406.4,423.7;387.4,437.2
175#522.5,615.3;503.2,540.9;478.4,477.5;439.8,474.7;478.4,524.3;464.6,590.5;459.1,477.5;481.1,392.0;481.1,389.3;499.0,332.8;544.5,463.7;541.8,441.6;522.5,397.6;439.8,386.5;395.7,414.1;390.2,422.4
176#522.4,607.5;506.2,537.0;476.4,474.6;438.4,474.6;481.8,520.7;468.2,583.1;457.4,474.6;479.1,387.9;479.1,382.5;496.7,332.3;544.1,466.5;538.7,436.7;519.7,393.3;441.1,379.8;389.6,398.7;392.3,447.5
177#530.9,599.2;513.8,528.0;479.6,473.8;442.5,476.7;485.3,522.3;468.2,584.9;462.5,476.7;479.6,382.6;479.6,379.8;486.7,318.5;542.3,465.3;533.7,433.9;516.6,388.3;445.4,376.9;385.5,379.8;391.2,456.7
178#541.6,593.0;521.9,522.5;485.2,466.0;440.1,466.0;482.4,525.3;468.3,595.8;462.7,466.0;473.9,373.0;473.9,373.0;481.0,315.2;538.8,454.8;530.4,423.7;510.6,378.6;437.3,364.5;386.5,358.9;430.2,320.8
179#549.4,581.9;526.9,511.4;490.2,460.7;445.1,463.5;476.1,525.5;470.5,598.8;464.9,463.5;467.7,364.9;467.7,362.0;480.4,309.9;529.7,443.8;524.0,415.6;504.3,370.5;436.7,359.2;402.9,333.9;446.5,304.3
180#557.3,567.8;529.1,498.9;485.3,445.7;441.5,452.0;472.8,520.8;472.8,599.1;463.4,452.0;463.4,358.0;463.4,358.0;472.8,301.7;519.7,426.9;516.6,405.0;494.7,364.3;435.2,348.6;422.7,314.2;441.5,279.8
181#564.4,564.8;532.6,494.8;491.2,440.8;446.7,450.3;469.0,520.3;472.1,599.8;469.0,450.3;456.2,354.9;456.2,354.9;462.6,297.6;507.1,408.9;510.3,393.0;484.9,354.9;430.8,351.7;440.3,310.3;446.7,275.3
