1#NULL
2#NULL
3#NULL
4#NULL
5#NULL
6#NULL
7#NULL
8#NULL
9#NULL
10#NULL
11#NULL
12#NULL
13#NULL
14#NULL
15#NULL
16#860.0,693.2;821.5,590.5;791.5,505.0;731.6,505.0;650.4,475.0;697.4,560.6;761.6,505.0;731.6,363.8;731.6,368.1;701.7,295.4;708.1,237.7;748.8,282.6;765.9,355.3;688.9,372.4;637.5,338.2;624.7,282.6
17#850.3,687.6;817.8,586.2;769.1,517.2;704.2,525.4;631.2,468.6;667.7,570.0;736.7,521.3;708.3,375.3;708.3,379.3;684.0,306.3;708.3,269.8;744.8,310.4;752.9,367.1;667.7,387.4;619.0,363.1;623.1,310.4
18#829.2,676.8;811.2,576.0;753.6,532.8;681.6,543.6;696.0,518.4;634.8,565.2;721.2,543.6;688.8,392.5;688.8,388.9;660.0,320.5;701.4,293.5;735.6,334.9;739.2,381.7;638.4,403.3;620.4,381.7;627.6,331.3
19#801.3,664.1;804.4,557.6;729.2,551.4;657.2,554.5;597.7,469.9;597.7,548.2;691.6,554.5;672.8,410.4;672.8,404.1;647.8,338.3;705.7,314.8;732.4,360.3;719.8,401.0;635.2,419.8;657.2,451.1;688.5,460.5
20#782.0,666.8;787.1,562.1;708.5,560.7;639.1,561.1;580.2,479.1;580.7,555.6;672.7,561.7;659.2,423.8;658.7,416.2;638.7,351.8;707.6,333.5;727.4,379.6;705.0,414.8;621.0,430.8;637.5,466.1;668.7,472.1
21#762.8,669.4;769.8,566.6;687.7,570.0;621.0,567.8;562.7,488.3;563.7,563.0;653.9,568.8;645.7,437.2;644.7,428.3;629.7,365.3;709.5,352.2;722.4,399.0;690.3,428.5;606.7,441.9;617.9,481.1;649.0,483.7
22#743.5,672.1;752.4,571.0;667.0,579.4;602.8,574.4;545.2,497.6;546.8,570.3;635.0,576.0;632.1,450.7;630.6,440.5;620.6,378.8;711.4,370.9;717.5,418.3;675.5,442.3;592.5,452.9;598.2,496.2;629.2,495.3
23#724.3,674.7;735.1,575.5;646.2,588.7;584.7,581.1;527.7,506.8;529.8,577.7;616.2,583.1;618.6,464.1;616.6,452.6;611.6,392.3;713.3,389.6;712.5,437.7;660.8,456.0;578.2,464.0;578.6,511.2;609.5,506.9
24#705.0,677.4;717.8,580.0;625.5,598.0;566.6,587.7;510.2,516.0;512.8,585.1;597.3,590.3;605.0,477.5;602.5,464.7;602.5,405.8;715.2,408.3;707.5,457.0;646.0,469.8;564.0,475.0;558.9,526.2;589.7,518.5
25#703.2,686.6;703.2,592.3;608.9,600.8;551.7,592.3;606.0,580.8;520.2,580.8;577.4,595.1;588.8,472.2;588.8,466.5;588.8,400.7;714.6,423.6;697.5,466.5;631.7,469.3;545.9,472.2;531.6,529.4;580.3,526.5
26#692.2,685.4;693.6,589.3;600.5,590.2;543.7,583.4;592.3,578.6;522.2,594.1;569.4,585.7;583.0,462.3;583.7,456.3;585.2,389.6;714.5,430.0;692.8,468.0;628.3,462.2;538.3,459.3;519.5,497.7;563.6,482.9
27#681.1,684.2;684.1,586.3;592.1,579.6;535.7,574.5;578.6,576.5;524.2,607.4;561.4,576.2;577.1,452.4;578.6,446.0;581.6,378.5;714.5,436.5;688.0,469.6;625.0,455.1;530.8,446.5;507.4,466.1;547.0,439.3
28#670.1,682.9;674.5,583.4;583.8,569.1;527.8,565.7;564.9,574.3;526.2,620.8;553.5,566.8;571.3,442.5;573.5,435.8;577.9,367.5;714.4,442.9;683.3,471.1;621.6,447.9;523.2,433.6;495.4,434.4;530.3,395.7
29#659.0,681.7;665.0,580.4;575.4,558.5;519.8,556.8;551.2,572.2;528.2,634.1;545.5,557.3;565.4,432.6;568.4,425.5;574.3,356.4;714.4,449.4;678.5,472.7;618.3,440.8;515.7,420.8;483.3,402.8;513.7,352.1
30#648.0,680.5;655.4,577.4;567.0,547.9;511.8,547.9;537.5,570.0;530.2,647.4;537.5,547.9;559.6,422.7;563.3,415.3;570.7,345.3;714.3,455.8;673.8,474.2;614.9,433.7;508.1,407.9;471.2,371.1;497.0,308.5
31#634.1,656.3;648.0,555.5;575.0,534.7;522.9,531.2;533.3,576.4;533.3,659.8;547.2,531.2;571.5,413.1;571.5,406.1;578.5,336.6;717.5,468.7;675.8,475.6;623.6,427.0;522.9,399.2;488.1,347.1;489.9,286.3
32#629.8,614.3;647.3,519.7;591.2,533.7;535.2,537.2;535.2,586.3;538.7,670.4;563.2,533.7;587.7,407.6;591.2,400.6;601.7,334.0;724.4,477.6;682.3,481.1;640.3,425.1;545.7,390.0;503.6,344.5;493.1,288.4
33#641.8,578.6;651.8,491.3;608.2,528.3;554.5,524.9;541.0,592.0;541.0,679.3;581.3,524.9;611.5,407.4;611.5,394.0;635.0,326.8;729.0,488.0;692.1,488.0;658.5,420.8;567.9,383.9;514.2,357.0;509.1,301.6
34#712.5,543.6;614.8,579.4;637.6,524.1;575.8,520.8;549.7,599.0;543.2,693.4;605.1,520.8;631.1,403.6;637.6,390.6;662.0,333.6;735.3,501.3;699.5,488.3;680.0,416.7;588.8,387.4;523.7,387.4;505.8,333.6
35#708.7,554.4;667.0,568.2;653.1,512.7;597.5,509.2;569.8,599.5;538.5,689.8;625.3,509.2;653.1,394.6;656.6,387.7;675.7,323.4;739.9,509.2;715.6,478.0;698.2,408.5;611.4,373.8;542.0,377.2;510.7,363.4
36#715.9,562.8;669.2,573.6;672.8,505.3;615.2,505.3;582.9,591.6;554.1,688.6;644.0,505.3;669.2,390.2;669.2,383.0;685.3,316.5;748.3,516.1;737.5,469.3;715.9,401.0;618.8,372.2;543.3,375.8;518.1,339.9
37#691.3,582.6;667.8,589.3;694.7,502.2;634.3,498.8;590.8,575.9;574.0,673.1;664.5,502.2;674.5,381.5;677.9,364.8;689.6,326.2;751.6,512.3;755.0,458.6;624.3,371.5;731.5,391.6;758.3,458.6;523.7,358.1
38#716.2,601.2;670.0,591.3;706.3,495.6;656.8,492.3;600.8,558.3;584.3,653.9;683.2,495.6;683.2,376.8;683.2,363.6;681.6,309.2;729.4,462.6;775.6,446.1;736.0,380.1;630.5,370.2;567.8,396.6;528.2,370.2
39#704.4,609.7;677.1,573.5;715.5,490.7;667.1,486.1;602.5,536.0;593.9,633.0;693.0,489.5;687.1,371.2;685.9,358.8;680.1,298.8;742.8,414.2;790.2,417.4;740.1,369.8;633.0,369.2;573.4,404.5;529.2,381.0
40#692.5,618.2;684.2,555.6;724.8,485.8;677.5,480.0;604.3,513.8;603.5,612.0;702.9,483.4;691.0,365.5;688.6,354.1;678.6,288.5;756.2,365.7;804.8,388.6;744.2,359.6;635.5,368.1;579.0,412.5;530.3,391.8
41#680.7,626.7;691.3,537.8;734.0,480.9;687.8,473.8;606.0,491.5;613.1,591.1;712.7,477.3;694.9,359.9;691.3,349.3;677.1,278.1;769.6,317.3;819.4,359.9;748.3,349.3;638.0,367.1;584.6,420.4;531.3,402.6
42#680.8,635.8;691.6,552.9;731.3,480.9;684.4,466.4;601.6,462.8;612.4,563.7;709.7,477.3;691.6,358.3;691.6,347.5;679.0,277.3;751.1,270.0;817.8,318.7;745.7,343.9;641.2,369.1;590.7,426.8;529.5,416.0
43#681.2,651.4;702.7,561.2;724.2,488.2;672.6,471.0;599.6,436.7;599.6,535.4;698.4,479.6;694.1,355.1;689.8,346.5;676.9,277.7;771.4,230.5;797.2,294.9;741.3,337.9;642.6,367.9;591.0,415.2;535.2,428.1
44#682.5,669.3;702.7,568.2;710.8,491.4;658.2,471.1;605.6,426.6;585.4,511.6;686.5,479.2;682.5,349.8;682.5,345.7;674.4,277.0;777.5,214.3;779.5,277.0;731.0,329.6;633.9,366.0;593.5,410.5;536.9,438.8
45#687.6,683.9;700.7,578.8;700.7,486.9;643.8,478.2;600.0,412.5;569.4,495.7;674.5,478.2;678.8,351.2;678.8,351.2;665.7,276.8;768.6,235.2;779.5,281.2;727.0,333.7;630.7,368.7;578.2,416.9;530.0,443.1
46#703.0,681.2;703.0,581.1;685.6,489.8;633.4,476.7;585.6,407.1;568.2,489.8;659.5,485.4;672.6,354.9;672.6,354.9;663.9,281.0;774.8,252.7;785.7,311.4;724.8,346.2;620.4,368.0;568.2,420.2;529.0,428.9
47#711.7,678.7;699.1,582.1;678.1,489.8;627.7,477.2;556.3,426.8;568.9,506.6;652.9,485.6;665.5,368.0;665.5,355.4;661.3,284.0;778.9,271.4;787.3,334.4;720.1,355.4;615.1,368.0;547.9,410.0;526.9,405.8
48#711.0,676.7;696.1,583.7;677.5,494.4;625.4,483.2;536.1,434.9;569.6,527.9;651.4,490.7;662.6,367.9;662.6,360.4;664.4,287.9;781.6,293.5;785.4,356.7;714.7,364.2;614.2,367.9;536.1,397.7;524.9,360.4
49#709.7,677.5;691.3,589.1;672.9,504.4;617.6,493.3;529.2,452.8;566.1,544.9;647.1,497.0;658.2,371.8;658.2,364.4;661.8,294.4;779.7,320.2;779.7,379.2;706.0,371.8;606.6,368.1;529.2,371.8;544.0,323.9
50#702.3,681.0;686.6,590.3;670.8,519.3;615.6,503.5;521.0,475.9;568.3,566.6;643.2,507.5;659.0,377.4;659.0,369.5;662.9,298.5;781.2,345.8;777.3,401.0;706.3,381.3;607.7,369.5;536.7,341.9;572.2,294.5
51#696.6,687.4;682.8,590.5;673.5,516.7;613.5,502.8;525.9,502.8;567.4,590.5;641.2,512.1;664.3,378.2;664.3,369.0;668.9,304.4;779.7,364.4;775.1,419.8;715.1,387.4;618.2,369.0;567.4,322.8;585.8,267.5
52#687.1,688.1;678.3,591.7;674.0,512.8;617.0,499.7;538.1,521.6;568.8,609.2;643.3,508.5;674.0,381.4;674.0,372.6;678.3,306.9;779.1,385.8;774.7,434.0;717.8,394.6;625.8,363.9;599.5,311.3;599.5,250.0
53#676.6,684.0;676.6,590.6;673.0,507.9;619.1,497.1;554.3,543.8;568.7,637.3;647.8,504.3;683.8,382.0;683.8,378.4;700.0,315.5;780.9,407.2;770.1,443.1;726.9,396.4;640.6,364.0;620.9,322.7;676.6,418.0
54#669.7,683.1;681.2,587.3;677.4,506.8;623.8,495.4;577.8,560.5;566.3,652.5;650.6,503.0;696.6,384.2;700.4,372.7;719.6,311.4;784.7,434.0;761.7,460.9;742.6,399.6;654.4,357.4;619.9,322.9;625.7,278.8
55#662.8,666.3;693.8,573.3;686.9,514.7;631.8,497.5;590.5,569.9;559.5,656.0;659.4,504.4;707.6,387.3;714.5,376.9;735.2,314.9;783.4,449.3;773.1,469.9;752.4,407.9;659.4,366.6;621.5,342.5;626.7,296.0
56#658.1,643.6;701.1,564.1;691.2,521.1;638.2,504.5;601.8,564.1;572.0,656.8;664.7,511.1;717.7,395.3;724.3,385.3;744.2,319.1;783.9,461.5;774.0,481.4;764.0,411.8;674.7,378.7;628.3,355.6;626.7,314.2
57#663.0,620.6;691.6,560.3;707.5,525.3;650.3,509.5;615.4,557.1;599.5,649.2;672.5,519.0;726.5,401.5;729.7,391.9;745.6,328.4;786.9,474.5;780.5,487.2;774.2,420.5;682.1,382.4;628.1,372.9;628.1,328.4
58#682.6,615.6;696.9,576.8;720.3,534.8;663.8,522.9;624.6,563.6;622.1,654.3;686.9,530.0;725.2,411.0;727.6,400.2;737.8,338.5;787.1,492.4;788.0,490.4;773.2,425.9;679.7,396.7;627.0,393.1;628.4,350.4
59#702.3,610.6;702.2,593.4;733.1,544.2;677.2,536.4;633.9,570.2;644.6,659.4;701.3,541.1;724.0,420.5;725.6,408.5;729.9,348.7;787.2,510.2;795.5,493.6;772.2,431.4;677.3,410.9;625.9,413.3;628.8,372.4
60#722.0,605.6;707.5,609.9;746.0,553.7;690.7,549.8;643.1,576.8;667.2,664.5;715.7,552.1;722.7,430.0;723.5,416.8;722.1,358.8;787.4,528.0;803.1,496.7;771.3,436.9;674.9,425.2;624.7,433.6;629.1,394.4
61#741.6,600.6;712.8,626.5;758.8,563.2;704.2,563.2;652.4,583.3;689.8,669.6;730.1,563.2;721.4,439.5;721.4,425.1;714.2,369.0;787.6,545.9;810.6,499.9;770.3,442.3;672.5,439.5;623.6,453.8;629.4,416.4
62#781.9,609.4;744.3,600.0;769.3,556.1;716.0,565.5;678.4,609.4;694.1,697.3;744.3,559.2;722.3,443.2;719.2,433.8;708.2,366.3;797.6,509.1;825.8,484.0;769.3,443.2;675.2,446.3;631.3,468.3;631.3,433.8
63#792.0,628.6;764.5,628.6;768.0,556.6;723.4,563.5;696.0,635.4;696.0,710.8;747.4,560.0;726.9,447.0;723.4,436.7;699.5,375.1;792.0,460.7;839.9,464.1;771.4,443.6;678.9,453.8;637.8,488.1;630.9,460.7
64#773.3,656.1;748.5,649.0;773.3,560.5;723.7,571.1;698.9,638.4;695.3,727.0;752.0,560.5;723.7,447.1;723.7,440.0;700.7,374.5;805.2,457.7;833.5,447.1;769.7,440.0;681.2,457.7;649.3,496.7;638.7,482.5
65#766.1,673.1;740.9,673.1;773.3,561.2;722.8,572.0;697.5,662.3;693.9,741.7;748.1,564.8;726.4,452.9;722.8,442.1;706.6,371.7;771.5,378.9;823.9,416.8;773.3,438.5;679.5,463.8;639.8,507.1;632.6,496.2
66#748.0,683.9;744.3,624.1;774.2,560.6;721.9,568.1;692.0,642.8;699.5,721.3;744.3,564.4;725.6,452.3;721.9,441.1;710.7,377.5;789.1,347.6;815.3,400.0;766.7,437.3;680.8,467.2;635.9,515.8;662.1,519.5
67#744.9,693.0;752.2,619.5;770.6,564.4;719.2,568.1;689.8,626.8;700.8,704.0;744.9,564.4;722.8,454.2;719.2,443.1;708.1,380.7;787.1,338.4;807.3,391.7;763.2,439.5;678.8,468.9;645.7,531.3;638.3,535.0
68#747.5,706.2;757.7,627.9;757.7,563.2;710.1,563.2;686.3,600.7;696.5,675.6;733.9,563.2;720.3,454.3;716.9,444.1;703.3,382.8;790.1,364.1;812.2,393.0;764.6,433.9;676.0,471.3;635.2,539.4;648.8,553.0
69#748.1,718.2;760.8,635.8;751.3,572.4;697.4,572.4;634.0,562.9;687.9,613.6;725.9,572.4;719.6,458.3;713.2,442.4;699.0,396.5;800.4,402.8;819.4,402.8;764.0,439.3;672.0,471.0;630.8,537.5;643.5,562.9
70#747.2,731.5;760.3,642.9;737.3,567.5;684.8,557.6;711.1,623.2;691.4,629.8;711.1,564.2;711.1,452.6;707.8,436.2;696.3,395.2;788.2,401.8;812.8,426.4;753.7,436.2;668.4,465.7;629.0,537.9;625.8,567.5
71#754.0,752.0;743.6,651.2;726.2,560.8;670.6,557.3;691.4,602.5;674.1,623.3;698.4,560.8;708.8,442.6;705.4,428.7;700.1,385.2;802.7,456.5;809.7,442.6;747.1,432.1;663.6,453.0;625.4,515.6;628.9,564.2
72#743.7,744.9;729.5,648.8;711.7,563.4;669.0,556.3;686.8,623.9;683.2,641.7;690.3,559.8;704.5,438.9;704.5,428.2;702.8,376.6;790.0,428.2;804.2,467.3;747.2,431.7;661.8,438.9;615.6,485.1;633.4,524.3
73#737.2,740.8;733.7,639.5;705.8,562.7;660.4,559.2;677.8,636.0;681.3,660.4;684.8,562.7;702.3,433.4;702.3,426.5;718.0,379.3;807.0,471.9;793.1,482.3;740.7,436.9;660.4,433.4;608.0,468.4;649.9,496.3
74#731.5,730.5;741.8,630.2;696.9,557.6;648.5,543.8;693.4,630.2;679.6,664.8;672.7,554.2;696.9,436.6;700.4,429.7;715.9,362.3;779.9,464.3;776.4,488.5;738.4,440.1;658.9,433.2;603.6,443.5;648.5,464.3
75#736.9,714.7;746.8,611.9;693.8,549.0;654.0,542.3;693.8,625.2;683.8,678.2;673.9,549.0;697.1,436.3;700.4,429.6;712.0,368.3;779.9,486.0;770.0,499.3;736.9,442.9;660.6,433.0;604.3,426.3;667.3,409.8
76#745.8,697.6;759.0,598.3;686.2,542.0;646.4,538.7;696.1,604.9;689.5,681.0;666.3,542.0;696.1,436.0;696.1,429.4;711.0,368.2;782.2,498.9;765.6,505.6;735.8,446.0;656.4,429.4;606.7,402.9;663.0,386.4
77#752.5,681.1;765.6,580.0;690.5,540.8;651.4,547.4;693.8,606.1;690.5,694.1;671.0,544.1;693.8,433.2;693.8,426.7;700.3,364.7;785.1,498.4;768.8,505.0;736.2,446.3;654.7,423.4;609.0,387.5;662.8,353.3
78#761.1,655.3;780.3,563.2;695.9,544.0;646.0,555.5;695.9,620.8;692.1,712.8;672.9,551.7;688.2,432.8;688.2,429.0;695.9,363.7;772.6,501.8;780.3,498.0;730.4,444.3;649.9,421.3;607.7,375.3;638.4,329.2
79#770.5,625.8;785.9,529.5;708.9,544.9;658.9,560.3;689.7,633.5;693.5,733.6;682.0,556.5;685.8,429.5;685.8,429.5;689.7,364.0;770.5,494.9;785.9,491.0;732.0,444.9;643.5,417.9;612.7,371.7;614.6,315.9
80#772.1,603.1;798.2,507.4;711.2,546.5;667.7,559.6;689.5,642.2;693.8,746.6;689.5,555.2;685.1,429.1;685.1,424.7;693.8,363.8;763.4,476.9;798.2,476.9;733.0,442.1;641.6,411.7;606.8,372.5;602.5,316.0
81#772.3,585.1;793.0,490.2;714.6,543.9;669.2,556.3;681.6,651.2;689.8,750.2;689.8,548.0;685.7,424.2;685.7,424.2;689.8,358.2;772.3,461.3;801.2,461.3;731.1,432.4;640.3,420.1;599.0,387.0;603.1,333.4
82#771.1,597.2;789.5,503.5;715.1,541.6;668.2,553.1;677.9,645.0;685.3,742.7;689.6,546.2;681.9,424.2;682.5,422.4;683.5,357.6;758.0,440.2;787.9,445.4;726.4,429.8;637.4,422.0;598.7,403.5;604.6,352.8
83#769.9,609.3;786.1,516.8;715.6,539.3;667.1,550.0;674.1,638.8;680.8,735.2;689.3,544.4;678.1,424.2;679.3,420.6;677.2,357.1;743.7,419.1;774.6,429.5;721.7,427.2;634.4,423.9;598.4,420.1;606.0,372.2
84#768.6,621.4;782.6,530.2;716.1,536.9;666.1,546.8;670.4,632.5;676.4,727.6;689.1,542.7;674.3,424.2;676.1,418.7;670.8,356.6;729.5,398.1;761.2,413.5;717.1,424.7;631.5,425.8;598.1,436.6;607.5,391.5
85#767.4,633.5;779.2,543.5;716.6,534.6;665.0,543.6;666.7,626.3;671.9,720.1;688.9,540.9;670.5,424.2;672.9,416.9;664.5,356.0;715.2,377.0;747.9,397.6;712.4,422.1;628.6,427.7;597.8,453.1;608.9,410.9
86#766.2,645.6;775.8,556.8;717.1,532.3;664.0,540.5;662.9,620.1;667.4,712.6;688.6,539.1;666.7,424.2;669.7,415.1;658.2,355.4;700.9,355.9;734.6,381.7;707.7,419.5;625.6,429.6;597.5,469.7;610.4,430.3
87#765.0,657.7;772.3,570.1;717.6,530.0;662.9,537.3;659.2,613.9;662.9,705.1;688.4,537.3;662.9,424.2;666.5,413.3;651.9,354.9;686.6,334.8;721.3,365.8;703.0,416.9;622.7,431.5;597.2,486.2;611.8,449.7
88#766.8,678.8;759.3,593.0;714.5,533.3;658.5,540.7;643.6,607.9;651.1,693.8;684.7,540.7;658.5,425.0;654.8,413.8;639.9,354.1;673.5,316.8;710.8,357.8;695.9,413.8;617.5,436.2;598.8,492.2;613.8,454.9
89#764.6,693.9;750.6,610.0;705.2,533.1;652.8,543.6;621.3,592.5;631.8,672.9;677.2,540.1;642.3,421.3;642.3,410.8;624.8,354.9;665.0,332.2;698.2,354.9;684.2,407.3;603.9,435.3;589.9,494.7;603.9,459.7
90#766.9,705.9;736.5,618.5;698.5,527.3;645.3,531.1;603.5,572.9;611.1,652.7;671.9,531.1;633.9,420.9;630.1,417.1;607.3,352.4;662.4,323.9;690.9,360.0;668.1,401.9;592.1,439.9;580.7,496.9;557.9,481.7
91#769.4,706.1;732.4,617.3;688.0,532.3;628.9,539.7;580.8,539.7;591.9,628.4;658.5,536.0;621.5,425.0;617.8,413.9;588.2,351.0;656.6,338.1;688.0,373.2;665.8,406.5;577.1,443.5;558.6,499.0;551.2,487.9
92#761.9,703.7;734.2,606.8;675.4,537.6;623.5,548.0;568.2,516.9;571.6,606.8;651.2,544.5;606.2,430.4;602.8,420.0;582.0,357.8;654.6,357.8;685.8,392.3;651.2,409.6;561.3,447.7;526.7,492.7;547.4,485.7
93#739.6,682.5;734.0,591.2;660.7,545.1;609.6,552.9;562.6,522.1;560.2,607.8;636.3,550.6;598.9,435.9;595.8,425.2;578.2,365.4;656.1,375.5;678.7,408.6;640.9,419.2;554.3,448.3;518.3,473.7;537.7,452.5
94#717.2,661.3;733.8,575.6;646.1,552.5;595.6,557.9;556.9,527.2;548.9,608.7;621.4,556.7;591.7,441.3;588.7,430.5;574.4,372.9;657.5,393.2;671.6,425.0;630.6,428.9;547.2,448.9;510.0,454.7;527.9,419.2
95#694.9,640.1;733.6,560.0;631.4,560.0;581.7,562.8;551.3,532.4;537.5,609.7;606.5,562.8;584.4,446.8;581.7,435.7;570.6,380.5;659.0,410.9;664.5,441.3;620.3,438.5;540.2,449.5;501.6,435.7;518.2,386.0
96#668.5,619.2;723.4,540.9;621.5,561.8;566.7,559.1;545.8,551.3;530.1,629.6;595.4,561.8;579.7,449.5;579.7,444.2;577.1,389.4;652.9,423.4;663.3,457.3;616.3,446.9;540.6,449.5;509.2,428.6;511.9,381.6
97#641.9,635.7;711.5,542.3;619.7,565.3;565.6,563.7;545.5,569.4;530.6,645.8;593.7,565.9;580.6,454.3;580.6,447.8;578.2,394.0;655.7,440.3;666.8,470.8;618.4,452.2;541.3,454.9;516.2,447.3;524.0,408.6
98#615.3,652.3;699.6,543.7;617.9,568.8;564.5,568.3;545.1,587.6;531.1,662.0;592.0,569.9;581.4,459.1;581.4,451.4;579.3,398.6;658.5,457.2;670.4,484.4;620.5,457.6;542.0,460.3;523.2,466.0;536.2,435.5
99#588.7,668.8;687.7,545.0;616.1,572.2;563.4,572.9;544.8,605.7;531.6,678.1;590.3,574.0;582.3,464.0;582.3,455.0;580.4,403.1;661.2,474.1;673.9,497.9;622.6,462.9;542.7,465.7;530.1,484.8;548.3,462.5
100#562.1,685.4;675.8,546.4;614.3,575.7;562.3,577.5;544.4,623.9;532.1,694.3;588.6,578.0;583.1,468.8;583.1,458.6;581.5,407.7;664.0,491.0;677.5,511.5;624.7,468.3;543.4,471.1;537.1,503.5;560.5,489.4
101#535.5,701.9;663.9,547.8;612.5,579.2;561.2,582.1;544.1,642.0;532.6,710.5;586.9,582.1;584.0,473.6;584.0,462.2;582.6,412.3;666.8,507.9;681.0,525.0;626.8,473.6;544.1,476.5;544.1,522.2;572.6,516.4
102#594.5,663.5;576.7,651.6;612.3,577.5;564.9,580.5;544.1,645.7;532.3,719.8;591.5,577.5;591.5,473.8;591.5,462.0;587.1,410.1;677.4,539.0;677.4,539.0;630.0,470.9;550.0,473.8;550.0,527.2;579.7,518.3
103#593.5,664.4;576.0,652.7;614.0,573.7;567.2,576.6;546.7,652.7;526.2,728.7;593.5,573.7;599.4,474.2;596.5,459.6;595.0,414.2;666.7,535.6;678.4,523.9;640.3,474.2;558.4,474.2;543.8,521.0;578.9,521.0
104#595.6,683.6;586.8,663.0;625.1,577.5;577.9,574.6;548.5,648.3;527.8,724.9;604.5,574.6;604.5,471.4;601.5,459.6;603.0,411.0;672.3,521.5;698.8,518.6;645.7,471.4;557.3,474.4;507.2,515.6;539.6,518.6
105#593.2,687.7;602.7,651.0;629.1,576.8;581.4,572.0;560.9,637.4;538.5,707.6;606.8,573.9;610.6,471.7;607.7,459.1;607.2,411.8;688.3,513.7;711.7,503.2;653.4,470.7;563.9,474.7;515.2,520.3;539.7,532.8
106#590.9,691.8;618.5,639.1;633.2,576.2;585.0,569.5;573.2,626.6;549.1,690.3;609.1,573.3;616.8,472.0;613.8,458.5;611.5,412.7;704.4,505.9;724.7,487.7;661.1,470.1;570.4,474.9;523.2,524.9;539.7,547.0
107#588.5,695.9;634.4,627.1;637.2,575.5;588.5,566.9;585.6,615.7;559.8,673.0;611.4,572.6;622.9,472.3;620.0,458.0;615.7,413.5;720.4,498.1;737.6,472.3;668.8,469.4;577.0,475.2;531.2,529.6;539.8,561.2
108#607.0,690.9;650.4,619.9;643.1,571.0;594.5,564.1;597.6,614.3;572.8,673.9;617.1,568.8;629.6,467.9;627.4,454.5;625.1,408.5;723.9,497.3;738.0,475.5;674.6,466.5;585.1,470.1;543.2,511.7;554.4,536.6
109#625.5,685.8;666.5,612.7;649.0,566.5;600.5,561.3;609.6,612.9;585.8,674.8;622.9,565.0;636.4,463.6;634.9,450.9;634.5,403.5;727.3,496.5;738.4,478.7;680.4,463.6;593.1,465.1;555.2,493.8;569.1,511.9
110#644.0,680.8;682.5,605.5;654.9,562.0;606.6,558.5;621.6,611.5;598.8,675.7;628.6,561.2;643.1,459.2;642.3,447.4;644.0,398.5;730.8,495.7;738.8,481.9;686.2,460.7;601.2,460.0;567.2,475.9;583.7,487.3
111#662.5,675.8;698.5,598.3;660.8,557.5;612.6,555.7;633.6,610.1;611.8,676.6;634.4,557.4;649.8,454.8;649.7,443.9;653.4,393.5;734.2,494.9;739.2,485.1;692.0,457.8;609.2,454.9;579.2,458.0;598.4,462.7
112#680.9,670.7;714.6,591.0;666.7,553.0;618.6,553.0;645.7,608.6;624.7,677.6;640.1,553.6;656.6,450.5;657.2,440.3;662.8,388.4;737.7,494.0;739.7,488.2;697.7,454.8;617.3,449.9;591.3,440.0;613.0,438.0
113#699.4,665.7;730.6,583.8;672.6,548.5;624.6,550.2;657.7,607.2;637.7,678.5;645.9,549.8;663.3,446.1;664.6,436.8;672.2,383.4;741.1,493.2;740.1,491.4;703.5,451.9;625.3,444.8;603.3,422.1;627.7,413.4
114#717.9,660.7;746.6,576.6;678.5,544.0;630.7,547.4;669.7,605.8;650.7,679.4;651.6,546.0;670.0,441.7;672.0,433.3;681.7,378.4;744.6,492.4;740.5,494.6;709.3,449.0;633.4,439.7;615.3,404.2;642.3,388.8
115#736.4,655.6;762.7,569.4;684.4,539.5;636.7,544.6;681.7,604.4;663.7,680.3;657.4,542.2;676.8,437.4;679.5,429.7;691.1,373.4;748.0,491.6;740.9,497.8;715.1,446.1;641.4,434.7;627.3,386.3;657.0,364.1
116#754.9,650.6;778.7,562.2;690.3,535.0;642.7,541.8;693.7,603.0;676.7,681.2;663.1,538.4;683.5,433.0;686.9,426.2;700.5,368.4;751.5,490.8;741.3,501.0;720.9,443.2;649.5,429.6;639.3,368.4;671.6,339.5
117#774.8,627.8;798.3,530.1;697.3,533.5;653.5,543.6;693.9,614.3;677.1,691.8;673.7,536.9;687.2,432.5;690.6,422.4;704.1,365.1;754.6,499.8;747.8,503.2;727.6,439.2;650.2,432.5;656.9,479.6;717.5,499.8
118#788.5,598.0;808.3,502.4;702.8,528.8;669.8,542.0;692.9,621.1;679.7,706.8;686.3,538.7;689.6,429.9;692.9,420.0;704.4,362.3;735.7,499.1;755.5,495.8;732.4,433.2;646.7,429.9;650.0,476.1;683.0,482.7
119#793.6,570.2;816.1,487.5;722.1,525.1;680.8,536.4;688.3,622.9;680.8,713.1;699.6,532.6;695.8,423.6;699.6,416.1;707.1,348.4;744.7,491.3;763.5,483.8;737.2,431.1;658.2,419.8;665.7,371.0;686.4,335.2
120#790.6,582.4;809.0,506.0;732.1,530.9;690.3,542.0;694.0,627.1;689.4,714.9;709.6,537.8;701.8,430.3;705.1,423.8;708.3,357.6;751.7,478.5;771.2,477.3;742.3,435.8;664.1,428.4;669.2,391.6;688.7,355.0
121#787.7,594.5;801.9,524.5;742.1,536.8;699.8,547.6;699.7,631.2;698.0,716.6;719.6,543.1;707.8,436.9;710.5,431.6;709.5,366.8;758.7,465.7;779.0,470.8;747.4,440.5;670.0,437.0;672.6,412.1;691.1,374.7
122#784.7,606.7;794.8,543.0;752.1,542.6;709.3,553.2;705.4,635.4;706.6,718.4;729.6,548.3;713.8,443.6;716.0,439.3;710.7,376.0;765.7,452.9;786.7,464.3;752.5,445.2;675.9,445.6;676.1,432.7;693.4,394.5
123#781.8,618.8;787.8,561.5;762.1,548.5;718.9,558.8;711.2,639.6;715.2,720.2;739.7,553.5;719.8,450.3;721.4,447.1;711.9,385.3;772.7,440.1;794.4,457.9;757.6,449.8;681.9,454.1;679.6,453.3;695.8,414.2
124#778.8,631.0;780.7,580.0;772.1,554.3;728.4,564.4;716.9,643.8;723.8,722.0;749.7,558.7;725.8,457.0;726.9,454.8;713.1,394.5;779.7,427.3;802.1,451.4;762.7,454.5;687.8,462.7;683.1,473.9;698.1,434.0
125#775.9,643.1;773.6,598.5;782.1,560.2;737.9,570.0;722.6,647.9;732.4,723.7;759.7,564.0;731.8,463.6;732.3,462.6;714.3,403.7;786.7,414.5;809.9,444.9;767.8,459.2;693.7,471.3;686.5,494.4;700.5,453.7
126#772.9,655.3;766.5,617.0;792.1,566.0;747.4,575.6;728.3,652.1;741.0,725.5;769.7,569.2;737.8,470.3;737.8,470.3;715.5,412.9;793.7,401.7;817.6,438.4;772.9,463.9;699.6,479.9;690.0,515.0;702.8,473.5
127#772.4,678.4;766.2,644.1;794.2,578.6;756.8,587.9;731.8,653.4;753.7,731.4;778.6,581.7;744.3,488.1;741.2,478.7;719.4,425.7;805.1,402.3;812.9,438.2;781.8,475.6;706.9,497.5;694.4,538.0;697.5,491.2
128#767.2,693.5;764.2,649.3;802.5,590.5;767.2,593.4;728.9,658.2;758.4,740.6;781.9,590.5;746.6,499.2;743.6,493.3;723.0,440.4;809.9,421.2;817.2,452.1;784.8,487.5;711.3,511.0;696.5,552.2;702.4,516.9
129#772.9,709.8;772.9,652.1;807.5,603.1;764.2,611.7;720.9,663.6;761.3,735.8;784.4,605.9;749.8,513.6;746.9,505.0;723.8,453.1;814.7,434.3;821.9,467.5;790.2,502.1;712.3,525.2;697.9,574.2;706.5,533.8
130#772.3,725.4;774.1,662.5;807.1,613.6;761.9,618.4;708.6,658.4;754.6,731.9;783.5,615.4;751.4,524.0;747.7,515.6;723.7,462.4;815.1,451.7;829.4,482.4;791.0,511.8;713.7,534.5;699.6,585.2;706.3,545.6
131#771.6,741.1;775.2,673.0;806.7,624.0;759.7,625.1;696.3,653.3;747.8,728.0;782.7,625.0;753.1,534.4;748.4,526.1;723.5,471.7;815.4,469.0;836.8,497.3;791.9,521.6;715.2,543.7;701.4,596.3;706.0,557.5
132#771.0,756.7;776.4,683.4;806.3,634.5;757.4,631.8;684.0,648.1;741.1,724.1;781.8,634.5;754.7,544.8;749.2,536.7;723.4,481.0;815.8,486.4;844.3,512.2;792.7,531.3;716.6,553.0;703.1,607.3;705.8,569.3
133#769.7,769.6;779.1,695.4;800.0,638.7;751.0,635.9;674.4,640.4;728.1,715.1;775.5,638.7;754.4,546.8;750.3,539.2;727.5,483.1;820.2,499.1;846.2,526.2;792.9,535.1;715.8,554.5;699.6,608.3;696.2,582.8
134#768.5,782.5;781.9,707.4;793.8,642.9;744.7,640.0;664.9,632.8;715.0,706.1;769.2,642.9;754.1,548.8;751.4,541.6;731.5,485.2;824.7,511.8;848.2,540.2;793.2,538.9;715.1,555.9;696.0,609.2;686.5,596.4
135#767.2,795.4;784.6,719.3;787.5,647.0;738.4,644.1;655.3,625.1;702.0,697.2;762.9,647.0;753.8,550.7;752.4,544.1;735.6,487.4;829.1,524.6;850.1,554.1;793.4,542.7;714.3,557.4;692.5,610.2;676.9,609.9
136#765.9,808.3;787.4,731.3;781.3,651.2;732.0,648.2;645.7,617.4;688.9,688.2;756.6,651.2;753.5,552.7;753.5,546.5;739.7,489.5;833.6,537.3;852.1,568.1;793.6,546.5;713.5,558.8;688.9,611.2;667.3,623.5
137#765.0,819.0;780.5,738.2;774.3,651.2;730.8,645.0;640.7,617.1;690.4,688.5;755.7,648.1;752.6,548.7;752.6,545.6;738.6,485.0;833.3,548.7;852.0,576.7;793.0,542.5;712.2,554.9;684.2,607.7;718.4,613.9
138#765.1,821.4;771.3,740.5;774.4,644.1;730.9,641.0;637.6,634.8;690.5,703.2;752.7,644.1;749.6,544.6;746.4,538.4;735.6,480.9;824.2,569.5;845.9,585.0;790.0,538.4;706.0,547.7;678.0,603.7;724.7,609.9
139#771.0,817.8;774.1,729.1;777.1,637.4;731.2,625.1;651.7,643.5;694.5,723.0;752.6,631.3;743.5,536.4;740.4,530.3;726.6,473.7;819.9,573.1;838.3,576.2;786.3,533.4;700.7,542.6;667.0,594.6;706.8,616.0
140#777.1,808.8;781.5,720.6;781.3,634.5;735.5,623.1;659.3,644.3;700.3,724.2;756.8,628.9;747.6,533.5;744.6,527.5;731.7,470.7;824.8,568.2;842.6,571.9;790.4,530.5;705.0,539.5;671.0,588.4;709.2,606.9
141#783.1,799.8;789.0,712.0;785.5,631.5;739.8,621.1;667.0,645.1;706.2,725.4;760.9,626.5;751.7,530.6;748.9,524.7;736.8,467.8;829.8,563.4;846.9,567.7;794.5,527.6;709.2,536.3;675.0,582.2;711.7,597.8
142#789.2,790.9;796.4,703.5;789.7,628.6;744.2,619.1;674.6,645.9;712.0,726.6;765.1,624.1;755.8,527.7;753.1,521.9;741.9,464.8;834.7,558.5;851.2,563.4;798.6,524.6;713.5,533.1;679.1,576.0;714.1,588.7
143#795.3,781.9;803.8,694.9;793.9,625.6;748.5,617.1;682.2,646.7;717.9,727.8;769.3,621.7;759.9,524.8;757.3,519.2;747.0,461.9;839.6,553.6;855.5,559.2;802.7,521.7;717.7,530.0;683.1,569.8;716.6,579.6
144#801.4,772.9;811.2,686.4;798.0,622.7;752.8,615.2;689.8,647.5;723.7,729.0;773.5,619.3;764.0,521.9;761.6,516.4;752.1,458.9;844.5,548.8;859.8,554.9;806.8,518.8;722.0,526.9;687.1,563.6;719.0,570.5
145#807.5,763.9;818.7,677.8;802.2,619.7;757.1,613.2;697.5,648.3;729.6,730.2;777.6,616.9;768.1,519.0;765.8,513.6;757.2,456.0;849.5,543.9;864.1,550.7;810.9,515.9;726.2,523.7;691.1,557.4;721.5,561.4
146#813.5,754.9;826.1,669.3;806.4,616.8;761.4,611.2;705.1,649.2;735.4,731.5;781.8,614.5;772.2,516.2;770.0,510.8;762.3,453.0;854.4,539.0;868.5,546.4;815.0,513.0;730.5,520.6;695.2,551.1;723.9,552.3
147#819.6,746.0;833.5,660.7;810.6,613.8;765.7,609.2;712.7,650.0;741.3,732.7;786.0,612.1;776.3,513.3;774.3,508.0;767.4,450.1;859.3,534.2;872.8,542.2;819.1,510.1;734.7,517.4;699.2,544.9;726.3,543.2
148#825.7,737.0;841.0,652.2;814.8,610.9;770.1,607.2;720.4,650.8;747.1,733.9;790.1,609.7;780.4,510.4;778.5,505.2;772.5,447.1;864.3,529.3;877.1,537.9;823.2,507.1;739.0,514.2;703.2,538.7;728.8,534.1
149#831.8,728.0;848.4,643.6;819.0,607.9;774.4,605.2;728.0,651.6;753.0,735.1;794.3,607.3;784.5,507.5;782.7,502.4;777.6,444.2;869.2,524.4;881.4,533.7;827.3,504.2;743.2,511.1;707.2,532.5;731.2,525.0
150#837.8,719.0;855.8,635.1;823.2,605.0;778.7,603.2;735.6,652.4;758.8,736.3;798.5,604.9;788.6,504.6;787.0,499.6;782.7,441.2;874.1,519.6;885.7,529.4;831.4,501.3;747.5,508.0;711.3,526.3;733.7,515.9
151#843.9,710.1;863.2,626.5;827.4,602.0;783.0,601.2;743.2,653.2;764.7,737.5;802.7,602.5;792.7,501.7;791.2,496.9;787.8,438.3;879.0,514.7;890.0,525.2;835.5,498.4;751.7,504.8;715.3,520.1;736.1,506.8
152#850.0,701.1;870.7,618.0;831.5,599.1;787.3,599.3;750.9,654.0;770.5,738.7;806.8,600.2;796.9,498.8;795.4,494.1;793.0,435.3;884.0,509.8;894.3,520.9;839.6,495.5;756.0,501.7;719.3,513.9;738.5,497.6
153#856.0,692.1;878.1,609.5;835.7,596.2;791.6,597.3;758.5,654.8;776.3,739.9;811.0,597.8;801.0,495.9;799.7,491.3;798.1,432.3;888.9,505.0;898.6,516.6;843.7,492.6;760.3,498.5;723.4,507.7;741.0,488.5
154#862.1,683.1;885.5,600.9;839.9,593.2;796.0,595.3;766.1,655.6;782.2,741.1;815.2,595.4;805.1,493.0;803.9,488.5;803.2,429.4;893.8,500.1;902.9,512.4;847.8,489.6;764.5,495.4;727.4,501.5;743.4,479.4
155#868.2,674.1;893.0,592.4;844.1,590.3;800.3,593.3;773.8,656.4;788.0,742.3;819.3,593.0;809.2,490.1;808.1,485.7;808.3,426.4;898.8,495.2;907.2,508.1;851.9,486.7;768.8,492.2;731.4,495.3;745.9,470.3
156#874.3,665.2;900.4,583.8;848.3,587.3;804.6,591.3;781.4,657.2;793.9,743.5;823.5,590.6;813.3,487.2;812.4,482.9;813.4,423.5;903.7,490.4;911.5,503.9;856.0,483.8;773.0,489.1;735.4,489.1;748.3,461.2
157#880.4,656.2;907.8,575.3;852.5,584.4;808.9,589.3;789.0,658.0;799.7,744.7;827.7,588.2;817.4,484.3;816.6,480.1;818.5,420.5;908.6,485.5;915.8,499.6;860.1,480.9;777.3,485.9;739.5,482.9;750.8,452.1
158#886.4,647.2;915.3,566.7;856.7,581.4;813.2,587.3;796.7,658.9;805.6,746.0;831.8,585.8;821.5,481.5;820.8,477.3;823.6,417.6;913.6,480.6;920.2,495.4;864.2,478.0;781.5,482.8;743.5,476.6;753.2,443.0
159#892.5,638.2;922.7,558.2;860.9,578.5;817.5,585.3;804.3,659.7;811.4,747.2;836.0,583.4;825.6,478.6;825.1,474.6;828.7,414.6;918.5,475.8;924.5,491.1;868.3,475.1;785.8,479.6;747.5,470.4;755.6,433.9
160#898.6,629.2;930.1,549.6;865.0,575.5;821.9,583.4;811.9,660.5;817.3,748.4;840.2,581.0;829.7,475.7;829.3,471.8;833.8,411.7;923.4,470.9;928.8,486.9;872.4,472.1;790.0,476.5;751.5,464.2;758.1,424.8
161#904.6,620.3;937.5,541.1;869.2,572.6;826.2,581.4;819.5,661.3;823.1,749.6;844.4,578.6;833.8,472.8;833.5,469.0;838.9,408.7;928.3,466.0;933.1,482.6;876.5,469.2;794.3,473.3;755.5,458.0;760.5,415.7
162#910.7,611.3;945.0,532.5;873.4,569.6;830.5,579.4;827.2,662.1;829.0,750.8;848.5,576.2;837.9,469.9;837.8,466.2;844.0,405.8;933.3,461.2;937.4,478.4;880.6,466.3;798.5,470.2;759.6,451.8;763.0,406.6
163#916.8,602.3;952.4,524.0;877.6,566.7;834.8,577.4;834.8,662.9;834.8,752.0;852.7,573.8;842.0,467.0;842.0,463.4;849.1,402.8;938.2,456.3;941.7,474.1;884.7,463.4;802.8,467.0;763.6,445.6;765.4,397.5
164#893.0,600.8;937.6,518.5;872.4,563.0;834.7,569.9;824.4,659.1;834.7,741.4;851.9,566.5;851.9,467.0;851.9,463.6;855.3,405.3;941.0,463.6;958.2,487.6;893.0,467.0;814.1,463.6;776.4,429.3;767.8,396.7
165#883.5,604.4;939.5,520.3;877.2,567.0;833.7,570.1;827.4,644.8;830.5,725.8;852.3,570.1;858.6,467.4;858.6,464.3;869.5,406.7;942.6,476.7;955.1,507.8;899.0,467.4;818.1,467.4;774.5,445.6;757.4,412.9
166#887.2,619.7;931.6,544.7;884.4,569.7;831.6,569.7;828.8,628.0;828.8,700.3;862.2,569.7;864.9,469.7;867.7,461.4;874.7,415.6;934.4,494.7;945.5,517.0;906.6,472.5;823.3,467.0;773.3,447.5;763.6,421.1
167#884.0,630.9;926.7,556.1;886.7,553.5;833.3,556.1;830.7,609.5;830.7,673.5;860.0,553.5;868.0,468.1;870.7,460.1;880.0,402.7;940.0,500.1;937.4,521.5;905.4,470.8;825.3,465.4;788.0,457.4;764.0,436.1
168#884.9,637.5;921.4,557.3;882.5,545.2;833.9,542.7;831.5,586.5;819.3,639.9;858.2,545.2;872.8,465.0;875.2,455.3;886.2,403.0;940.8,533.0;936.0,516.0;911.7,467.4;829.1,460.1;804.8,484.4;758.6,448.0
169#885.6,647.2;912.9,575.2;880.6,542.9;830.9,540.4;840.9,580.1;823.5,632.3;853.3,542.9;873.1,458.4;875.6,448.5;886.8,395.0;945.2,520.5;940.2,510.6;910.4,460.9;833.4,453.4;788.7,455.9;756.4,446.0
170#885.5,656.2;909.9,580.0;871.8,531.0;825.6,528.3;841.9,593.6;822.9,645.3;847.4,528.3;869.1,449.4;871.8,441.3;884.1,388.2;945.3,536.5;942.6,503.8;909.9,454.9;831.0,444.0;784.8,457.6;754.9,449.4
171#887.0,673.7;898.5,589.7;872.5,526.0;823.3,520.3;846.4,578.1;832.0,644.7;846.4,523.2;869.6,439.2;869.6,433.4;885.5,377.0;947.8,537.6;936.2,500.0;907.2,445.0;832.0,433.4;765.4,439.2;753.8,476.8
172#895.7,682.3;883.6,600.9;865.5,522.5;817.3,513.4;838.4,597.9;823.3,658.2;844.4,519.5;868.6,426.0;871.6,413.9;888.2,364.2;931.9,501.4;934.9,495.3;907.8,432.0;829.4,423.0;763.0,426.0;775.1,444.1
173#892.8,678.4;877.2,597.3;864.7,513.1;817.9,510.0;852.2,587.9;824.1,656.6;839.7,513.1;864.7,416.4;870.9,400.8;885.0,349.3;917.7,491.3;933.3,481.9;908.3,422.6;821.0,410.2;752.4,410.2;824.1,460.1
174#883.2,670.7;880.0,574.8;857.6,501.2;819.2,501.2;854.4,574.8;832.0,657.9;838.4,501.2;860.8,408.4;867.2,392.4;878.4,342.8;924.8,504.4;928.0,472.4;905.6,411.6;816.0,398.8;752.0,395.6;790.4,402.0
175#877.7,657.6;884.3,577.6;854.3,497.6;817.7,490.9;857.7,567.6;844.3,634.3;837.7,494.3;861.0,394.2;864.3,380.9;874.3,324.2;921.0,494.3;921.0,460.9;901.0,400.9;821.0,390.9;817.7,444.3;851.0,470.9
176#880.5,652.1;883.7,569.5;855.1,490.0;817.0,486.9;855.1,566.3;845.6,642.6;836.1,486.9;855.1,385.2;855.1,375.6;863.1,320.0;912.3,477.3;915.5,448.7;893.3,391.5;817.0,378.8;769.3,356.6;823.3,331.2
177#891.4,648.5;884.3,560.8;856.3,483.6;814.2,483.6;849.3,567.8;838.7,652.0;835.2,483.6;849.3,374.9;845.8,367.8;844.0,306.5;912.4,459.0;908.9,434.5;884.3,378.4;814.2,367.8;793.1,322.2;830.0,306.5
178#906.2,639.1;889.1,546.7;861.7,474.8;813.8,474.8;841.2,556.9;841.2,649.4;837.7,474.8;841.2,372.1;841.2,361.8;832.6,295.0;909.6,430.3;899.4,416.6;872.0,368.6;813.8,375.5;824.0,416.6;848.0,437.1
179#NULL