1#735.0,713.9;709.0,617.3;801.9,647.0;831.6,665.6;809.3,769.6;814.9,857.0;820.5,658.1;764.7,531.8;764.7,542.9;742.4,468.6;723.8,457.4;761.0,476.0;783.3,513.2;749.9,554.1;671.8,505.7;634.6,450.0
2#736.7,714.0;710.4,617.6;802.4,648.3;828.7,665.8;802.4,770.9;811.1,880.5;819.9,657.0;771.7,547.5;771.7,551.9;741.0,468.6;727.9,442.4;767.3,490.6;789.2,530.0;745.4,551.9;675.3,508.1;635.9,451.1
3#738.0,716.4;702.6,623.6;795.4,641.3;826.3,667.8;786.5,764.9;808.6,875.3;813.0,654.5;768.9,539.7;773.3,544.1;751.2,460.2;755.6,469.1;768.9,495.6;786.5,530.9;751.2,544.1;671.7,508.8;636.4,447.0
4#734.7,712.5;689.9,622.9;787.7,635.1;816.2,663.7;763.3,765.5;808.1,863.3;799.9,647.4;771.4,529.2;771.4,529.2;765.3,445.7;716.4,445.7;783.6,521.1;795.9,521.1;747.0,533.3;669.6,508.8;637.0,451.8
5#723.4,709.4;678.2,623.1;785.1,623.1;797.4,647.7;727.5,742.3;801.5,832.7;793.3,635.4;776.8,516.2;780.9,512.1;778.9,423.7;641.2,446.3;793.3,495.6;801.5,503.8;756.3,520.3;674.1,495.6;637.0,446.3
6#724.4,707.0;677.1,620.9;774.7,610.6;774.9,628.1;690.5,701.5;760.4,791.5;776.7,619.9;768.0,495.8;771.9,489.7;774.0,406.7;657.0,421.8;769.8,466.1;793.6,486.4;745.2,500.8;666.3,486.7;634.7,442.4
7#725.3,704.7;675.9,618.7;764.2,598.1;752.3,608.6;653.4,660.7;719.3,750.4;760.1,604.5;759.2,475.5;762.8,467.2;769.0,389.7;672.7,397.2;746.4,436.5;785.7,469.0;734.0,481.4;658.6,477.7;632.5,438.4
8#726.3,702.3;674.8,616.5;753.8,585.6;729.8,589.0;616.4,619.9;678.2,709.2;743.5,589.0;750.4,455.1;753.8,444.8;764.1,372.7;688.5,372.7;722.9,407.0;777.8,451.6;722.9,461.9;650.8,468.8;630.2,434.5
9#722.1,696.4;681.7,607.3;730.7,559.6;696.2,559.4;585.0,565.3;639.7,655.5;715.2,559.4;721.0,429.7;722.1,419.1;730.8,344.6;705.5,369.8;735.8,402.5;752.8,423.6;685.5,437.9;628.8,459.7;626.2,431.9
10#718.0,690.4;688.5,598.0;707.5,533.7;662.7,529.9;553.7,510.7;601.3,601.9;686.9,529.9;691.7,404.2;690.3,393.4;697.4,316.6;722.6,367.0;748.8,398.0;727.8,395.7;648.1,413.8;606.9,450.5;622.1,429.3
11#713.8,684.5;695.4,588.8;684.4,507.7;629.1,500.3;522.3,456.1;562.8,548.2;658.6,500.3;662.3,378.8;658.6,367.7;664.1,288.5;739.6,364.1;761.7,393.5;702.8,367.7;610.7,389.8;584.9,441.4;618.1,426.7
12#689.8,663.5;677.6,570.6;669.6,485.7;604.9,473.6;503.9,437.2;532.2,522.1;637.2,481.7;629.1,356.4;625.1,344.3;615.0,265.5;734.2,360.5;742.3,360.5;681.7,336.2;572.6,364.5;516.0,433.2;552.4,441.3
13#654.7,633.6;646.8,542.2;650.7,454.8;595.1,454.8;491.7,430.9;519.6,522.4;622.9,454.8;595.1,327.6;595.1,319.7;585.2,242.1;738.2,379.3;714.3,331.6;646.8,315.7;543.4,335.6;487.8,359.4;503.7,351.5
14#616.6,612.0;623.9,524.7;620.2,444.6;562.0,444.6;481.9,437.3;514.6,535.6;591.1,444.6;572.9,309.9;572.9,302.6;567.4,228.0;620.2,273.5;674.8,299.0;620.2,306.2;525.6,317.2;441.8,331.7;467.3,331.7
15#587.6,597.5;615.2,511.5;592.1,466.3;531.7,464.2;458.7,458.3;494.9,553.7;562.4,465.3;554.4,331.2;555.4,320.1;554.8,247.7;584.9,299.7;625.4,333.2;599.3,327.7;506.4,333.0;425.8,337.5;451.0,322.0
16#558.7,582.9;606.4,498.2;564.0,488.0;501.3,483.9;435.5,479.4;475.3,571.9;533.7,485.9;535.9,352.5;537.9,337.7;542.3,267.5;549.6,325.9;576.0,367.4;578.4,349.2;487.1,348.7;409.8,343.2;434.8,312.4
17#529.7,568.4;597.7,485.0;535.9,509.7;471.0,503.5;412.3,500.4;455.6,590.0;505.0,506.6;517.4,373.8;520.4,355.2;529.7,287.2;514.3,352.1;526.6,401.6;557.5,370.7;467.9,364.5;393.8,349.0;418.5,302.7
18#512.9,575.6;576.5,491.6;507.1,532.1;452.1,520.6;373.9,511.9;411.6,598.7;483.9,520.6;501.3,384.5;498.4,384.5;512.9,323.7;518.7,323.7;541.8,433.7;541.8,381.6;457.9,381.6;388.4,393.2;414.5,341.1
19#503.9,594.6;552.4,517.0;477.2,546.1;426.2,555.8;416.5,558.2;370.4,604.3;455.3,555.8;474.7,415.1;472.3,405.4;484.5,352.0;513.6,344.7;516.0,361.7;516.0,419.9;428.7,402.9;380.1,436.9;419.0,386.0
20#510.0,640.4;505.4,555.2;461.6,527.6;408.6,481.5;314.2,513.7;323.4,592.0;440.9,529.9;443.2,437.8;443.2,426.2;450.1,368.7;519.2,375.6;519.2,428.5;486.9,440.1;397.1,426.2;367.2,442.4;406.3,481.5
21#519.1,676.4;505.1,572.7;443.6,580.4;371.9,572.7;284.9,521.5;297.7,598.3;410.3,577.8;415.4,460.1;415.4,437.0;420.6,375.6;512.7,398.6;507.6,449.8;466.7,449.8;359.1,449.8;354.0,501.0;392.4,501.0
22#513.9,692.0;470.2,585.6;418.4,585.6;350.2,588.3;265.6,541.9;295.6,629.3;382.9,582.9;388.4,462.8;391.1,443.7;397.9,382.3;508.4,430.1;489.3,476.5;445.7,454.6;331.1,457.4;328.3,506.5;372.0,506.5
23#507.9,694.0;449.6,588.6;394.2,588.6;327.6,585.9;258.3,572.0;286.0,666.3;360.9,588.6;372.0,463.8;377.5,444.4;384.5,384.8;502.3,452.7;482.9,494.4;427.4,463.8;316.5,455.5;302.6,511.0;341.5,511.0
24#477.1,690.5;446.2,588.5;372.0,591.6;310.2,591.6;263.9,594.7;285.5,706.0;344.2,591.6;362.7,461.9;368.9,446.4;389.0,380.0;498.7,483.5;464.7,508.2;418.4,471.1;307.1,446.4;282.4,508.2;325.7,508.2
25#443.8,667.1;437.8,570.5;359.3,585.6;299.0,585.6;277.8,627.9;283.9,730.5;326.1,585.6;362.3,461.9;368.4,446.8;385.0,403.0;489.1,504.1;464.9,525.3;419.7,477.0;311.0,443.8;271.8,504.1;314.1,507.2
26#419.3,643.2;445.9,553.3;356.0,579.9;292.8,576.6;286.1,663.2;279.4,756.4;326.1,576.6;369.3,460.0;372.7,450.1;401.0,388.5;489.2,520.0;462.6,536.6;416.0,480.0;326.1,440.1;266.1,503.3;312.7,523.3
27#404.7,611.5;432.5,552.3;362.9,576.7;303.7,576.7;289.8,677.6;275.9,771.6;335.1,576.7;373.3,458.4;380.3,451.4;416.8,394.0;491.7,548.9;477.8,552.3;422.1,486.2;338.5,437.5;286.3,496.7;328.1,507.1
28#413.4,609.4;424.6,549.5;368.5,575.7;308.6,575.7;293.7,680.4;275.0,777.7;338.5,575.7;390.9,463.5;394.6,452.3;426.4,379.4;514.3,572.0;469.5,560.8;432.1,489.7;353.5,437.3;308.6,500.9;432.1,549.5
29#414.8,623.8;446.4,543.0;379.6,578.1;316.4,574.6;298.8,687.0;284.8,788.9;348.0,578.1;400.7,465.7;407.8,451.6;448.2,390.1;502.6,588.6;456.9,564.0;446.4,490.2;358.6,437.5;319.9,504.3;432.4,564.0
30#412.8,657.6;451.4,576.3;387.1,584.9;327.2,589.1;310.1,687.6;301.5,790.4;352.9,584.9;408.5,456.4;417.1,447.9;459.9,387.9;502.7,610.6;489.9,563.5;459.9,490.7;361.5,422.2;340.0,362.2;382.9,310.9
31#417.6,676.3;465.8,590.9;391.6,587.2;335.9,583.5;324.8,691.1;322.9,800.6;361.9,587.2;417.6,457.3;421.3,453.6;462.1,386.8;510.3,616.9;506.6,557.5;473.2,494.4;373.0,420.2;358.2,353.4;367.5,333.0
32#419.1,705.2;467.7,621.0;406.2,588.6;347.9,588.6;334.9,692.3;334.9,799.2;377.0,588.6;425.6,465.5;428.9,452.5;456.4,405.5;496.9,588.6;529.3,549.7;477.5,488.1;377.0,436.3;372.2,412.0;390.0,449.3
33#427.0,728.7;470.1,637.7;417.4,599.4;359.9,594.6;345.6,695.2;350.4,795.8;388.7,599.4;431.8,460.4;431.8,460.4;455.8,388.5;513.3,541.9;546.8,537.1;494.1,484.4;379.1,436.5;364.7,364.6;379.1,311.9
34#426.4,749.2;467.6,655.6;433.9,595.7;377.7,595.7;347.7,674.3;366.5,771.7;407.7,595.7;437.6,464.5;437.6,460.8;448.9,389.6;523.8,502.0;557.5,509.5;493.8,479.5;381.4,445.8;351.5,389.6;379.6,369.0
35#424.0,772.7;457.2,687.9;449.8,599.4;394.5,592.0;342.8,647.4;372.3,743.2;424.0,599.4;438.7,459.3;438.7,459.3;436.9,383.7;564.1,474.0;560.4,481.4;494.0,463.0;383.4,455.6;346.5,415.0;377.9,376.3
36#428.4,788.8;451.4,696.8;462.9,597.2;409.3,589.5;340.3,620.2;386.3,704.5;436.1,589.5;432.3,455.4;436.1,451.6;430.3,376.8;497.4,405.6;543.4,451.6;489.7,451.6;374.8,451.6;347.9,432.4;382.4,382.6
37#435.0,778.6;462.4,688.5;470.2,586.7;415.4,582.8;337.1,594.5;395.8,680.7;442.8,586.7;438.9,449.6;438.9,449.6;425.2,373.3;495.7,373.3;540.7,426.1;485.9,445.7;388.0,445.7;364.5,437.9;384.0,390.9
38#445.3,752.4;476.9,668.1;473.4,587.3;420.7,576.7;343.4,580.3;399.6,671.6;448.8,583.8;445.3,439.7;445.3,439.7;431.2,369.4;510.3,350.1;540.2,404.6;487.5,439.7;406.6,439.7;410.2,418.6;424.2,397.5
39#467.4,705.3;495.0,632.8;481.2,577.5;415.6,574.1;349.9,577.5;398.3,670.7;446.6,577.5;443.2,439.4;446.6,435.9;443.2,363.4;527.8,337.5;536.4,384.1;495.0,432.5;391.4,449.7;387.9,480.8;405.2,439.4
40#481.8,664.5;509.0,595.0;487.9,570.8;418.4,567.8;367.0,585.9;394.2,688.7;451.6,570.8;454.6,440.9;457.7,431.8;453.1,366.9;537.7,360.8;539.2,377.4;503.0,428.8;400.3,446.9;385.1,498.3;373.1,492.3
41#489.9,637.6;510.6,568.5;483.0,572.0;417.4,568.5;375.9,603.0;382.9,706.6;448.5,572.0;458.8,440.7;462.3,433.8;469.2,361.3;546.9,328.5;541.7,385.5;514.1,433.8;396.7,444.2;379.4,506.4;386.3,492.5
42#502.1,623.8;528.8,536.9;485.4,573.7;415.2,573.7;381.8,617.1;381.8,717.4;448.6,573.7;458.6,446.7;462.0,436.7;478.7,366.5;547.2,351.5;552.2,403.3;515.5,443.4;401.8,446.7;381.8,516.9;411.9,496.8
43#521.2,637.0;527.3,545.8;481.7,564.0;414.9,564.0;387.5,615.7;402.7,709.9;448.3,564.0;463.5,451.6;466.5,439.4;484.8,372.6;551.6,369.5;557.7,427.3;515.1,445.5;402.7,451.6;378.4,524.5;408.8,518.4
44#536.2,673.1;527.1,579.1;478.6,566.9;414.9,566.9;393.7,597.3;421.0,691.3;451.3,566.9;460.4,454.7;466.5,439.5;487.7,375.9;551.4,394.1;554.4,448.6;511.9,448.6;402.8,454.7;369.4,518.4;405.8,509.3
45#537.0,690.0;524.7,591.7;478.7,573.3;414.2,576.4;398.8,579.5;429.6,659.3;444.9,576.4;457.2,456.7;460.3,441.3;478.7,376.8;549.3,416.7;552.4,465.9;512.4,447.4;398.8,456.7;358.9,521.1;395.8,539.6
46#538.4,713.9;519.1,604.5;470.8,572.3;409.7,572.3;396.8,562.7;432.2,627.0;445.1,572.3;451.5,453.3;454.7,443.6;467.6,376.1;544.8,440.4;548.0,479.0;506.2,450.1;393.6,456.5;351.8,514.4;384.0,540.1
47#539.3,721.6;512.9,639.1;470.0,583.0;407.2,579.7;397.3,559.9;384.1,619.3;443.5,579.7;443.5,454.3;446.8,444.4;458.4,376.7;539.3,451.0;542.6,484.0;499.7,454.3;390.7,454.3;344.5,503.8;380.8,503.8
48#541.9,735.8;515.0,651.8;464.7,571.2;404.2,571.2;434.5,591.4;394.2,645.1;431.1,571.2;437.8,457.1;441.2,443.7;456.3,384.9;535.2,480.6;535.2,510.8;491.5,457.1;384.1,457.1;330.4,487.3;370.7,470.5
49#526.7,744.5;519.7,643.1;467.2,576.6;407.8,566.1;453.3,594.1;407.8,660.6;439.3,569.6;446.3,457.7;449.8,450.7;455.0,379.0;516.2,524.2;533.7,524.2;498.7,464.7;393.8,454.2;337.8,464.7;372.8,426.2
50#511.7,735.7;518.7,642.2;470.2,576.4;414.8,569.5;446.0,600.6;411.3,676.8;442.5,572.9;452.9,462.1;452.9,448.3;459.8,379.0;546.4,538.3;532.5,531.4;501.4,465.6;397.5,451.7;400.9,503.7;359.4,375.6
51#502.8,714.1;519.3,631.9;473.2,572.6;417.3,569.3;450.2,605.5;460.1,658.2;446.9,569.3;456.8,460.7;460.1,447.6;463.4,378.5;539.0,575.9;535.8,546.3;509.4,470.6;404.1,447.6;351.5,424.5;359.7,370.2
52#495.9,683.2;517.1,604.3;480.7,567.9;432.1,567.9;450.3,604.3;417.0,713.6;456.4,567.9;465.5,458.6;465.5,443.4;476.1,375.1;544.4,577.0;547.5,531.4;514.1,467.7;413.9,440.4;356.3,449.5;365.4,394.9
53#493.4,651.9;514.2,583.3;496.3,565.4;445.6,565.4;457.6,651.9;460.5,687.7;472.5,562.4;472.5,452.1;472.5,437.2;485.9,376.0;550.0,571.4;567.9,529.6;526.2,464.0;418.8,437.2;365.1,461.0;371.1,410.3
54#505.7,625.2;505.7,579.8;508.7,558.6;448.2,561.7;445.2,637.3;463.4,697.8;478.5,558.6;478.5,446.7;481.5,431.6;492.1,375.6;554.1,477.0;584.4,513.3;536.0,455.8;424.0,431.6;372.6,473.9;372.6,428.6
55#526.5,633.3;516.8,617.2;516.8,546.4;462.1,552.8;446.0,643.0;462.1,717.1;487.8,549.6;487.8,436.9;491.1,424.0;495.9,367.6;584.5,481.9;594.1,485.2;542.6,440.1;433.1,433.6;384.8,478.7;375.1,436.9
56#525.9,633.9;518.9,574.9;518.9,529.7;466.8,540.2;449.5,633.9;459.9,713.8;494.6,533.2;494.6,422.1;494.6,411.7;492.9,347.4;571.0,442.9;595.3,442.9;546.7,418.6;439.1,422.1;393.9,477.6;380.0,446.4
57#531.5,649.0;527.9,595.4;524.4,520.4;463.6,527.5;445.8,613.2;456.5,691.8;495.8,523.9;492.2,409.6;492.2,402.5;497.6,332.8;542.2,345.3;592.2,395.3;545.8,406.0;438.6,413.2;395.8,473.9;385.1,452.5
58#529.7,645.3;522.3,556.0;526.0,511.3;470.1,518.7;436.6,582.0;455.2,663.9;496.2,515.0;488.8,395.9;488.8,392.2;492.5,317.7;546.5,289.8;578.1,351.2;533.4,388.4;436.6,407.0;399.4,477.8;380.8,466.6
59#532.0,657.0;520.2,562.4;524.2,515.1;465.0,507.2;425.6,530.9;445.3,617.6;496.6,511.2;480.8,389.0;484.7,385.1;484.7,314.1;543.9,282.6;571.4,329.9;528.1,373.2;425.6,408.7;394.1,475.7;374.4,491.5
60#531.4,686.7;527.8,585.2;516.9,505.5;462.6,498.3;408.2,501.9;437.2,574.4;491.5,501.9;473.4,386.0;473.4,378.7;466.2,309.9;547.7,297.2;582.1,331.6;520.5,364.2;415.5,407.7;386.5,469.3;368.4,509.1
61#537.4,675.9;526.2,586.6;507.6,501.1;451.8,493.6;403.5,501.1;422.1,560.6;481.6,497.4;455.5,389.5;459.3,378.4;446.2,309.6;550.4,317.0;574.5,348.6;507.6,363.5;403.5,404.4;377.5,471.3;373.7,530.8
62#533.9,674.1;522.3,584.9;495.2,507.4;433.2,499.7;417.7,550.1;425.4,592.7;464.2,503.6;444.8,383.4;444.8,379.6;431.2,311.8;549.4,348.6;564.9,375.7;491.3,367.9;394.4,398.9;363.4,468.7;367.3,530.7
63#529.4,677.6;521.3,593.1;481.1,504.5;424.7,504.5;420.7,560.9;420.7,613.2;452.9,504.5;436.8,391.8;436.8,383.8;426.7,309.3;549.5,379.7;553.5,407.9;489.1,379.7;388.5,399.9;344.2,464.3;364.4,520.6
64#523.8,670.5;516.7,579.0;463.9,508.5;411.1,508.5;425.2,586.0;418.1,617.7;439.2,508.5;428.7,395.9;428.7,385.3;426.9,323.7;551.9,388.8;544.9,417.0;478.0,388.8;375.9,402.9;326.6,459.2;361.8,494.5
65#524.9,662.5;521.6,570.1;449.0,517.3;399.4,520.6;415.9,563.5;422.5,652.6;425.8,520.6;425.8,408.4;425.8,395.2;430.8,334.1;541.4,428.2;521.6,451.3;478.7,405.1;373.0,408.4;307.0,448.0;353.2,451.3
66#531.2,650.3;528.0,561.8;442.7,527.1;395.4,536.6;417.5,577.6;423.8,678.7;420.6,530.3;420.6,416.6;420.6,403.9;431.7,358.1;556.4,473.4;518.5,470.2;480.6,422.9;366.9,410.2;297.5,426.0;344.8,419.7
67#530.8,635.4;537.5,548.3;447.0,534.8;393.4,551.6;410.2,615.3;423.6,709.1;416.9,541.5;420.2,424.2;420.2,414.2;428.6,362.2;537.5,498.0;524.1,484.6;477.2,434.3;369.9,410.8;296.2,404.1;348.2,368.9
68#521.0,614.3;535.1,530.1;447.3,544.1;391.1,554.6;405.1,653.0;422.7,737.2;419.2,554.6;419.2,431.7;419.2,424.7;428.0,356.2;528.0,502.0;528.0,484.4;475.4,438.7;366.5,417.7;306.8,382.6;350.7,356.2
69#553.7,582.3;528.0,508.9;447.2,552.9;388.4,564.0;399.4,670.5;417.8,755.0;417.8,560.3;421.5,439.1;417.8,431.7;423.3,371.1;517.0,494.2;535.4,479.5;472.9,442.7;370.0,420.7;327.8,378.4;313.1,371.1
70#486.9,588.8;511.9,499.3;447.5,556.6;390.3,578.1;393.9,674.7;408.2,760.6;418.9,567.3;418.9,445.7;418.9,438.5;427.8,379.5;504.8,474.3;540.6,467.1;469.0,445.7;372.4,442.1;365.2,485.0;408.2,499.3
71#485.9,595.7;503.5,504.3;450.8,560.5;391.0,581.6;377.0,669.5;394.5,746.9;419.1,567.6;419.1,444.5;419.1,444.5;427.9,383.0;503.5,455.1;542.2,458.6;471.9,448.0;369.9,430.5;329.5,390.0;322.5,383.0
72#488.4,618.1;485.2,546.9;446.3,566.3;391.3,582.5;358.9,650.5;381.6,731.5;420.4,569.5;417.2,446.5;417.2,443.2;422.0,373.6;488.4,436.8;537.0,456.2;469.0,446.5;365.4,436.8;310.3,404.4;318.4,373.6
73#501.7,653.8;510.7,563.6;444.6,566.6;387.4,578.6;345.3,632.7;354.3,729.0;417.5,572.6;411.5,449.3;411.5,443.3;416.0,384.6;465.6,413.2;519.8,446.3;459.6,449.3;360.3,440.2;303.2,422.2;331.8,384.6
74#489.8,674.6;503.0,582.2;443.6,565.7;387.6,572.3;338.1,631.7;338.1,727.3;413.9,569.0;404.1,450.2;404.1,443.6;409.0,389.2;442.0,395.8;503.0,427.1;450.2,446.9;351.3,446.9;301.8,443.6;324.9,400.8
75#496.0,686.6;492.9,596.9;434.1,569.0;378.4,578.3;332.0,627.8;332.0,720.6;409.4,575.2;400.1,445.3;400.1,442.2;395.4,378.8;426.4,378.8;474.3,405.1;440.3,442.2;347.5,448.4;304.2,466.9;325.8,420.5
76#491.0,708.0;476.8,615.4;430.5,569.1;377.1,569.1;313.0,619.0;327.3,708.0;405.6,569.1;384.2,444.5;387.8,444.5;387.8,376.9;393.1,346.6;444.7,387.5;426.9,437.4;341.5,451.6;305.9,487.2;320.1,440.9
77#491.9,730.7;464.2,647.6;428.6,568.4;373.1,568.4;294.0,604.0;321.7,691.1;400.9,568.4;377.1,449.6;377.1,445.7;365.2,378.4;381.1,330.8;420.7,382.3;412.7,441.7;337.5,457.5;305.8,509.0;309.8,465.5
78#492.2,740.1;460.1,655.9;420.1,567.8;364.0,567.8;279.8,587.8;311.9,672.0;396.0,567.8;359.9,455.5;359.9,451.5;347.9,383.4;370.0,329.3;392.0,375.4;392.0,443.5;319.9,467.6;299.8,523.7;299.8,487.6
79#481.8,739.6;457.6,656.7;409.2,573.7;353.9,577.2;267.5,566.8;298.6,649.8;381.6,577.2;343.5,463.1;343.5,456.2;331.4,392.2;345.3,385.3;379.8,392.2;378.1,452.7;305.5,476.9;270.9,532.2;253.6,525.3
80#481.9,737.3;451.4,652.7;393.9,581.7;336.4,588.4;258.6,551.2;282.3,629.0;366.8,585.1;326.2,476.8;326.2,466.7;309.3,402.4;356.7,385.5;390.5,419.3;366.8,456.5;285.7,487.0;241.7,537.7;265.4,530.9
81#473.8,731.6;447.7,643.6;389.0,594.6;327.0,594.6;268.3,555.5;271.6,624.0;353.1,594.6;323.8,480.5;320.5,477.2;300.9,415.2;351.5,403.8;351.5,403.8;366.2,470.7;284.6,493.5;225.9,516.4;238.9,506.6
82#453.5,713.9;447.7,631.5;371.2,599.2;315.3,602.1;271.2,566.8;271.2,637.4;338.8,596.2;312.3,490.3;312.3,484.5;296.2,421.2;362.4,431.5;385.9,469.8;359.4,478.6;274.1,496.2;218.2,496.2;256.5,590.4
83#418.8,687.1;443.0,614.4;370.4,609.6;302.6,609.6;259.0,582.9;263.8,658.0;334.1,609.6;307.4,495.7;305.0,486.0;300.1,430.3;355.9,449.7;380.1,486.0;351.0,486.0;266.2,503.0;205.7,486.0;229.9,440.0
84#385.4,660.9;434.3,593.9;359.6,614.5;297.8,614.5;256.7,593.9;259.2,678.9;328.7,614.5;305.6,496.1;305.6,493.6;305.6,436.9;359.6,470.4;377.6,506.4;346.8,493.6;261.8,498.7;212.9,470.4;200.0,429.2
85#348.7,643.5;387.8,594.1;353.9,612.3;296.7,614.9;255.1,609.7;255.1,698.2;322.7,614.9;307.1,503.0;307.1,492.6;309.7,435.4;364.3,482.2;377.3,521.2;348.7,495.2;262.9,497.8;216.1,484.8;205.6,438.0
86#304.2,655.1;398.1,566.1;351.2,615.5;294.3,615.5;259.7,620.5;252.3,712.0;321.5,613.1;311.6,501.8;311.6,491.9;322.7,438.7;363.5,499.3;375.9,529.0;353.6,499.3;264.6,496.8;212.7,499.3;200.3,454.8
87#282.0,666.4;386.5,567.2;347.3,603.7;297.7,606.4;263.7,650.8;250.7,726.5;323.8,603.7;321.2,496.7;321.2,488.9;330.3,437.9;336.9,535.9;376.0,538.5;363.0,494.1;279.4,491.5;219.4,501.9;206.3,473.2
88#325.9,663.7;359.3,604.7;346.4,594.4;297.7,594.4;266.9,661.1;249.0,727.8;323.4,594.4;323.4,491.8;325.9,476.4;334.9,431.6;349.0,527.7;379.8,548.3;369.5,494.4;277.2,486.7;218.2,507.2;208.0,491.8
89#324.9,680.9;340.1,622.9;352.7,582.5;302.2,585.0;261.8,648.1;249.2,718.8;327.4,582.5;324.9,484.1;324.9,466.4;326.2,434.9;357.7,521.9;393.1,532.0;370.3,486.6;274.5,479.0;231.6,511.8;213.9,506.8
90#325.7,690.8;339.0,621.5;352.3,581.5;304.3,576.1;264.3,621.5;259.0,704.1;328.3,578.8;323.0,480.2;323.0,464.2;321.7,422.9;376.3,514.8;408.3,522.8;371.0,482.8;272.3,477.5;235.0,520.2;213.7,520.2
91#328.1,703.8;342.1,636.9;353.2,575.5;303.0,569.9;261.2,600.6;264.0,675.9;325.3,575.5;319.8,477.9;322.6,458.4;326.7,417.9;409.0,494.6;420.2,503.0;372.8,477.9;264.0,480.7;227.7,530.9;219.4,528.1
92#330.9,709.8;343.8,643.7;348.8,572.8;299.7,566.6;259.9,590.7;298.9,661.3;321.8,571.6;319.3,471.7;321.2,458.7;326.3,409.0;412.4,461.3;417.4,480.1;370.2,468.1;265.4,476.0;224.4,522.6;222.4,537.6
93#333.6,715.9;345.5,650.4;344.4,570.0;296.5,563.4;258.6,580.8;333.8,646.6;318.3,567.6;318.9,465.6;319.8,459.1;326.0,400.0;415.7,428.0;414.7,457.1;367.7,458.4;266.7,471.3;221.0,514.4;225.5,547.0
94#336.4,721.9;347.2,657.2;340.0,567.3;293.2,560.1;257.3,570.9;368.7,632.0;314.8,563.7;318.4,459.4;318.4,459.4;325.6,391.1;419.1,394.7;411.9,434.2;365.1,448.6;268.1,466.6;217.7,506.1;228.5,556.5
95#335.8,718.2;349.4,656.7;335.8,564.5;294.8,561.1;352.8,598.7;369.9,646.5;315.3,561.1;315.3,458.7;315.3,458.7;323.8,395.5;417.7,414.3;414.3,448.5;359.7,448.5;267.5,462.1;206.0,489.4;229.9,489.4
96#342.6,699.2;360.7,626.8;333.6,560.5;288.4,560.5;360.7,587.6;372.8,660.0;312.5,560.5;315.5,454.9;315.5,448.9;317.0,402.2;418.0,427.8;409.0,454.9;357.7,451.9;270.3,454.9;209.9,464.0;228.0,464.0
97#356.1,675.6;379.2,600.6;333.0,554.5;292.7,554.5;341.7,583.3;353.2,649.7;312.8,554.5;310.0,450.7;312.8,447.9;311.4,391.6;416.6,442.1;405.1,468.0;353.2,453.6;269.6,450.7;223.5,430.6;265.3,397.4
98#365.9,647.5;381.3,575.7;333.9,549.1;291.5,555.3;335.5,597.4;352.5,662.4;312.1,552.2;311.3,450.8;314.2,447.9;315.9,393.3;417.6,459.6;401.7,477.9;354.6,454.9;270.9,447.7;237.0,454.1;275.3,435.0
99#375.7,619.3;383.4,550.8;334.8,543.7;290.2,556.2;329.4,611.4;351.9,675.1;311.5,550.0;312.6,451.0;315.6,448.0;320.3,395.0;418.7,477.2;398.2,487.9;356.1,456.1;272.1,444.8;250.6,477.5;285.2,472.7
100#385.5,591.2;385.5,525.9;335.7,538.3;289.0,557.0;323.2,625.5;351.2,687.8;310.8,547.7;313.9,451.1;317.0,448.0;324.8,396.7;419.7,494.7;394.8,497.8;357.5,457.4;273.4,441.8;264.1,501.0;295.2,510.3
101#372.2,564.0;372.2,491.9;334.6,542.1;290.7,551.5;318.9,626.7;344.0,695.7;312.6,545.2;318.9,451.2;322.0,438.6;339.3,399.5;422.3,513.9;397.3,504.5;365.9,460.6;275.0,448.0;265.6,501.3;290.7,517.0
102#393.3,531.1;378.7,542.8;349.5,534.0;305.7,548.6;314.4,627.4;331.9,694.6;326.1,539.8;326.1,455.2;331.9,440.6;342.2,386.5;419.5,528.2;407.9,516.5;372.8,458.1;282.3,452.2;270.6,496.0;305.7,513.6
103#358.2,568.7;399.0,557.1;352.4,530.9;305.8,542.5;305.8,615.3;320.3,682.3;332.0,533.8;334.9,446.4;337.8,434.8;353.8,378.0;419.3,542.5;413.5,504.7;378.6,455.2;285.4,434.8;247.5,458.1;253.4,437.7
104#361.5,580.7;378.4,535.7;358.7,518.9;310.9,527.3;299.7,606.0;310.9,673.5;336.2,524.5;341.8,440.2;347.5,423.3;365.7,365.7;420.5,547.0;426.2,499.2;386.8,451.4;296.9,426.1;254.7,459.9;257.5,448.6
105#360.1,594.4;384.8,523.0;360.1,517.5;313.4,523.0;291.5,597.1;294.2,663.0;338.2,520.2;349.1,437.9;354.6,418.6;372.5,367.8;420.5,509.3;439.8,492.8;395.8,446.1;302.5,424.1;258.5,454.3;286.0,473.6
106#399.4,600.3;387.8,539.3;367.5,521.9;321.0,521.9;283.2,580.0;291.9,649.7;347.1,521.9;364.5,434.7;367.5,420.1;379.1,367.8;428.5,466.6;454.6,478.3;408.1,443.4;323.9,426.0;257.0,446.3;294.8,434.7
107#361.2,619.5;383.8,557.0;373.7,517.0;333.7,514.5;276.2,559.5;288.7,634.5;353.7,514.5;371.2,429.4;376.3,421.9;385.0,373.1;441.3,444.4;466.3,456.9;413.8,436.9;328.7,424.4;328.7,459.4;348.7,414.4
108#358.9,634.8;379.6,577.7;371.9,523.2;333.0,518.1;268.1,541.4;283.7,616.6;353.7,520.7;371.9,427.3;374.5,424.7;391.3,368.9;444.5,391.0;465.2,432.5;410.8,435.1;333.0,422.1;273.3,424.7;314.8,391.0
109#360.1,657.0;379.2,594.3;376.4,528.9;338.3,518.0;267.5,526.2;286.5,594.3;357.4,523.5;376.4,428.1;379.2,428.1;394.1,375.0;448.6,369.5;460.9,411.8;417.3,430.9;335.6,422.7;283.8,414.5;311.0,384.5
110#359.5,673.4;377.6,604.0;383.6,534.5;338.3,522.4;277.9,510.4;265.8,570.8;362.5,528.5;383.6,431.9;383.6,428.8;391.2,373.0;451.5,373.0;468.2,413.7;419.8,428.8;341.3,425.8;290.0,428.8;314.2,401.7
111#360.7,686.1;376.6,616.4;389.3,533.9;348.0,524.4;284.6,502.2;310.0,568.8;367.1,530.7;382.9,432.4;382.9,432.4;394.0,373.7;459.1,400.7;474.9,432.4;421.0,432.4;348.0,429.2;310.0,460.9;316.3,429.2
112#361.5,682.8;382.4,614.2;391.3,536.6;346.6,524.7;298.9,500.8;269.0,620.1;367.5,530.7;379.4,438.2;382.4,435.2;389.8,383.0;453.9,420.3;471.8,456.1;421.1,435.2;337.6,435.2;289.9,468.0;307.8,453.1
113#369.6,674.5;389.2,610.2;394.8,540.3;350.0,531.9;302.5,518.0;330.5,585.0;372.4,537.5;383.6,445.3;383.6,436.9;387.8,393.6;445.1,448.1;467.4,476.0;425.5,445.3;338.9,442.5;296.9,478.8;313.7,464.9
114#383.5,658.0;400.6,609.2;395.7,538.4;351.8,531.1;310.4,550.6;329.9,618.9;376.2,533.6;383.5,450.6;383.5,436.0;389.6,400.6;444.5,460.4;466.5,489.7;425.0,453.1;342.1,450.6;305.5,492.1;320.1,482.3
115#402.3,638.2;423.0,587.2;400.5,540.7;354.9,537.3;315.9,575.9;324.6,617.9;379.0,538.2;386.0,453.7;386.7,437.6;392.5,403.7;446.5,470.9;469.0,494.0;427.9,456.1;344.1,451.6;303.4,491.3;318.8,486.2
116#421.2,618.5;445.3,565.2;405.3,543.0;357.9,543.4;321.3,601.1;319.3,616.8;381.7,542.9;388.4,456.8;389.8,439.1;395.4,406.7;448.6,481.5;471.6,498.3;430.7,459.1;346.2,452.5;301.2,490.6;317.5,490.2
117#440.0,598.7;467.7,543.2;410.1,545.3;361.0,549.6;326.8,626.4;314.0,615.8;384.5,547.5;390.9,459.9;393.0,440.7;398.3,409.8;450.6,492.0;474.1,502.6;433.6,462.1;348.2,453.5;299.1,489.8;316.2,494.1
118#452.8,581.4;474.5,519.1;414.9,540.8;368.8,546.2;336.3,632.9;320.0,698.0;395.9,543.5;395.9,454.0;398.6,443.2;408.1,390.3;450.1,470.3;485.4,489.3;436.6,456.7;352.5,448.6;303.7,473.0;317.3,470.3
119#462.3,588.2;477.4,523.2;421.5,540.9;375.6,547.2;343.0,618.1;340.5,680.0;402.4,544.6;398.5,454.3;400.6,443.7;408.6,392.0;449.4,455.4;481.0,476.7;437.3,455.3;356.7,450.0;318.1,476.5;336.4,472.4
120#471.9,595.1;480.2,527.3;428.1,541.0;382.4,548.2;349.7,603.3;361.0,661.9;408.9,545.8;401.0,454.6;402.6,444.2;409.1,393.7;448.8,440.5;476.6,464.1;438.0,453.9;360.9,451.4;332.4,480.0;355.4,474.5
121#481.4,601.9;483.1,531.3;434.6,541.2;389.3,549.2;356.3,588.6;381.4,643.9;415.3,546.9;403.6,454.9;404.7,444.7;409.7,395.4;448.1,425.7;472.2,451.4;438.6,452.4;365.2,452.7;346.8,483.6;374.5,476.7
122#491.0,608.8;485.9,535.4;441.2,541.3;396.1,550.2;363.0,573.8;401.9,625.8;421.8,548.1;406.1,455.2;406.7,445.2;410.2,397.1;447.5,410.8;467.8,438.8;439.3,451.0;369.4,454.1;361.1,487.1;393.5,478.8
123#500.5,615.6;488.8,539.5;447.8,541.4;402.9,551.2;369.7,559.0;422.4,607.8;428.3,549.2;408.7,455.5;408.7,445.7;410.7,398.8;446.8,395.9;463.4,426.2;440.0,449.6;373.6,455.5;375.5,490.6;412.6,480.9
124#506.3,621.9;502.3,547.5;452.0,543.5;405.8,555.5;381.7,561.6;434.0,607.8;431.9,551.5;409.8,465.1;409.8,453.0;410.8,405.8;452.0,416.9;466.1,449.0;442.0,457.1;369.6,465.1;377.7,501.3;415.9,481.2
125#514.0,623.8;514.0,550.9;456.9,554.9;413.5,564.7;389.9,566.7;437.2,619.9;433.2,560.8;411.6,474.2;411.6,458.4;412.6,414.1;452.9,440.7;470.6,458.4;447.0,466.3;374.2,476.1;378.1,513.5;405.7,503.7
126#518.2,622.4;520.3,550.4;461.1,561.0;420.8,575.8;395.4,594.8;439.9,647.8;439.9,567.3;414.5,480.5;414.5,469.9;421.9,430.8;431.4,520.7;448.4,518.6;448.4,474.2;380.6,484.7;374.3,531.3;397.5,518.6
127#524.2,618.8;526.4,551.2;460.9,570.8;421.6,588.3;410.7,625.4;441.3,690.8;441.3,577.4;419.5,487.9;419.5,479.2;431.5,430.1;456.5,501.0;478.4,505.4;452.2,481.4;382.4,494.5;369.3,544.7;393.3,529.4
128#522.0,616.6;527.2,546.5;462.3,577.7;420.8,595.9;418.2,647.8;444.1,704.9;441.5,588.1;420.8,499.8;423.4,489.4;440.2,438.8;457.1,512.8;477.9,518.0;457.1,492.0;379.2,505.0;361.1,549.1;384.4,536.1
129#506.1,612.4;525.0,547.6;462.9,585.4;425.2,604.3;425.2,671.7;444.0,728.3;444.0,593.5;422.5,504.5;425.2,496.4;445.4,446.5;457.5,528.8;479.1,534.1;460.2,504.5;384.7,509.9;349.6,553.0;382.0,553.0
130#488.2,617.5;518.1,557.8;461.3,596.6;425.5,608.5;428.5,680.2;443.4,742.9;440.4,599.6;428.5,513.0;431.5,501.0;452.4,453.2;467.3,536.9;491.2,545.8;464.3,510.0;389.7,513.0;344.9,548.8;374.7,548.8
131#479.6,628.7;513.9,571.5;459.6,602.9;416.7,617.2;425.3,688.7;433.9,754.4;439.6,608.7;431.0,517.2;431.0,508.6;449.6,470.1;473.9,531.5;505.3,542.9;468.1,517.2;388.1,514.4;336.7,534.4;368.1,522.9
132#482.6,660.6;497.6,591.5;455.5,612.5;410.5,621.5;416.5,690.6;431.5,756.7;434.5,615.5;431.5,519.4;431.5,519.4;451.0,466.8;527.6,513.4;524.6,537.4;473.5,519.4;392.4,510.4;338.4,516.4;362.4,516.4
133#476.9,674.5;476.9,614.5;456.9,614.5;414.0,623.1;414.0,694.5;431.1,760.2;436.9,620.2;436.9,525.9;436.9,525.9;452.6,473.1;531.1,528.8;522.6,540.2;474.0,525.9;394.0,517.4;351.1,497.4;361.1,478.8
134#467.8,690.2;470.4,624.6;452.1,616.7;412.7,629.8;412.7,698.1;431.1,755.8;433.7,622.0;431.1,532.7;433.7,532.7;449.4,485.5;533.4,540.6;507.2,545.8;470.4,535.3;394.3,524.8;365.4,490.7;356.2,468.4
135#468.6,710.5;470.4,643.8;450.3,622.7;408.9,631.5;411.3,689.7;422.8,740.8;430.1,626.3;432.3,541.4;434.0,540.6;448.5,494.9;530.6,560.1;507.6,562.0;469.6,545.5;393.5,533.0;360.8,507.1;351.5,485.1
136#469.5,730.9;470.3,663.1;448.4,628.8;405.2,633.1;410.0,681.2;414.5,725.8;426.4,630.5;433.5,550.1;434.4,548.5;447.5,504.3;527.7,579.7;507.9,578.2;468.7,555.7;392.7,541.1;356.2,523.4;346.8,501.7
137#470.3,751.2;470.3,682.3;446.6,634.8;401.4,634.8;408.6,672.8;406.2,710.8;422.8,634.8;434.7,558.8;434.7,556.4;446.6,513.7;524.9,599.2;508.3,594.4;467.9,565.9;391.9,549.3;351.6,539.8;342.1,518.4
138#475.2,762.8;470.7,687.1;439.6,638.2;395.1,633.7;406.2,669.3;410.6,713.8;419.5,636.0;435.1,564.8;435.1,564.8;447.3,519.2;519.6,613.7;504.1,611.5;472.9,575.9;399.5,560.3;348.4,551.4;337.2,538.1
139#469.0,769.0;471.1,688.5;438.0,643.1;392.6,639.0;409.1,661.7;417.4,703.0;415.3,643.1;436.0,572.9;438.0,568.8;449.4,534.7;522.7,626.6;500.0,618.3;473.1,581.2;396.7,562.6;388.5,601.8;415.3,610.1
140#457.2,765.4;469.3,688.7;433.0,642.2;386.5,638.2;408.7,656.4;418.8,712.9;410.7,640.2;439.0,575.6;443.0,567.5;458.2,540.3;517.8,636.2;495.6,628.1;473.3,583.7;398.6,559.4;390.5,599.8;404.7,622.1
141#438.8,755.1;466.2,690.5;429.1,639.6;388.0,631.8;411.5,661.1;415.4,735.5;409.5,637.7;444.7,569.2;448.6,559.4;467.2,540.8;513.2,643.5;491.7,622.0;474.1,580.9;403.6,553.5;393.8,598.5;415.4,620.0
142#431.2,752.9;462.1,681.7;426.4,631.8;388.4,624.7;424.1,660.3;400.3,757.7;407.4,629.4;443.1,558.2;447.8,553.4;472.8,514.2;511.9,655.6;497.7,617.6;476.3,572.4;405.1,546.3;352.8,565.3;338.6,562.9
143#434.8,756.2;452.3,686.1;427.2,625.9;389.7,620.9;419.7,666.0;412.2,736.2;407.2,623.4;444.8,548.2;449.8,540.7;481.1,501.9;507.4,643.5;502.4,605.9;479.9,560.8;404.7,535.7;352.1,558.3;332.0,603.4
144#440.4,745.6;443.0,693.1;429.9,619.7;393.2,611.9;416.8,669.5;403.7,753.4;411.6,614.5;445.7,535.9;453.5,525.4;478.4,487.4;490.2,625.0;503.3,593.5;482.4,549.0;406.3,522.8;359.2,538.5;364.4,538.5
145#435.3,740.2;443.2,684.8;438.0,608.4;395.8,603.1;411.6,676.9;403.7,758.7;416.9,608.4;448.5,526.6;453.8,510.8;476.2,480.5;490.7,618.9;501.2,582.0;482.8,534.6;409.0,508.2;356.2,516.1;379.9,510.8
146#443.8,730.7;449.2,671.3;449.2,595.6;400.5,595.6;405.9,671.3;411.3,733.4;424.8,595.6;449.2,509.1;454.6,501.0;480.2,461.8;487.0,601.0;497.8,571.2;484.3,522.6;408.6,492.8;362.7,487.4;388.3,467.2
147#449.9,717.9;456.1,661.8;453.0,587.0;409.4,587.0;403.2,658.7;409.4,727.2;431.2,587.0;449.9,496.6;449.9,493.5;474.8,443.6;474.8,587.0;496.7,562.0;487.3,512.2;412.5,481.0;378.2,452.9;395.4,426.4
148#456.0,707.2;461.5,649.7;456.0,573.1;415.0,570.3;409.5,647.0;409.5,712.6;436.9,573.1;450.6,493.7;453.3,488.2;473.8,440.4;472.5,564.9;497.1,551.2;486.1,504.7;417.7,482.8;409.5,532.0;439.6,567.6
