1#975.6,779.1;971.7,699.6;999.5,592.4;975.6,608.3;959.7,691.7;963.7,791.0;987.5,596.4;920.0,493.1;920.0,497.0;904.1,429.5;872.3,346.1;912.1,401.7;951.8,477.2;884.3,497.0;844.5,457.3;828.6,405.7
2#974.5,781.8;970.6,696.3;1001.7,591.3;974.5,606.9;962.8,696.3;962.8,789.6;986.1,599.1;920.1,494.2;920.1,498.1;900.6,432.0;869.5,350.4;912.3,397.0;955.0,478.6;885.1,498.1;842.3,459.2;826.8,408.7
3#976.6,775.1;968.7,687.7;1000.5,592.4;976.6,608.3;960.7,691.7;964.7,795.0;984.6,600.3;921.0,493.1;921.0,497.0;901.2,429.5;869.4,346.1;913.1,397.7;952.8,481.2;885.3,497.0;841.6,457.3;825.7,405.7
4#975.0,783.1;971.0,696.7;1006.4,590.8;975.0,606.5;963.2,696.7;967.1,790.9;986.7,598.6;920.0,492.7;920.0,496.6;904.3,429.9;873.0,347.5;912.2,398.5;951.4,477.0;888.6,504.5;841.6,457.4;825.9,406.4
5#976.3,782.3;968.8,688.7;998.8,595.1;968.8,602.6;957.6,692.4;961.3,789.8;983.8,602.6;923.9,490.3;923.9,497.7;901.4,430.3;875.2,348.0;916.4,400.4;957.6,475.3;890.2,497.7;845.2,460.3;830.3,411.6
6#914.3,637.2;887.6,553.3;990.6,595.3;963.9,606.7;937.2,686.8;956.2,782.2;971.5,591.5;929.5,488.5;933.4,492.3;910.5,423.6;874.2,337.8;921.9,404.6;963.9,477.0;895.2,496.1;845.6,461.8;830.4,408.4
7#922.3,632.0;876.4,552.8;976.5,586.1;951.4,594.4;913.9,682.0;947.3,765.4;964.0,590.3;930.6,473.5;930.6,477.7;922.3,406.8;880.6,348.4;926.4,386.0;959.8,469.4;901.4,481.9;847.2,456.8;830.5,406.8
8#919.6,629.9;878.1,551.9;960.5,569.2;930.8,575.1;885.4,641.0;920.3,725.2;945.7,572.2;918.9,456.9;919.5,458.2;911.2,387.4;884.4,347.7;927.4,385.0;949.3,451.8;888.0,464.4;841.8,446.2;829.0,401.3
9#917.0,627.7;879.8,550.9;944.4,552.4;910.2,555.7;856.8,600.0;893.3,685.0;927.3,554.1;907.3,440.2;908.3,438.7;900.1,367.9;888.1,347.0;928.5,384.1;938.7,434.2;874.7,446.9;836.4,435.6;827.4,395.8
10#914.3,625.6;881.6,550.0;928.4,535.6;889.6,536.4;828.3,558.9;866.3,644.8;909.0,536.0;895.6,423.6;897.2,419.1;888.9,348.5;891.9,346.3;929.5,383.1;928.2,416.6;861.4,429.4;830.9,425.1;825.9,390.2
11#911.7,623.5;883.3,549.1;912.3,518.7;869.0,517.1;799.8,517.9;839.3,604.6;890.7,517.9;883.9,407.0;886.1,399.6;877.8,329.1;895.6,345.6;930.5,382.1;917.7,399.0;848.0,411.9;825.5,414.5;824.4,384.7
12#909.0,621.3;885.0,548.1;896.2,501.9;848.4,497.7;771.2,476.9;812.3,564.4;872.3,499.8;872.3,390.3;874.9,380.1;866.7,309.6;899.4,344.9;931.6,381.2;907.1,381.4;834.6,394.4;820.1,403.9;822.8,379.2
13#906.4,619.2;886.7,547.2;880.2,485.0;827.8,478.4;742.7,435.9;785.3,524.2;854.0,481.7;860.6,373.7;863.8,360.6;855.6,290.2;903.1,344.2;932.6,380.2;896.6,363.8;821.3,376.9;814.7,393.3;821.3,373.7
14#893.3,601.4;883.4,525.6;860.3,462.9;807.6,459.6;721.8,406.8;758.1,486.0;833.9,459.6;833.9,347.4;833.9,337.5;822.4,273.2;919.7,337.5;939.5,363.9;886.7,334.2;777.9,357.3;781.2,410.1;810.9,360.6
15#871.5,583.2;858.4,504.7;848.6,442.7;793.0,439.4;704.8,396.9;737.5,472.1;819.2,442.7;802.8,321.8;802.8,315.2;791.4,245.0;913.9,334.8;913.9,328.3;855.1,312.0;753.8,331.6;744.0,393.6;780.0,383.8
16#849.6,566.7;839.5,482.2;832.7,421.4;771.9,428.1;697.6,404.5;728.0,478.8;802.3,424.7;785.4,306.5;785.4,303.1;770.2,230.5;839.5,306.5;886.8,303.1;836.1,289.6;728.0,313.2;694.2,350.4;721.2,333.5
17#730.3,495.7;692.6,414.0;805.7,420.3;758.6,420.3;824.6,458.0;730.3,495.7;780.6,423.4;771.1,307.1;768.0,297.7;760.1,227.0;683.2,329.1;667.4,319.7;727.1,307.1;827.7,319.7;837.1,373.1;702.0,329.1
18#792.3,520.9;815.2,429.4;785.8,426.1;723.7,422.9;677.9,426.1;727.0,504.6;753.1,426.1;746.6,302.0;746.6,295.4;746.6,223.5;671.4,243.2;642.0,305.2;792.3,315.0;704.1,308.5;645.3,305.2;674.7,243.2
19#700.4,513.5;661.2,432.0;763.8,435.0;703.5,435.0;809.1,425.9;700.4,513.5;730.6,438.0;724.6,308.2;727.6,305.1;739.7,235.7;640.0,256.8;624.9,305.1;769.9,311.2;679.3,311.2;621.9,302.1;754.8,274.9
20#675.8,520.6;628.4,434.8;684.6,449.5;746.8,440.7;788.2,414.0;746.8,488.0;714.2,446.6;705.4,319.4;708.3,316.4;717.2,251.3;634.3,269.1;607.7,319.4;655.1,331.2;752.7,325.3;752.7,310.5;734.9,275.0
21#643.9,520.5;601.7,444.1;670.2,478.3;720.3,457.2;773.0,412.5;730.8,481.0;696.6,467.8;688.7,341.3;688.7,330.8;694.0,270.2;638.6,291.3;599.1,338.7;641.3,349.2;728.2,349.2;730.8,322.9;717.7,272.8
22#600.4,520.2;573.0,447.1;637.0,479.1;701.0,476.8;751.3,422.0;730.7,486.0;671.3,476.8;662.1,364.8;664.4,353.4;666.7,298.6;625.6,330.6;598.2,374.0;618.7,383.1;705.6,364.8;714.7,337.4;707.8,287.2
23#733.9,527.6;736.2,450.3;688.4,509.4;620.1,509.4;549.6,452.5;556.4,520.8;656.5,511.7;642.9,379.7;645.1,370.6;642.9,318.3;711.1,320.6;711.1,359.2;681.5,382.0;597.4,393.4;586.0,409.3;681.5,338.8
24#524.8,525.8;522.2,461.2;599.8,523.2;659.3,531.0;726.5,476.7;742.0,554.2;630.8,523.2;623.1,399.1;623.1,388.7;623.1,329.3;703.2,339.6;703.2,381.0;573.9,412.0;667.0,399.1;698.0,388.7;703.2,344.8
25#738.3,584.5;702.9,508.1;640.2,527.2;577.5,529.9;501.1,475.4;506.6,543.6;610.2,529.9;596.6,410.0;596.6,399.1;599.3,339.1;700.2,369.1;692.0,407.2;640.2,404.5;552.9,423.6;547.5,344.5;602.0,456.3
26#728.5,596.4;673.9,521.7;607.8,527.5;553.2,530.4;481.4,493.0;504.4,570.6;582.0,530.4;582.0,409.7;582.0,403.9;584.8,340.7;694.0,395.3;676.8,429.8;627.9,412.6;530.2,412.6;524.5,355.1;579.1,426.9
27#705.9,599.1;659.5,519.2;589.8,521.7;535.6,532.1;473.7,506.3;496.9,588.8;558.8,521.7;569.2,408.2;571.7,397.9;578.2,339.9;690.4,416.0;667.2,441.8;618.2,413.4;517.6,405.6;502.1,436.6;551.1,431.4
28#666.7,591.0;646.4,501.1;579.6,521.4;515.8,521.4;478.1,524.3;475.2,620.0;544.8,524.3;562.2,408.3;565.1,399.6;585.5,338.7;689.9,431.5;658.0,454.7;617.4,417.0;515.8,396.7;512.9,446.0;544.8,431.5
29#632.4,573.4;635.6,491.1;562.7,516.4;505.7,513.2;477.2,579.8;455.0,655.8;534.2,516.4;569.1,405.5;569.1,402.4;596.0,340.6;689.5,449.9;651.4,468.9;616.6,421.4;527.9,389.7;527.9,443.5;556.4,468.9
30#596.0,550.0;625.5,474.7;560.0,520.5;504.3,517.2;474.9,602.3;448.7,687.4;533.8,520.5;576.4,412.5;582.9,409.2;617.3,348.6;684.4,468.1;641.8,484.5;615.6,435.4;543.6,392.8;538.7,355.2;566.5,366.6
31#589.4,549.3;622.8,485.7;552.5,522.6;499.0,515.9;482.2,616.3;468.9,706.7;525.8,519.2;586.0,415.4;586.0,415.4;636.2,361.9;686.5,485.7;642.9,495.8;616.2,442.2;549.2,382.0;540.8,350.2;574.3,350.2
32#591.4,575.6;622.2,502.6;549.2,518.0;491.6,510.3;495.4,617.9;495.4,710.1;522.3,514.2;579.9,422.0;583.8,422.0;649.1,375.9;683.6,506.5;641.4,510.3;614.5,452.7;553.0,387.4;522.3,341.3;570.3,316.3
33#597.9,607.3;629.7,529.6;527.2,526.0;484.8,529.6;506.0,621.5;513.1,713.4;506.0,533.1;583.8,430.6;583.8,430.6;643.9,381.1;682.8,526.0;643.9,515.4;619.1,458.9;555.5,398.8;516.6,356.3;567.9,336.9
34#602.9,638.7;635.6,558.9;534.0,540.8;490.5,544.4;512.3,635.1;523.2,729.4;515.9,548.0;584.8,442.8;588.4,439.2;642.8,381.2;686.4,544.4;650.1,537.1;617.5,471.9;555.8,413.8;515.9,370.3;575.7,354.0
35#609.4,670.1;642.4,593.2;547.2,556.7;496.0,560.3;518.0,648.1;529.0,743.2;521.6,556.7;591.1,457.9;594.8,454.2;646.0,395.7;686.3,564.0;649.7,553.0;620.4,483.5;558.2,428.6;514.3,388.4;576.5,370.1
36#621.3,703.8;648.6,625.5;556.7,581.2;505.6,581.2;522.6,669.7;522.6,758.2;529.4,581.2;587.3,479.1;594.1,472.3;641.8,414.4;682.6,588.0;645.2,571.0;624.7,506.3;553.3,448.4;512.4,414.4;568.6,392.3
37#630.5,740.2;651.3,653.3;564.4,608.1;508.8,608.1;526.2,688.0;515.7,778.4;536.6,608.1;588.7,500.3;588.7,493.3;640.9,434.2;682.6,608.1;644.4,587.2;627.0,524.6;547.0,472.5;508.8,434.2;566.1,408.2
38#640.5,768.2;651.2,679.5;566.0,633.4;509.3,633.4;519.9,715.0;512.8,807.2;537.7,633.4;590.9,523.4;594.4,516.3;644.1,456.0;686.6,626.3;651.2,615.6;633.4,548.2;551.9,495.0;502.2,480.9;523.5,445.4
39#655.7,797.8;648.5,707.9;569.4,654.0;515.5,654.0;519.1,740.3;515.5,833.7;540.7,654.0;594.6,549.8;598.2,542.6;648.5,481.5;688.0,654.0;659.3,639.6;637.7,571.4;551.5,521.1;490.4,503.1;479.6,470.7
40#660.4,830.9;638.6,736.6;573.3,678.5;522.5,682.2;522.5,772.8;522.5,863.5;547.9,682.2;598.7,573.4;602.3,566.1;653.1,508.1;685.7,667.7;660.4,660.4;642.2,598.7;551.5,548.0;489.9,526.2;468.1,482.7
41#649.8,872.8;639.0,768.8;581.6,704.2;527.8,704.2;524.2,801.1;527.8,890.7;556.5,707.8;599.6,596.7;603.1,593.1;649.8,532.1;692.8,686.3;671.3,686.3;642.6,621.8;549.3,575.1;488.4,553.6;463.3,510.6
42#648.1,885.0;640.5,793.2;583.1,732.0;529.5,732.0;525.7,820.0;533.3,911.8;556.3,732.0;594.6,621.0;598.4,617.2;648.1,559.8;686.4,712.9;671.1,705.2;644.3,644.0;548.7,601.9;483.6,571.3;464.5,533.0
43#660.4,892.8;645.8,812.2;590.8,760.9;535.9,760.9;528.6,841.5;535.9,936.7;561.5,760.9;594.5,647.4;598.2,640.1;638.4,577.8;693.4,731.6;671.4,728.0;642.1,669.4;546.9,621.8;484.6,592.5;466.3,548.5
44#661.7,907.2;661.7,831.6;597.5,778.6;540.7,778.6;521.8,861.8;533.2,952.6;567.2,778.6;593.7,669.0;593.7,665.2;627.7,597.1;692.0,755.9;673.1,744.6;642.8,687.9;540.7,646.3;484.0,608.5;468.9,563.1
45#666.3,932.6;652.2,833.9;599.3,795.1;550.0,798.7;518.3,872.7;532.4,957.3;574.7,798.7;592.3,685.9;588.8,682.3;617.0,622.4;694.5,766.9;673.4,759.9;638.1,703.5;539.4,661.2;486.5,622.4;465.4,576.6
46#663.5,932.8;653.6,843.3;603.9,806.9;550.9,810.2;511.2,866.5;534.3,956.0;577.4,810.2;587.3,691.0;584.0,694.3;603.9,631.3;696.7,770.5;673.5,763.8;637.0,710.8;537.7,674.4;488.0,631.3;464.8,588.3
47#660.4,931.5;650.6,836.9;598.4,804.3;546.2,814.0;503.8,859.7;529.9,954.3;572.3,810.8;578.8,699.9;575.6,699.9;598.4,641.2;696.3,771.6;673.4,761.8;631.0,712.9;526.7,683.6;487.5,641.2;461.4,592.2
48#649.7,923.4;646.5,830.1;595.0,807.6;537.1,817.3;501.8,855.9;524.3,952.4;562.9,817.3;572.5,704.7;572.5,707.9;588.6,646.8;698.0,778.7;669.0,762.6;627.2,717.5;521.1,688.6;482.5,643.6;459.9,598.5
49#640.3,897.9;640.3,812.1;595.8,818.4;535.4,821.6;500.4,850.2;519.5,945.6;564.0,821.6;567.2,707.2;567.2,710.3;586.2,646.7;697.5,780.3;665.7,764.4;624.4,716.7;513.1,691.3;478.1,643.6;463.8,594.3
50#633.5,873.0;633.5,787.8;592.4,825.7;526.1,825.7;500.9,844.6;523.0,942.5;560.9,825.7;564.0,705.8;564.0,705.8;579.8,645.8;690.3,775.2;658.7,759.4;617.7,715.2;510.4,690.0;475.6,642.6;467.8,590.6
51#620.7,843.9;620.7,760.4;588.6,818.2;521.1,818.2;498.6,850.3;521.1,940.3;553.3,818.2;556.5,702.5;556.5,699.3;575.8,638.3;691.4,763.6;656.1,750.7;611.1,709.0;501.9,686.5;472.9,638.3;464.9,588.5
52#614.2,824.9;614.2,749.8;584.8,815.1;519.6,821.6;500.0,860.8;522.8,945.6;548.9,818.3;548.9,700.8;548.9,700.8;575.0,638.8;692.5,753.1;656.6,746.5;604.4,707.4;500.0,684.5;470.6,632.3;462.5,581.7
53#596.3,812.5;603.0,745.9;579.7,819.1;516.5,825.8;503.2,865.7;523.1,952.2;549.7,819.1;543.1,706.0;543.1,702.7;573.0,642.8;689.4,752.6;652.9,749.3;599.6,712.7;493.2,689.4;466.6,632.9;466.6,586.3
54#608.3,797.6;601.8,748.3;578.8,820.5;513.1,833.7;500.0,873.1;523.0,955.1;549.2,830.4;536.1,708.9;539.4,708.9;572.2,649.8;690.4,754.9;651.0,758.2;588.6,718.8;486.9,699.1;467.2,646.5;463.9,597.3
55#607.8,804.5;604.6,752.6;581.9,820.7;517.0,836.9;500.8,872.6;520.3,953.7;546.2,833.7;539.7,716.9;543.0,713.7;568.9,648.8;692.2,759.1;653.3,759.1;591.6,726.6;487.8,703.9;468.3,652.0;465.1,596.9
56#610.1,804.5;603.6,762.3;580.9,824.0;516.0,840.2;499.7,872.7;519.2,953.8;545.2,837.0;541.9,716.9;541.9,713.6;571.1,648.7;691.3,762.3;652.3,762.3;593.9,726.6;490.0,707.1;467.3,652.0;464.0,600.0
57#611.8,805.8;605.4,767.4;586.2,831.4;519.0,844.2;499.8,876.1;519.0,956.1;547.8,841.0;547.8,719.4;547.8,713.0;573.4,645.8;691.8,764.2;650.2,767.4;602.2,729.0;493.4,706.6;467.8,655.4;464.6,597.8
58#671.6,796.2;607.6,773.8;585.2,831.4;518.0,841.0;502.0,885.7;518.0,956.1;546.8,841.0;553.2,719.4;553.2,716.2;575.6,652.2;687.6,770.6;652.4,777.0;607.6,732.2;498.8,700.2;466.8,655.4;463.6,604.2
59#664.8,804.9;621.4,761.5;584.3,823.5;528.5,832.7;509.9,907.1;516.1,956.7;556.4,826.6;559.5,718.1;559.5,715.0;584.3,653.0;689.6,770.8;652.4,777.0;612.1,730.5;506.8,699.5;466.5,659.2;460.3,609.6
60#666.7,811.1;637.0,772.5;592.5,817.0;539.1,825.9;518.3,891.2;518.3,956.4;565.8,820.0;568.8,704.3;568.8,704.3;595.5,642.0;693.4,772.5;663.7,772.5;622.2,722.1;515.4,683.5;467.9,659.8;463.5,607.8
61#622.6,848.9;644.2,756.1;610.2,805.6;551.4,814.9;526.7,886.0;520.5,957.2;582.4,808.7;582.4,691.1;582.4,688.0;607.1,626.2;699.9,771.6;672.1,756.1;631.9,706.6;529.8,675.7;471.0,657.1;461.7,613.8
62#539.9,897.7;668.1,744.6;618.1,797.7;561.8,800.8;533.7,869.6;514.9,944.6;589.9,797.7;593.1,678.9;596.2,672.7;621.2,607.1;699.3,744.6;705.6,741.4;646.2,688.3;543.1,660.2;480.6,657.1;461.8,619.6
63#647.2,816.6;679.7,751.6;630.9,777.6;569.1,777.6;536.6,842.6;523.6,923.9;601.6,777.6;604.9,660.5;608.1,654.0;639.0,587.4;699.2,712.6;718.7,715.8;660.2,673.5;552.9,647.5;500.8,654.0;468.3,618.2
64#623.8,830.0;692.4,758.1;636.8,758.1;581.3,761.4;548.6,823.5;538.8,901.9;607.4,758.1;617.2,647.0;620.5,640.5;648.3,573.5;715.3,660.1;734.9,686.2;669.5,653.6;558.4,637.2;506.1,653.6;476.7,624.2
65#633.3,835.3;697.5,764.9;639.4,746.6;587.3,746.6;559.8,804.7;553.7,884.3;614.9,746.6;630.2,633.3;633.3,621.1;656.2,573.6;712.8,602.7;740.4,648.6;685.3,639.4;565.9,630.3;517.0,657.8;489.4,633.3
66#639.2,845.5;695.8,777.0;651.1,738.3;594.6,738.3;570.7,786.0;570.7,866.3;621.3,738.3;639.2,625.2;639.2,619.3;661.5,552.3;722.6,568.7;740.4,613.3;692.8,622.3;582.7,625.2;532.1,655.0;514.2,634.2
67#659.8,832.5;695.3,774.4;663.0,735.6;611.3,729.2;585.5,758.2;592.0,835.7;637.2,732.4;646.8,612.9;646.8,612.9;666.2,548.4;714.6,525.8;734.0,577.4;695.3,609.7;601.6,619.4;553.2,645.2;543.5,612.9
68#658.7,866.8;679.9,787.9;679.9,721.2;628.4,718.2;598.0,727.3;610.2,809.2;652.6,718.2;652.6,599.9;655.6,602.9;661.7,539.2;707.2,502.8;722.4,554.4;698.1,602.9;610.2,612.0;561.6,615.0;592.0,566.5
69#670.3,856.5;694.1,776.3;694.1,713.9;640.6,711.0;608.0,705.0;628.7,782.3;664.4,711.0;658.5,592.1;661.4,595.1;652.5,532.7;703.0,503.0;723.8,550.6;700.0,586.2;616.9,604.0;587.2,586.2;613.9,550.6
70#686.4,827.8;719.1,748.9;697.3,699.9;648.3,697.2;615.6,689.0;640.1,768.0;672.8,699.9;667.4,591.0;667.4,591.0;656.5,533.8;710.9,520.2;735.4,566.5;705.5,588.3;629.2,599.1;602.0,577.4;629.2,539.2
71#707.4,801.6;739.4,726.9;710.0,705.5;656.6,697.5;624.6,681.5;648.6,758.9;680.7,700.2;680.7,588.1;678.0,590.7;670.0,534.7;712.7,540.0;736.7,572.0;720.7,588.1;643.3,585.4;611.3,585.4;648.6,550.7
72#722.8,773.5;757.7,701.3;713.4,699.0;664.6,703.7;629.6,689.7;652.9,761.9;685.5,699.0;692.5,584.9;692.5,584.9;676.2,536.0;715.8,559.3;734.4,577.9;732.1,584.9;655.2,584.9;620.3,608.2;652.9,568.6
73#736.0,750.7;765.7,682.6;721.8,700.2;669.3,703.3;635.6,698.8;657.5,774.1;693.6,700.2;695.1,590.6;695.1,587.4;684.6,540.0;729.0,579.9;755.0,592.3;735.1,589.0;653.4,591.4;627.8,622.1;658.3,594.9
74#749.3,727.8;773.7,663.8;730.2,701.4;673.9,703.0;641.5,707.9;662.1,786.3;701.7,701.4;697.6,596.3;697.6,589.9;693.0,544.0;742.1,600.5;775.5,606.7;738.0,593.1;651.7,597.8;635.2,636.0;663.7,621.2
75#762.5,705.0;781.7,645.1;738.6,702.6;678.6,702.6;647.5,717.0;666.7,798.5;709.8,702.6;700.2,602.0;700.2,592.4;701.4,548.0;755.3,621.1;796.1,621.1;741.0,597.2;649.9,604.3;642.7,649.9;669.1,647.5
76#765.3,715.6;788.3,656.8;734.6,702.8;680.9,707.9;652.8,723.3;665.6,812.7;711.6,707.9;703.9,605.6;703.9,598.0;707.8,543.0;765.3,577.5;801.1,615.9;747.4,605.6;652.8,610.8;642.6,661.9;670.7,649.1
77#772.8,748.7;783.5,687.2;735.4,705.9;681.9,705.9;657.8,727.3;657.8,820.9;708.6,705.9;705.9,615.0;708.6,607.0;719.3,550.9;791.5,558.9;799.5,607.0;751.4,609.7;657.8,617.7;644.4,673.9;671.2,663.2
78#773.1,783.6;780.3,711.2;739.3,716.0;683.8,716.0;657.2,730.5;652.4,822.2;710.3,718.4;715.1,619.4;715.1,612.2;721.2,557.9;794.8,568.7;799.6,614.6;756.2,614.6;671.7,624.3;647.5,675.0;674.1,665.3
79#775.4,799.5;777.8,724.1;742.4,714.6;688.2,712.3;655.2,726.4;655.2,811.3;714.1,714.6;718.8,625.1;718.8,615.6;724.7,564.9;801.3,589.7;803.7,632.1;761.3,620.3;669.3,632.1;648.1,679.3;678.7,667.5
80#780.2,813.1;775.2,740.7;740.9,716.3;689.2,712.3;662.3,710.2;668.0,792.2;714.7,715.4;717.8,624.5;718.6,615.7;725.0,564.7;796.6,608.3;798.2,642.4;760.9,622.2;670.8,629.2;642.7,667.2;668.1,658.6
81#785.0,826.7;772.7,757.2;739.5,717.9;690.2,712.2;669.3,693.9;680.9,773.2;715.2,716.3;716.8,624.0;718.5,615.9;725.4,564.5;792.0,627.0;792.8,652.6;760.6,624.0;672.4,626.3;637.4,655.2;657.4,649.6
82#789.8,840.3;770.1,773.8;738.0,719.6;691.2,712.2;676.4,677.7;693.7,754.1;715.8,717.1;715.8,623.4;718.3,616.0;725.7,564.3;787.3,645.6;787.3,662.9;760.2,625.9;673.9,623.4;632.0,643.1;646.8,640.7
83#787.5,847.5;772.7,758.9;740.2,714.6;690.0,708.7;704.8,682.2;693.0,767.8;713.7,708.7;719.6,623.1;719.6,620.1;734.3,569.9;805.2,652.6;790.4,670.3;760.9,629.0;678.2,620.1;639.8,620.1;672.3,593.6
84#772.5,821.0;775.2,742.8;742.8,713.1;694.3,713.1;710.5,707.7;710.5,772.5;718.6,713.1;724.0,626.7;724.0,621.3;740.1,572.7;804.9,669.9;791.4,678.0;764.4,632.1;680.8,621.3;656.5,599.7;672.7,561.9
85#765.1,803.1;780.8,740.0;749.3,708.5;704.7,708.5;725.7,732.1;717.8,792.6;728.3,708.5;730.9,627.1;730.9,624.4;744.1,574.5;799.2,698.0;791.3,674.3;765.1,632.3;696.8,619.2;662.6,606.0;678.4,571.9
86#764.5,784.1;784.6,723.7;760.1,714.8;717.6,712.6;722.1,741.6;722.1,810.9;739.9,714.8;739.9,629.9;742.2,623.2;754.5,575.2;809.2,690.2;800.3,658.9;773.5,634.4;704.2,623.2;666.2,627.7;681.9,589.7
87#772.1,767.1;802.4,717.2;772.1,719.4;726.6,717.2;722.2,760.6;724.4,827.8;748.2,717.2;748.2,632.7;750.4,624.0;766.7,583.9;822.0,686.9;808.9,656.5;780.8,637.0;715.7,630.5;676.7,641.4;685.4,611.0
88#791.8,759.2;779.4,765.4;785.6,724.0;735.9,726.1;723.5,779.9;727.6,846.2;760.8,724.0;758.7,632.9;760.8,620.5;772.1,588.4;816.7,678.5;847.7,682.6;793.9,639.1;719.3,632.9;688.3,657.8;688.3,632.9
89#796.4,777.4;781.5,762.5;790.0,722.2;747.6,724.4;732.8,783.7;726.4,851.6;768.8,722.2;773.1,637.4;775.2,624.7;776.2,587.5;836.7,656.5;862.1,667.1;813.4,637.4;737.0,635.3;700.9,667.1;694.6,641.6
90#802.5,772.3;802.5,783.1;800.3,713.6;750.3,720.1;735.1,767.9;733.0,839.6;776.4,717.9;785.1,631.0;783.0,617.9;784.0,588.6;826.4,611.4;863.4,641.8;822.1,626.6;743.8,633.1;706.9,674.4;698.2,652.7
91#808.1,793.8;808.1,735.2;803.0,707.1;757.1,707.1;736.7,747.9;736.7,816.8;780.0,707.1;777.5,628.0;780.0,625.5;787.7,571.9;825.9,574.5;848.9,605.1;818.3,622.9;736.7,635.7;716.3,676.5;703.5,668.8
92#810.1,804.6;807.2,738.0;804.3,703.2;763.8,700.3;740.6,717.7;737.7,784.4;781.1,700.3;786.9,619.1;786.9,622.0;786.9,567.0;830.4,543.8;844.9,581.5;821.7,610.5;746.4,627.8;723.2,668.4;714.5,677.1
93#811.8,809.1;811.8,751.9;800.9,697.4;760.0,694.7;730.0,700.1;740.9,751.9;779.1,694.7;779.1,612.9;779.1,618.4;779.1,563.9;830.9,547.5;847.2,577.5;814.5,602.0;746.4,623.8;719.1,670.1;713.7,683.8
94#817.7,812.6;812.8,755.9;798.0,689.4;756.1,689.4;798.0,736.2;743.8,716.5;775.8,689.4;775.8,608.0;775.8,608.0;766.0,556.3;849.8,571.1;844.9,588.3;810.3,595.7;741.3,615.4;711.8,662.3;706.8,696.8
95#819.6,806.9;812.2,750.1;797.4,681.0;750.6,678.6;772.8,710.6;748.1,740.2;770.3,681.0;767.8,602.1;767.8,599.6;759.2,549.1;849.2,584.8;844.3,599.6;802.4,589.8;733.3,612.0;706.2,651.4;706.2,693.4
96#821.5,787.7;819.2,730.3;793.8,676.6;748.1,676.3;769.5,711.2;749.7,747.9;768.0,677.1;765.5,597.9;765.5,596.4;762.0,544.8;845.7,593.4;840.7,603.7;800.4,588.6;731.1,604.8;701.1,634.2;706.8,664.2
97#823.3,768.6;826.2,710.6;790.2,672.2;745.5,673.9;766.1,711.8;751.3,755.6;765.7,673.3;763.1,593.7;763.1,593.2;764.7,540.6;842.1,602.0;837.1,607.8;798.4,587.4;728.9,597.6;696.0,617.0;707.4,635.0
98#825.2,749.4;833.1,690.8;786.7,667.9;743.0,671.6;762.8,712.5;752.9,763.3;763.3,669.4;760.8,589.5;760.8,590.1;767.5,536.3;838.6,610.7;833.5,611.9;796.5,586.1;726.7,590.3;690.9,599.9;708.1,605.7
99#827.0,730.3;840.1,671.1;783.1,663.5;740.4,669.2;759.4,713.1;754.5,771.0;761.0,665.6;758.4,585.3;758.4,586.9;770.2,532.1;835.0,619.3;829.9,616.0;794.5,584.9;724.5,583.1;685.8,582.7;708.7,576.5
100#828.9,711.1;847.1,651.3;779.5,659.1;737.9,666.9;756.1,713.7;756.1,778.7;758.7,661.7;756.1,581.1;756.1,583.7;773.0,527.8;831.5,627.9;826.3,620.1;792.5,583.7;722.3,575.9;680.7,565.5;709.3,547.3
101#824.1,683.8;845.4,630.6;787.0,657.2;744.5,659.9;757.7,723.6;757.7,784.7;765.7,659.9;760.4,577.5;760.4,580.2;775.0,525.7;826.8,683.8;834.8,612.0;794.9,580.2;725.9,572.2;691.3,545.6;711.2,525.7
102#816.4,670.2;848.3,612.2;787.4,649.9;746.9,661.5;755.6,725.3;755.6,783.3;767.2,652.8;761.4,571.7;761.4,574.6;775.9,519.5;822.2,594.9;842.5,597.8;796.1,574.6;729.5,563.0;697.6,528.2;710.6,497.8
103#817.0,671.9;834.7,615.9;787.5,648.3;749.2,660.1;749.2,722.1;752.1,778.2;766.9,651.3;766.9,568.7;766.9,568.7;775.7,518.5;873.1,583.4;849.5,577.5;802.3,568.7;734.4,562.8;713.7,521.4;704.9,483.1
104#820.1,678.9;836.0,623.3;785.7,644.5;743.3,655.1;740.7,721.3;743.3,779.5;764.5,649.8;767.1,567.7;767.1,570.3;780.4,517.4;833.3,565.0;857.2,567.7;801.6,567.7;732.7,559.7;703.6,538.5;702.2,500.1
105#824.6,701.1;834.9,641.9;786.0,647.0;742.3,654.8;732.0,708.8;734.5,770.6;762.9,652.2;765.4,564.7;765.4,567.2;780.9,518.3;809.2,536.3;853.0,559.5;804.0,567.2;729.4,562.1;695.9,549.2;701.1,515.8
106#822.6,718.2;827.4,654.6;785.3,651.8;741.5,657.0;719.0,698.2;725.9,760.3;762.6,655.2;763.2,567.6;762.2,568.2;774.6,518.8;795.6,523.5;835.2,549.4;799.4,568.2;727.7,565.8;697.0,563.5;702.5,532.9
107#820.6,735.3;819.8,667.4;784.7,656.5;740.8,659.1;705.9,687.6;717.2,750.1;762.3,658.3;761.1,570.4;758.9,569.1;768.3,519.4;781.9,510.7;817.5,539.4;794.9,569.1;726.0,569.6;698.0,577.8;704.0,549.9
108#818.6,752.4;812.3,680.1;784.0,661.3;740.0,661.3;692.9,677.0;708.6,739.8;762.0,661.3;758.9,573.3;755.7,570.1;762.0,519.9;768.3,497.9;799.7,529.3;790.3,570.1;724.3,573.3;699.1,592.1;705.4,567.0
109#815.0,764.2;803.4,708.8;774.2,659.2;736.3,659.2;680.9,662.1;695.5,723.3;756.7,659.2;748.0,574.6;748.0,571.7;745.0,522.1;756.7,487.1;780.0,522.1;780.0,571.7;715.9,577.5;695.5,606.7;698.4,577.5
110#820.1,770.7;802.0,719.2;771.7,655.7;729.3,655.7;671.8,643.5;686.9,707.1;750.5,655.7;741.4,573.9;738.4,573.9;735.4,522.5;750.5,486.1;768.7,519.4;774.7,564.8;708.1,583.0;677.9,595.1;662.7,595.1
111#810.7,771.9;796.3,708.8;764.8,657.1;721.7,657.1;673.0,625.6;673.0,688.7;744.7,657.1;727.5,576.8;730.4,576.8;727.5,525.1;750.4,502.2;764.8,530.9;759.0,568.2;695.9,585.4;667.2,617.0;661.5,611.2
112#797.8,762.8;790.1,708.9;756.7,665.2;715.6,657.5;674.4,634.3;659.0,678.0;736.1,660.0;723.3,582.9;720.7,582.9;707.9,528.9;664.2,672.9;671.9,629.2;754.1,575.2;689.9,590.6;671.9,629.2;659.0,672.9
113#787.1,755.5;787.1,708.5;747.4,663.8;712.7,661.4;787.1,703.5;650.8,676.2;727.6,663.8;720.2,589.5;720.2,584.5;697.8,535.0;653.2,673.8;668.1,634.1;687.9,594.4;683.0,594.4;635.9,599.4;623.5,601.9
114#766.6,744.7;784.5,693.1;699.0,667.2;695.0,665.2;784.5,693.1;768.6,742.8;718.9,667.2;714.9,573.8;707.0,585.7;695.0,541.9;744.7,547.9;667.2,641.4;750.7,579.7;663.2,591.7;631.4,587.7;647.3,683.1
115#750.4,727.1;790.7,688.8;738.3,676.7;692.0,676.7;665.8,650.5;645.6,706.9;714.1,676.7;704.1,596.1;702.1,594.0;698.0,549.7;744.4,565.8;760.5,596.1;738.3,590.0;669.8,600.1;635.5,579.9;635.5,543.6
116#736.9,720.3;781.8,683.2;732.9,689.1;688.0,689.1;662.6,667.6;643.1,726.2;709.5,691.0;703.6,601.2;703.6,599.2;703.6,558.2;744.7,583.6;760.3,612.9;738.8,599.2;670.4,601.2;643.1,583.6;633.3,558.2
117#732.0,715.7;767.1,670.7;726.1,692.2;687.1,692.2;657.8,680.5;642.1,741.1;708.6,690.3;704.6,608.2;704.6,604.3;708.6,561.4;745.7,598.5;761.3,629.7;735.9,608.2;669.5,608.2;636.3,596.5;630.4,571.1
118#741.7,694.4;765.1,669.0;724.1,692.4;685.1,686.6;657.7,694.4;640.1,756.9;704.6,688.5;704.6,614.3;706.6,606.5;712.4,565.5;737.8,655.3;759.3,629.9;737.8,618.2;671.4,612.3;632.3,608.4;630.4,586.9
119#688.0,728.9;691.9,707.4;725.1,683.9;682.2,683.9;650.9,728.9;639.2,766.0;703.6,683.9;711.5,609.7;711.5,605.8;717.3,562.8;752.5,652.7;756.4,644.9;742.7,613.6;676.3,607.8;637.2,617.5;627.5,599.9
120#692.6,740.1;701.8,708.3;727.6,680.3;685.1,679.6;654.1,708.9;647.0,755.4;706.7,679.6;711.2,604.7;711.2,600.6;715.4,557.0;766.2,642.1;764.4,635.4;743.6,607.3;676.1,604.1;638.4,622.2;629.8,608.3
121#697.3,751.4;711.6,709.3;730.0,676.7;688.1,675.2;657.3,688.8;654.8,744.8;709.7,675.2;710.9,599.6;710.9,595.4;713.6,551.3;779.8,631.4;772.4,625.9;744.6,600.9;675.9,600.5;639.6,627.0;632.0,616.7
122#701.9,762.6;721.5,710.2;732.5,673.1;691.0,670.9;660.5,668.8;662.6,734.2;712.8,670.9;710.6,594.6;710.6,590.2;711.7,545.5;793.5,620.8;780.4,616.4;745.5,594.6;675.7,596.8;640.8,631.7;634.3,625.1
123#704.9,775.9;725.5,724.3;728.1,672.8;689.4,670.2;653.3,654.7;679.1,714.0;710.0,670.2;710.0,590.3;710.0,590.3;712.6,538.7;769.3,598.0;795.1,603.2;743.5,587.7;673.9,595.4;643.0,631.5;637.8,634.1
124#704.0,782.3;722.8,731.3;720.1,664.2;682.6,658.9;661.1,645.4;690.6,774.2;701.3,661.5;714.8,586.4;714.8,583.7;714.8,535.4;771.1,535.4;787.2,578.3;744.3,581.0;679.9,589.1;636.9,629.3;631.6,642.7
125#712.3,780.7;717.6,727.7;717.6,661.5;675.2,656.2;688.4,725.0;683.1,799.2;696.4,658.8;714.9,579.4;714.9,582.0;712.3,531.7;781.1,529.1;781.1,558.2;746.7,576.7;680.5,582.0;635.5,616.5;630.2,629.7
126#718.6,766.3;727.1,713.2;715.6,658.5;675.6,655.2;695.6,713.1;693.6,787.2;695.3,656.5;711.1,577.2;710.4,579.9;711.6,530.1;780.4,542.1;778.5,568.4;742.5,575.9;676.4,578.6;636.9,598.1;636.8,601.0
127#725.0,752.0;736.5,698.8;713.6,655.5;676.0,654.2;702.9,701.2;704.1,775.2;694.2,654.1;707.2,575.1;705.9,577.7;711.0,528.4;779.7,555.1;775.9,578.5;738.4,575.1;672.2,575.1;638.4,579.7;643.3,572.4
128#731.3,737.6;746.0,684.3;711.7,652.5;676.3,653.1;710.1,689.4;714.5,763.1;693.1,651.8;703.4,572.9;701.5,575.5;710.3,526.8;779.0,568.0;773.3,588.7;734.2,574.2;668.1,571.7;639.8,561.3;649.9,543.7
129#737.7,723.2;755.4,669.8;709.7,649.5;676.7,652.1;717.3,677.5;725.0,751.1;692.0,649.5;699.6,570.8;697.0,573.4;709.7,525.1;778.3,581.0;770.7,598.8;730.0,573.4;664.0,568.3;641.2,542.9;656.4,515.0
130#748.0,696.0;758.5,643.6;716.6,648.9;677.2,656.7;706.1,696.0;724.4,758.9;695.6,654.1;703.4,575.5;700.8,575.5;711.3,523.0;782.1,593.8;766.4,606.9;734.9,575.5;674.6,572.8;677.2,601.7;658.9,517.8
131#744.5,674.2;755.2,623.3;720.4,644.8;680.2,652.8;699.0,701.0;720.4,757.2;704.3,647.4;701.6,569.8;701.6,569.8;717.7,518.9;776.6,604.6;763.2,615.3;736.4,575.1;672.2,559.1;645.4,540.3;656.1,518.9
132#737.9,651.4;750.5,613.7;725.3,636.3;687.6,648.9;695.1,709.2;707.7,759.6;707.7,641.3;707.7,565.9;705.2,563.3;729.1,519.3;773.1,618.7;763.1,618.7;742.9,573.4;667.5,553.3;637.3,553.3;653.6,524.4
133#762.9,637.4;768.0,649.9;730.3,634.8;687.6,637.4;685.1,702.7;692.6,757.9;710.2,637.4;715.2,564.5;712.7,564.5;734.0,515.5;757.9,609.7;770.5,617.3;750.4,574.6;680.0,552.0;642.4,564.5;652.4,552.0
134#751.4,657.9;756.8,620.3;732.6,633.7;689.5,641.8;678.7,692.9;681.4,749.4;711.0,639.1;719.1,561.1;719.1,555.7;746.0,501.8;759.5,604.1;778.3,620.3;756.8,574.5;684.1,553.0;643.8,574.5;651.8,563.7
135#724.9,677.8;756.8,634.3;733.6,628.5;695.8,625.6;672.6,680.7;669.7,741.6;713.3,625.6;724.9,558.9;727.8,553.1;748.1,512.5;782.9,622.7;788.7,608.2;762.6,567.6;692.9,550.2;649.4,573.4;661.0,576.3
136#725.3,688.8;751.7,646.5;735.8,622.6;698.8,622.6;664.4,665.0;656.5,728.5;717.3,622.6;733.2,559.1;735.8,551.2;757.0,508.8;780.8,588.2;804.7,601.5;770.3,569.7;698.8,553.8;651.2,569.7;672.3,561.8
137#725.8,702.3;753.0,656.7;738.9,628.6;701.2,625.2;660.9,648.2;657.4,709.7;720.5,627.8;737.2,555.9;738.9,552.4;760.9,508.5;790.6,563.2;810.9,583.3;774.9,565.6;703.0,551.5;658.2,561.3;681.0,545.6
138#726.4,715.7;754.2,667.0;742.0,634.7;703.7,627.7;657.5,631.5;658.3,690.8;723.7,632.9;741.1,552.8;742.0,553.6;764.7,508.2;800.4,538.1;817.0,565.2;779.6,561.5;707.1,549.3;665.2,552.8;689.6,529.3
139#726.9,729.2;755.5,677.2;745.1,640.7;706.1,630.3;654.0,614.7;659.2,672.0;726.9,638.1;745.1,549.6;745.1,554.8;768.6,507.9;810.2,513.1;823.2,547.0;784.2,557.4;711.3,547.0;672.2,544.4;698.3,513.1
140#726.2,741.1;748.2,692.4;748.2,638.8;714.0,624.1;662.8,597.3;670.2,653.4;728.7,631.4;753.0,548.6;750.6,551.0;765.2,504.7;814.0,507.1;826.2,538.8;784.7,551.0;718.9,543.7;677.5,538.8;701.8,516.9
141#729.2,746.1;743.4,691.6;752.9,632.4;717.4,618.2;674.8,587.4;689.0,644.3;734.0,623.0;755.3,544.8;755.3,547.2;765.9,498.7;821.6,518.8;833.4,544.8;790.8,544.8;719.8,540.1;672.4,551.9;703.2,533.0
142#732.2,736.7;751.2,691.7;760.7,630.1;722.8,613.5;684.8,582.7;703.8,641.9;739.3,620.6;755.9,542.4;755.9,540.0;769.0,498.6;824.6,535.3;836.5,556.6;789.1,544.8;720.4,537.7;677.7,561.4;703.8,547.1
143#736.9,732.5;756.1,687.1;764.0,629.1;726.0,613.6;689.5,586.8;708.1,645.8;742.7,620.2;758.7,541.7;758.7,539.5;772.2,497.9;827.8,534.2;839.5,555.6;792.2,544.2;723.3,536.9;680.5,559.3;706.8,544.4
144#741.7,728.3;761.1,682.6;767.3,628.1;729.2,613.6;694.2,590.9;712.3,649.6;746.1,619.7;761.6,540.9;761.6,538.9;775.3,497.2;831.0,533.1;842.6,554.6;795.3,543.6;726.1,536.2;683.4,557.1;709.8,541.6
145#746.4,724.1;766.0,678.0;770.5,627.0;732.4,613.7;698.9,595.0;716.6,653.5;749.5,619.3;764.4,540.2;764.4,538.4;778.5,496.5;834.2,532.0;845.6,553.6;798.4,542.9;729.0,535.4;686.2,555.0;712.7,538.9
146#751.2,719.8;771.0,673.4;773.8,626.0;735.6,613.8;703.6,599.1;720.9,657.4;752.8,618.9;767.2,539.5;767.2,537.9;781.7,495.8;837.4,530.9;848.7,552.7;801.5,542.3;731.8,534.6;689.1,552.8;715.7,536.1
147#755.9,715.6;775.9,668.9;777.1,625.0;738.7,613.8;708.3,603.2;725.1,661.3;756.2,618.5;770.0,538.7;770.0,537.3;784.8,495.1;840.6,529.8;851.7,551.7;804.7,541.7;734.7,533.9;691.9,550.7;718.7,533.4
148#760.7,711.4;780.9,664.3;780.4,624.0;741.9,613.9;713.0,607.3;729.4,665.1;759.6,618.0;772.9,538.0;772.9,536.8;788.0,494.4;843.8,528.7;854.7,550.7;807.8,541.1;737.5,533.1;694.8,548.6;721.7,530.6
149#765.4,707.2;785.8,659.8;783.7,622.9;745.1,614.0;717.8,611.3;733.7,669.0;763.0,617.6;775.7,537.2;775.7,536.3;791.1,493.7;846.9,527.6;857.8,549.7;810.9,540.5;740.4,532.4;697.6,546.4;724.7,527.9
150#770.2,703.0;790.8,655.2;786.9,621.9;748.3,614.0;722.5,615.4;737.9,672.9;766.4,617.2;778.5,536.5;778.5,535.7;794.3,493.0;850.1,526.5;860.8,548.7;814.0,539.8;743.2,531.6;700.5,544.3;727.6,525.1
151#774.9,698.8;795.7,650.6;790.2,620.9;751.5,614.1;727.2,619.5;742.2,676.7;769.8,616.7;781.4,535.8;781.4,535.2;797.5,492.3;853.3,525.4;863.9,547.7;817.1,539.2;746.1,530.8;703.3,542.1;730.6,522.4
152#779.6,694.5;800.7,646.1;793.5,619.9;754.7,614.2;731.9,623.6;746.5,680.6;773.1,616.3;784.2,535.0;784.2,534.7;800.6,491.6;856.5,524.3;866.9,546.8;820.2,538.6;748.9,530.1;706.1,540.0;733.6,519.6
153#784.4,690.3;805.6,641.5;796.8,618.8;757.9,614.2;736.6,627.7;750.7,684.5;776.5,615.9;787.0,534.3;787.0,534.1;803.8,490.9;859.7,523.2;869.9,545.8;823.3,538.0;751.8,529.3;709.0,537.9;736.6,516.9
154#789.1,686.1;810.6,636.9;800.1,617.8;761.1,614.3;741.3,631.8;755.0,688.4;779.9,615.5;789.8,533.6;789.8,533.6;807.0,490.2;862.9,522.1;873.0,544.8;826.4,537.4;754.6,528.5;711.8,535.7;739.6,514.1
155#793.9,681.9;815.5,632.4;803.3,616.8;764.2,614.4;746.0,635.9;759.3,692.2;783.3,615.0;792.7,532.8;792.7,533.1;810.1,489.4;866.1,521.1;876.0,543.8;829.6,536.7;757.5,527.8;714.7,533.6;742.5,511.4
156#798.6,677.7;820.5,627.8;806.6,615.8;767.4,614.5;750.7,640.0;763.6,696.1;786.7,614.6;795.5,532.1;795.5,532.6;813.3,488.7;869.3,520.0;879.1,542.8;832.7,536.1;760.3,527.0;717.5,531.4;745.5,508.6
157#803.4,673.5;825.4,623.2;809.9,614.7;770.6,614.5;755.4,644.1;767.8,700.0;790.1,614.2;798.3,531.4;798.3,532.0;816.5,488.0;872.5,518.9;882.1,541.8;835.8,535.5;763.2,526.2;720.4,529.3;748.5,505.9
158#808.1,669.2;830.4,618.7;813.2,613.7;773.8,614.6;760.1,648.2;772.1,703.9;793.4,613.8;801.1,530.6;801.1,531.5;819.6,487.3;875.7,517.8;885.1,540.9;838.9,534.9;766.0,525.5;723.2,527.2;751.5,503.1
159#812.8,665.0;835.3,614.1;816.5,612.7;777.0,614.7;764.8,652.3;776.4,707.7;796.8,613.3;804.0,529.9;804.0,531.0;822.8,486.6;878.9,516.7;888.2,539.9;842.0,534.3;768.9,524.7;726.0,525.0;754.5,500.4
160#817.6,660.8;840.3,609.5;819.7,611.7;780.2,614.7;769.5,656.4;780.6,711.6;800.2,612.9;806.8,529.2;806.8,530.4;826.0,485.9;882.1,515.6;891.2,538.9;845.1,533.6;771.7,523.9;728.9,522.9;757.4,497.6
161#822.3,656.6;845.2,605.0;823.0,610.6;783.4,614.8;774.3,660.4;784.9,715.5;803.6,612.5;809.6,528.4;809.6,529.9;829.1,485.2;885.2,514.5;894.3,537.9;848.2,533.0;774.6,523.2;731.7,520.7;760.4,494.9
162#827.1,652.4;850.2,600.4;826.3,609.6;786.6,614.9;779.0,664.5;789.2,719.3;807.0,612.0;812.5,527.7;812.5,529.4;832.3,484.5;888.4,513.4;897.3,536.9;851.3,532.4;777.4,522.4;734.6,518.6;763.4,492.1
163#831.8,648.2;855.1,595.9;829.6,608.6;789.7,614.9;783.7,668.6;793.4,723.2;810.4,611.6;815.3,526.9;815.3,528.8;835.4,483.8;891.6,512.3;900.3,535.9;854.5,531.8;780.3,521.7;737.4,516.5;766.4,489.4
164#836.6,643.9;860.1,591.3;832.9,607.6;792.9,615.0;788.4,672.7;797.7,727.1;813.7,611.2;818.1,526.2;818.1,528.3;838.6,483.1;894.8,511.2;903.4,535.0;857.6,531.2;783.1,520.9;740.3,514.3;769.4,486.6
165#841.3,639.7;865.0,586.7;836.1,606.5;796.1,615.1;793.1,676.8;802.0,731.0;817.1,610.8;820.9,525.5;820.9,527.8;841.8,482.4;898.0,510.1;906.4,534.0;860.7,530.5;786.0,520.1;743.1,512.2;772.3,483.9
166#846.1,635.5;870.0,582.2;839.4,605.5;799.3,615.1;797.8,680.9;806.2,734.8;820.5,610.3;823.8,524.7;823.8,527.2;844.9,481.7;901.2,509.0;909.5,533.0;863.8,529.9;788.8,519.4;746.0,510.0;775.3,481.1
167#850.8,631.3;874.9,577.6;842.7,604.5;802.5,615.2;802.5,685.0;810.5,738.7;823.9,609.9;826.6,524.0;826.6,526.7;848.1,481.0;904.4,507.9;912.5,532.0;866.9,529.3;791.7,518.6;748.8,507.9;778.3,478.4
168#838.5,641.5;865.5,587.5;832.5,599.5;793.5,605.5;799.5,671.5;808.5,731.4;814.5,599.5;826.5,515.6;823.5,521.6;844.5,476.6;904.5,509.6;913.4,524.6;862.5,521.6;790.5,509.6;760.5,485.6;766.5,452.6
169#827.5,649.7;851.6,601.6;830.5,589.5;791.4,595.6;794.4,661.7;800.5,718.8;812.5,592.6;821.5,511.4;821.5,514.4;839.5,469.3;899.6,514.4;905.7,529.4;860.6,517.4;785.4,502.4;764.4,472.3;755.4,445.3
170#822.0,655.7;838.9,607.4;829.3,578.4;790.7,585.7;790.7,643.6;795.5,701.6;810.0,580.8;817.2,506.0;817.2,508.4;834.1,465.0;899.3,520.5;899.3,535.0;853.4,513.3;781.0,496.4;742.4,472.2;732.7,474.6
171#819.4,661.9;837.4,602.8;824.6,566.9;786.0,569.4;786.0,615.7;788.6,667.0;804.0,569.4;811.7,497.5;809.1,500.1;832.3,459.0;891.3,530.9;883.6,530.9;845.1,505.2;780.9,492.4;739.8,477.0;734.7,448.7
172#815.8,664.3;833.7,605.6;818.4,559.7;777.5,562.2;790.3,613.3;785.2,628.6;798.0,559.7;810.7,490.7;808.2,490.7;823.5,449.9;887.3,518.8;882.2,529.0;843.9,495.9;777.5,480.5;744.4,472.9;726.5,455.0
173#813.1,652.8;831.5,593.4;817.7,544.7;776.5,546.9;788.8,600.5;785.2,623.2;797.1,544.7;810.9,473.1;809.1,473.1;826.2,429.9;883.8,508.5;879.7,514.4;845.0,479.2;776.9,463.1;741.7,456.8;729.5,438.4
174#810.4,641.4;829.2,581.1;816.9,529.7;775.5,531.6;787.4,587.7;785.1,617.7;796.2,529.7;811.2,455.6;810.1,455.6;828.9,409.9;880.2,498.3;877.2,499.8;846.1,462.6;776.2,445.6;739.0,440.7;732.6,421.9
175#807.7,629.9;827.0,568.9;816.2,514.7;774.5,516.3;785.9,574.9;785.1,612.3;795.4,514.7;811.4,438.0;811.0,438.0;831.6,389.9;876.7,488.0;874.7,485.1;847.2,445.9;775.6,428.2;736.4,424.6;735.6,405.3
176#805.0,618.5;824.7,556.7;815.5,499.7;773.4,501.0;784.5,562.1;785.0,606.8;794.5,499.7;811.6,420.5;812.0,420.5;834.3,370.0;873.2,477.8;872.1,470.5;848.3,429.3;775.0,410.7;733.7,408.5;738.6,388.7
177#802.2,607.0;822.5,544.5;814.8,484.8;772.4,485.7;783.0,549.3;785.0,601.4;793.6,484.8;811.9,402.9;812.9,402.9;837.0,350.0;869.6,467.5;869.6,455.9;849.5,412.6;774.4,393.3;731.0,392.4;741.7,372.1
178#799.5,595.6;820.2,532.2;814.0,469.8;771.4,470.4;781.5,536.5;784.9,596.0;792.8,469.8;812.1,385.3;813.8,385.3;839.7,330.0;866.1,457.2;867.1,441.2;850.6,395.9;773.8,375.9;728.4,376.3;744.7,355.6
179#796.8,584.1;818.0,520.0;813.3,454.8;770.4,455.1;780.1,523.7;784.9,590.5;791.9,454.8;812.4,367.8;814.8,367.8;842.4,310.0;862.5,447.0;864.6,426.6;851.7,379.3;773.1,358.4;725.7,360.2;747.8,339.0
180#794.1,572.7;815.7,507.8;812.6,439.8;769.4,439.8;778.6,510.9;784.8,585.1;791.0,439.8;812.6,350.2;815.7,350.2;845.1,290.0;859.0,436.7;862.1,412.0;852.8,362.6;772.5,341.0;723.0,344.1;750.8,322.4
181#822.5,554.3;831.9,485.0;806.7,422.0;768.9,422.0;772.1,497.6;765.8,579.5;787.8,422.0;813.0,333.8;816.2,330.6;841.4,273.9;857.1,412.5;854.0,403.1;847.7,349.5;778.4,324.3;753.2,283.3;770.5,256.6
182#854.5,533.6;848.5,467.6;803.5,407.5;764.5,407.5;770.5,482.6;737.5,554.6;782.5,407.5;812.5,320.5;812.5,320.5;836.5,260.4;848.5,389.5;851.5,386.5;839.5,338.5;785.5,302.5;784.0,255.9;808.0,249.9
