1#NULL
2#NULL
3#NULL
4#NULL
5#NULL
6#NULL
7#NULL
8#NULL
9#NULL
10#NULL
11#NULL
12#NULL
13#NULL
14#NULL
15#NULL
16#NULL
17#NULL
18#NULL
19#685.3,478.2;683.4,411.7;614.9,421.4;569.9,427.3;519.0,396.0;526.8,464.5;591.4,423.4;593.4,337.3;599.2,319.7;606.1,273.7;665.8,284.5;636.4,372.5;628.6,341.2;558.1,333.4;560.1,382.3;585.5,382.3
20#690.1,501.3;667.7,434.2;609.5,436.4;551.4,434.2;499.9,393.9;506.6,452.1;580.5,436.4;573.7,337.9;576.0,326.7;587.2,273.0;658.8,302.1;654.3,335.7;609.5,335.7;533.4,337.9;549.1,373.7;571.5,373.7
21#693.0,514.9;642.8,445.6;587.9,438.5;540.1,452.8;626.1,464.8;673.9,507.8;566.4,448.0;561.6,338.2;561.6,326.2;567.6,272.5;657.1,319.0;650.0,345.3;602.2,333.4;518.6,335.8;537.7,374.0;568.8,359.7
22#680.3,513.7;632.2,444.1;574.6,436.9;516.9,441.7;485.7,422.4;502.5,496.9;553.0,446.5;550.6,338.4;553.0,326.4;556.6,274.7;656.3,333.6;639.4,357.6;593.8,336.0;504.9,333.6;516.9,374.4;543.3,374.4
23#651.0,503.7;623.2,427.3;558.4,434.2;505.1,441.2;493.5,455.1;505.1,519.9;532.9,438.8;544.5,334.6;549.1,320.7;557.2,275.5;658.0,348.5;632.5,367.0;588.5,339.2;500.5,325.3;500.5,362.4;525.9,360.1
24#623.8,489.7;616.6,408.8;557.2,430.2;500.1,425.5;502.4,465.9;504.8,532.5;531.0,432.6;545.3,330.3;547.6,320.8;560.7,272.0;657.1,361.2;626.1,375.5;585.7,339.8;504.8,318.4;497.7,358.9;538.1,380.3
25#601.4,470.2;598.8,397.2;557.1,425.9;510.2,425.9;505.0,478.0;505.0,548.3;536.2,425.9;551.9,326.9;554.5,321.7;574.0,268.3;658.7,373.8;619.6,381.6;585.7,337.3;518.0,311.3;505.0,345.1;609.2,394.6
26#591.6,446.8;612.7,395.4;561.4,425.6;516.1,425.6;513.1,486.0;510.1,561.5;540.3,425.6;564.4,326.0;567.4,319.9;594.6,265.6;661.0,386.4;624.8,389.4;597.6,344.1;537.2,307.9;525.2,274.6;618.8,389.4
27#648.6,428.9;590.6,459.4;566.2,413.6;523.5,419.7;517.4,489.9;511.3,566.1;544.9,419.7;578.4,319.0;581.5,312.9;612.0,261.1;666.9,398.3;633.3,392.2;615.0,340.4;551.0,297.7;526.6,258.0;575.4,251.9
28#608.4,450.1;620.8,394.0;580.3,418.9;530.5,418.9;521.1,487.4;514.9,565.3;558.5,418.9;592.8,316.1;595.9,313.0;627.1,256.9;673.8,409.6;642.6,390.9;623.9,334.8;561.6,294.3;536.7,250.7;578.8,233.6
29#609.6,470.8;648.8,398.5;588.5,419.6;540.3,416.6;534.2,482.9;528.2,558.2;564.4,416.6;603.5,314.1;606.6,308.1;633.7,250.8;684.9,428.6;666.8,389.5;639.7,332.2;564.4,290.0;556.8,243.3;562.9,237.3
30#619.6,484.7;658.5,416.5;596.9,426.3;551.4,426.3;544.9,475.0;541.7,556.1;574.1,426.3;613.1,309.4;616.3,306.2;639.1,247.7;700.7,406.8;694.3,384.1;652.1,332.1;577.4,289.9;570.9,231.5;592.0,187.7
31#620.1,504.5;663.8,430.7;603.3,424.0;563.0,424.0;556.3,471.0;559.7,548.2;583.2,424.0;623.5,309.8;623.5,306.5;647.0,249.4;707.4,373.6;710.8,370.2;660.4,326.6;586.5,286.3;583.2,229.2;591.6,190.6
32#622.8,520.7;659.2,447.8;622.8,414.7;573.1,414.7;563.2,464.4;569.8,540.6;599.6,414.7;629.4,305.4;629.4,305.4;646.0,245.8;695.7,355.1;722.2,351.8;669.2,318.7;589.7,292.2;579.7,239.2;594.6,201.1
33#626.3,539.8;659.6,458.1;641.4,418.7;590.0,415.7;568.8,442.9;586.9,524.7;614.2,421.7;629.3,306.7;629.3,300.6;641.4,243.1;723.2,321.8;723.2,337.0;671.7,312.8;590.0,294.6;577.9,249.2;606.6,229.5
34#638.0,553.7;653.6,482.2;653.6,426.3;603.8,417.0;566.5,432.5;600.7,504.0;628.7,423.2;628.7,305.1;631.8,298.9;634.9,239.9;687.7,330.0;721.9,308.2;669.1,308.2;591.4,298.9;579.0,270.9;603.8,239.9
35#649.9,570.1;659.7,495.2;659.7,423.6;610.8,423.6;565.2,423.6;617.3,488.7;636.9,423.6;633.6,306.4;636.9,303.1;636.9,241.3;695.5,257.6;724.8,296.6;675.9,306.4;591.3,306.4;584.8,290.1;607.6,260.8
36#652.8,533.5;672.1,469.2;665.7,421.0;617.5,417.8;575.7,421.0;623.9,491.7;640.0,421.0;640.0,311.7;640.0,305.3;640.0,244.2;705.9,239.4;726.8,282.8;681.8,308.5;598.2,318.1;595.0,314.9;611.0,289.2
37#662.5,505.2;683.3,445.7;671.4,430.9;617.9,430.9;585.2,422.0;623.8,496.3;644.6,430.9;647.6,314.9;647.6,309.0;650.6,249.5;713.0,222.8;727.9,270.4;689.2,312.0;606.0,314.9;603.0,329.8;614.9,306.0
38#681.8,473.8;700.2,415.6;672.7,437.1;620.6,434.0;599.2,427.9;623.7,507.5;645.1,434.0;657.3,320.7;657.3,311.5;660.4,256.4;724.7,225.7;724.7,274.7;697.2,317.6;611.4,326.8;608.3,357.4;632.8,354.4
39#681.2,475.7;701.8,408.0;675.4,434.5;625.3,431.5;610.6,472.7;619.4,531.6;651.8,431.5;660.6,325.5;660.6,319.7;672.4,266.7;728.3,240.2;725.4,290.2;701.8,325.5;616.5,331.4;607.7,372.6;634.2,369.7
40#701.7,475.5;713.3,411.5;681.3,443.5;623.0,446.4;614.3,484.3;620.1,536.7;652.2,443.5;663.8,335.8;663.8,329.9;675.5,274.6;733.7,263.0;739.5,300.8;704.6,332.8;620.1,335.8;602.7,388.2;628.9,379.4
41#728.3,497.4;718.1,428.4;682.4,438.6;631.3,446.3;623.7,484.6;639.0,538.2;659.4,446.3;662.0,346.7;664.5,334.0;677.3,280.4;736.0,285.5;743.6,328.9;705.4,344.2;618.6,349.3;598.1,397.8;628.8,387.6
42#731.6,525.7;724.4,451.0;681.0,443.8;635.2,448.6;637.6,463.0;649.7,523.3;659.3,446.2;656.9,352.2;661.7,340.1;676.2,287.1;736.5,313.6;738.9,349.8;697.9,349.8;616.0,357.0;596.7,402.8;630.4,395.6
43#735.1,548.6;720.4,462.6;688.5,455.3;632.0,457.7;629.6,440.5;651.7,516.6;661.5,460.2;656.6,359.5;659.0,344.8;671.3,293.2;737.6,330.1;737.6,366.9;695.9,352.2;612.4,362.0;592.8,408.6;629.6,403.7
44#737.0,570.3;719.2,501.8;688.8,461.3;640.6,461.3;673.6,491.7;663.5,501.8;666.0,461.3;655.8,359.9;655.8,349.7;664.7,295.2;737.0,352.3;734.4,372.5;696.4,357.3;610.2,364.9;584.9,405.5;628.0,403.0
45#740.2,581.6;712.5,508.5;684.7,465.6;636.8,465.6;667.1,488.3;634.3,503.4;659.5,465.6;654.5,364.8;654.5,354.7;655.7,303.0;735.2,377.4;730.1,395.0;694.8,362.2;609.1,367.3;576.3,397.5;616.7,397.5
46#729.9,593.1;715.1,510.0;679.5,462.5;632.0,459.5;655.7,498.1;637.9,530.8;655.7,462.5;655.7,370.5;655.7,361.6;655.7,302.2;735.9,397.2;721.0,409.1;697.3,370.5;614.1,367.5;593.4,412.0;620.1,412.0
47#710.3,586.3;716.4,515.7;685.7,472.8;642.8,472.8;658.1,500.4;639.7,552.5;667.3,472.8;661.2,380.8;661.2,368.6;658.1,313.4;737.9,445.2;731.7,426.8;701.1,380.8;624.4,377.8;618.3,420.7;642.8,414.6
48#699.1,578.1;717.4,515.3;688.7,476.2;644.3,478.8;665.2,494.4;654.7,567.6;667.8,476.2;665.2,387.3;667.8,374.2;663.9,318.0;738.3,447.4;727.9,439.6;709.6,389.9;628.6,384.7;620.7,429.1;644.3,439.6
49#694.0,553.3;713.1,493.5;694.0,483.9;646.2,481.6;670.1,503.1;679.6,562.8;672.5,483.9;674.9,395.5;674.9,381.1;673.7,327.4;741.8,491.1;741.8,457.6;715.5,402.7;639.0,393.1;627.0,436.1;653.3,417.0
50#704.1,548.9;738.6,502.1;699.2,489.8;652.3,487.3;674.5,521.8;681.9,588.4;677.0,489.8;684.4,398.6;686.8,388.7;688.1,338.2;750.9,492.2;755.9,457.7;728.7,408.4;644.9,388.7;610.4,418.3;612.9,371.5
51#732.0,543.9;732.0,538.4;712.7,502.5;665.8,505.3;671.3,549.4;682.3,612.8;687.8,505.3;690.6,403.2;690.6,395.0;697.5,335.7;748.5,463.9;770.6,458.4;734.7,411.5;646.5,397.7;621.6,436.3;616.1,397.7
52#731.6,568.8;712.2,554.9;717.7,504.8;673.2,507.6;676.0,577.2;684.4,638.3;695.5,507.6;698.3,407.5;701.0,396.4;702.4,339.4;751.1,446.4;787.3,449.2;742.8,410.3;653.8,407.5;628.7,449.2;623.2,413.1
53#716.9,600.3;716.9,554.3;722.7,505.4;676.7,511.1;676.7,585.9;685.3,655.0;702.6,508.3;702.6,410.5;702.6,398.9;704.0,340.0;757.2,445.0;800.4,427.7;748.6,404.7;659.4,413.3;636.4,456.5;670.9,447.9
54#738.6,611.4;713.4,569.4;727.4,510.7;679.8,513.5;671.4,572.2;685.4,633.8;702.2,510.7;702.2,415.6;705.0,401.6;709.2,347.1;763.7,359.7;788.9,398.8;741.4,412.8;663.0,415.6;632.3,460.3;629.5,449.2
55#742.2,619.5;732.5,555.2;729.3,510.2;684.3,513.4;700.4,571.2;681.1,613.0;703.6,513.4;703.6,413.7;703.6,404.1;706.8,349.4;761.5,330.1;780.8,371.9;745.4,404.1;661.8,420.1;636.1,471.6;661.8,461.9
56#746.3,642.1;736.4,559.6;726.5,513.4;680.2,513.4;683.5,562.9;670.3,572.8;700.0,513.4;703.3,414.4;700.0,407.8;696.7,351.7;759.5,335.2;776.0,364.9;739.7,401.2;663.7,421.0;630.7,490.3;630.7,510.1
57#748.2,661.9;738.8,574.1;720.0,517.6;672.9,517.6;685.5,558.4;666.6,564.6;698.0,520.7;688.6,417.1;688.6,407.7;679.2,351.2;773.3,357.5;770.2,382.6;729.4,404.6;644.7,426.5;625.8,486.2;650.9,533.3
58#748.6,650.7;733.5,575.6;715.5,512.5;667.5,512.5;673.5,539.6;658.4,563.6;691.5,512.5;676.5,419.4;676.5,407.4;663.0,354.8;781.6,389.4;766.6,410.4;718.5,404.4;637.4,428.4;616.4,485.5;616.4,524.5
59#746.0,640.4;740.1,578.0;707.4,509.7;659.9,509.7;665.8,563.2;671.8,598.8;683.7,509.7;668.8,411.6;668.8,402.7;652.5,356.7;781.7,411.6;760.9,420.6;710.4,399.8;627.2,423.5;603.5,480.0;609.4,524.5
60#743.4,628.1;737.6,558.9;705.9,501.2;651.1,507.0;674.1,544.5;662.6,590.6;679.9,507.0;665.5,411.8;665.5,400.2;655.4,355.5;754.9,414.7;749.1,434.9;708.8,403.1;622.2,417.6;590.5,469.5;616.4,507.0
61#749.4,614.1;746.6,546.4;693.0,501.3;648.0,509.8;667.7,554.9;667.7,614.1;670.5,504.1;662.0,408.3;662.0,397.0;663.5,339.3;755.0,430.9;743.8,442.1;707.1,405.5;617.0,414.0;577.5,453.4;625.4,464.7
62#758.2,595.2;752.9,523.6;689.3,499.8;646.9,513.0;668.1,550.1;673.4,624.3;668.1,505.1;662.8,409.7;662.8,396.4;661.5,344.7;755.6,446.8;739.7,449.4;707.9,409.7;615.1,412.3;564.8,430.9;599.2,430.9
63#759.4,578.2;764.5,498.6;687.4,498.6;646.3,514.0;666.9,557.7;674.6,639.9;666.9,506.3;664.3,408.7;666.9,395.9;668.2,348.4;761.9,452.4;746.5,452.4;708.0,411.3;623.2,408.7;628.4,444.7;646.3,437.0
64#758.1,552.5;768.6,478.6;702.6,507.6;649.8,518.2;660.4,576.3;673.6,652.8;676.2,515.5;668.3,404.6;668.3,396.7;669.6,337.3;726.4,444.2;755.4,446.9;707.9,407.3;623.4,394.1;575.9,375.6;610.2,351.8
65#759.0,561.7;765.7,487.1;703.8,509.2;649.7,518.5;654.4,573.0;666.4,649.5;677.0,516.1;668.4,403.8;668.0,396.4;668.7,337.4;721.3,429.3;752.1,435.8;707.6,405.7;623.7,395.4;579.3,383.3;611.8,360.9
66#759.9,571.0;762.8,495.7;705.0,510.8;649.7,518.7;648.5,569.8;659.2,646.2;677.8,516.7;668.5,402.9;667.7,396.1;667.8,337.5;716.2,414.4;748.8,424.7;707.3,404.1;624.1,396.7;582.6,391.1;613.4,369.9
67#760.8,580.2;759.9,504.2;706.2,512.4;649.6,519.0;642.5,566.5;652.1,642.9;678.5,517.3;668.6,402.1;667.4,395.9;666.9,337.6;711.1,399.5;745.4,413.6;707.0,402.5;624.4,398.0;586.0,398.8;614.9,379.0
68#761.7,589.4;756.9,512.7;707.4,513.9;649.6,519.2;636.6,563.3;644.9,639.6;679.3,517.9;668.8,401.2;667.1,395.6;666.0,337.7;706.1,384.5;742.1,402.5;706.8,400.9;624.8,399.2;589.4,406.5;616.5,388.0
69#762.5,598.6;754.0,521.2;708.6,515.5;649.5,519.5;630.6,560.0;637.7,636.2;680.1,518.5;668.9,400.4;666.7,395.3;665.2,337.9;701.0,369.6;738.8,391.3;706.5,399.3;625.1,400.5;592.8,414.3;618.1,397.1
70#763.4,607.9;751.1,529.8;709.8,517.1;649.4,519.8;624.7,556.7;630.6,632.9;680.9,519.1;669.0,399.5;666.4,395.1;664.3,338.0;695.9,354.7;735.4,380.2;706.2,397.7;625.4,401.8;596.1,422.0;619.7,406.2
71#764.3,617.1;748.2,538.3;711.0,518.7;649.4,520.0;618.8,553.5;623.4,629.6;681.6,519.7;669.1,398.7;666.1,394.8;663.4,338.1;690.8,339.8;732.1,369.1;705.9,396.1;625.8,403.1;599.5,429.8;621.2,415.2
72#765.2,626.3;745.3,546.8;712.2,520.3;649.3,520.3;612.8,550.2;616.2,626.3;682.4,520.3;669.2,397.8;665.8,394.5;662.5,338.2;685.7,324.9;728.8,358.0;705.6,394.5;626.1,404.4;602.9,437.5;622.8,424.3
73#763.5,637.3;739.9,569.8;709.5,519.1;655.4,519.1;601.4,536.0;618.3,613.7;682.4,519.1;658.8,400.9;658.8,394.2;648.7,340.2;675.7,309.8;709.5,346.9;696.0,390.8;621.7,411.1;611.5,455.0;635.2,441.5
74#765.8,643.9;745.8,580.5;705.7,520.3;652.3,523.7;588.8,517.0;615.6,593.8;679.0,520.3;649.0,403.4;645.6,396.8;635.6,340.0;674.0,301.6;692.4,336.6;679.0,390.1;615.6,413.5;595.5,450.2;572.1,436.8
75#763.6,644.7;738.8,576.5;698.5,520.7;648.8,523.8;580.6,502.1;605.4,573.4;673.7,520.7;642.6,405.9;639.5,402.8;627.1,343.9;669.0,317.5;689.2,353.2;673.7,393.5;605.4,418.3;593.0,471.1;608.5,464.8
76#756.0,640.0;740.4,571.2;695.1,524.8;646.1,532.7;582.3,501.5;597.1,569.1;670.2,528.1;639.5,415.7;636.6,410.3;623.7,355.6;671.7,339.6;686.8,363.4;672.7,404.1;602.1,425.6;592.2,481.7;590.8,459.1
77#748.5,635.4;741.9,565.8;691.7,528.9;643.4,541.6;583.9,501.0;588.9,564.8;666.8,535.6;636.3,425.5;633.6,417.7;620.3,367.2;674.3,361.8;684.5,373.7;671.8,414.6;598.9,433.0;591.4,492.3;573.2,453.5
78#740.9,630.7;743.5,560.5;688.3,533.0;640.7,550.5;585.6,500.4;580.6,560.5;663.3,543.0;633.2,435.3;630.7,425.2;616.9,378.9;677.0,383.9;682.1,383.9;670.8,425.2;595.6,440.3;590.6,502.9;555.5,447.8
79#716.8,611.3;743.9,552.0;684.7,547.1;628.0,554.5;583.6,517.5;578.6,584.1;657.6,552.0;630.4,441.0;630.4,436.1;623.0,384.3;684.7,406.5;694.6,436.1;667.4,436.1;591.0,446.0;558.9,431.2;558.9,379.4
80#694.6,593.6;739.9,539.6;679.4,554.7;625.4,556.9;586.6,537.4;577.9,606.6;651.4,556.9;631.9,455.3;629.8,442.4;631.9,392.7;685.9,420.8;694.6,451.0;668.6,453.2;590.9,453.2;562.8,422.9;556.3,388.4
81#687.0,586.2;720.9,529.0;674.2,558.7;619.1,560.8;591.5,548.0;580.9,624.4;648.8,560.8;636.1,454.7;636.1,446.2;640.3,397.4;691.2,437.7;697.6,478.0;672.1,452.6;595.8,452.6;561.8,435.6;559.7,401.7
82#692.3,559.9;706.9,528.6;671.5,553.6;623.4,551.5;598.4,568.2;581.7,643.4;648.5,553.6;642.2,459.7;644.3,449.2;653.7,406.4;688.2,534.8;688.2,501.4;681.9,457.6;602.5,455.5;562.9,453.4;560.8,424.2
83#618.8,623.9;702.3,526.9;677.5,558.5;623.3,560.7;594.0,605.8;585.0,657.7;643.6,560.7;648.2,459.2;650.4,447.9;656.0,404.0;704.5,477.3;713.6,495.3;691.0,461.5;607.5,452.5;566.9,461.5;562.4,434.4
84#675.0,611.5;706.8,530.6;679.9,557.6;630.9,555.1;599.0,604.1;589.2,660.5;652.9,555.1;655.4,457.2;655.4,444.9;661.5,402.1;689.7,501.3;714.2,508.6;694.6,457.2;611.3,454.7;613.7,501.3;633.3,493.9
85#670.1,630.9;687.5,563.8;682.6,548.9;632.8,546.4;598.0,603.6;590.6,650.8;657.7,546.4;657.7,451.9;660.2,439.5;663.9,391.0;702.5,494.2;732.3,509.1;700.0,451.9;617.9,449.4;617.9,494.2;635.3,484.2
86#674.0,641.7;681.7,572.8;691.9,539.7;640.9,542.2;602.6,567.7;600.1,641.7;666.4,542.2;661.3,447.8;661.3,435.1;660.0,385.3;709.7,486.1;748.0,486.1;704.6,447.8;620.5,450.4;615.4,483.5;643.4,481.0
87#679.5,657.2;687.7,586.0;693.2,542.2;644.0,539.5;608.4,542.2;613.9,616.1;668.6,542.2;663.1,446.5;665.8,432.8;664.5,384.9;717.8,476.6;761.6,462.9;704.1,443.7;624.8,449.2;583.8,498.4;589.2,503.9
88#687.4,670.3;696.4,598.4;693.4,544.5;645.5,538.5;645.5,577.5;642.5,619.4;669.5,541.5;669.5,439.7;669.5,430.7;668.0,372.4;732.3,403.8;759.3,436.7;711.4,436.7;627.5,442.7;588.6,496.6;603.6,487.6
89#694.0,681.5;697.0,599.3;691.0,532.4;642.3,529.3;605.7,547.6;602.7,568.9;666.6,532.4;672.7,435.0;672.7,428.9;677.3,372.6;750.3,372.6;760.9,410.7;715.3,432.0;627.0,438.0;584.4,486.7;590.5,511.1
90#700.7,679.9;703.9,604.5;694.1,542.3;645.0,535.8;628.6,562.0;612.2,575.1;667.9,539.0;674.5,434.2;674.5,427.7;676.1,367.1;759.6,378.5;762.9,414.6;717.0,431.0;631.9,434.2;579.5,473.5;599.1,480.1
91#702.3,659.0;713.8,587.2;693.7,532.6;653.5,532.6;670.7,572.8;613.3,587.2;673.6,532.6;670.7,432.2;670.7,426.4;675.0,373.3;765.4,394.8;756.8,426.4;713.8,426.4;630.5,435.0;573.1,455.1;610.4,458.0
92#712.4,643.7;727.6,583.1;697.3,525.0;651.8,522.5;702.3,575.5;735.1,631.0;674.5,525.0;674.5,429.0;674.5,416.4;675.8,379.8;770.5,416.4;760.4,444.2;712.4,424.0;636.7,431.5;581.1,436.6;629.1,411.3
93#737.5,638.5;742.7,557.9;695.9,524.1;654.3,526.7;703.7,576.1;727.1,648.8;675.1,526.7;672.5,427.9;672.5,425.3;679.0,374.6;771.3,433.1;758.3,451.3;711.5,427.9;636.1,425.3;597.1,407.1;632.2,379.8
94#746.1,606.2;748.9,531.2;702.8,516.7;656.6,528.3;705.7,583.1;728.8,663.9;676.8,522.5;673.9,427.3;676.8,427.3;679.7,369.6;769.1,444.6;754.7,459.1;714.3,430.2;639.3,427.3;633.6,372.5;623.5,359.5
95#752.4,574.3;752.4,503.9;709.6,519.2;663.7,525.3;697.3,589.6;731.0,663.0;685.1,525.3;679.0,427.4;679.0,427.4;692.8,364.6;773.9,458.0;761.6,476.3;718.8,430.4;642.3,421.3;631.5,370.8;669.8,454.9
96#744.9,555.2;748.1,487.8;712.8,519.9;674.3,532.7;693.6,603.4;735.3,683.6;690.3,523.1;680.7,430.0;683.9,426.8;708.0,364.2;780.2,471.7;761.0,474.9;719.2,433.2;645.4,426.8;639.0,471.7;664.7,494.2
97#729.1,558.1;735.3,548.7;719.7,520.6;682.2,529.9;691.6,595.6;710.3,661.2;704.1,523.7;697.8,426.8;700.9,420.6;715.0,369.0;788.4,492.4;769.7,479.9;738.4,429.9;660.3,423.7;654.1,461.2;679.1,486.2
98#765.8,529.0;757.5,515.2;729.9,512.5;685.7,520.7;680.2,592.5;694.0,653.3;707.8,512.5;710.6,426.8;713.3,413.0;728.5,367.5;790.7,504.2;785.1,484.8;752.0,432.4;666.4,424.1;660.9,468.3;685.7,468.3
99#773.0,547.1;770.5,496.9;737.8,506.9;690.1,514.5;672.5,577.2;685.1,640.0;710.2,509.4;720.2,424.0;725.3,409.0;739.1,372.5;788.0,527.0;798.1,481.8;762.9,434.1;677.5,411.5;642.4,444.1;677.5,456.7
100#763.2,562.2;773.3,509.5;744.0,510.3;695.4,512.8;669.5,563.0;678.7,629.1;718.0,511.1;730.6,424.9;736.5,410.7;747.3,368.0;797.5,488.5;816.8,471.0;774.9,432.5;689.5,414.9;664.5,452.5;697.9,455.9
101#753.5,577.3;776.1,522.0;750.1,513.7;700.8,511.2;666.4,548.8;672.3,618.3;725.9,512.8;740.9,425.8;747.6,412.5;755.6,363.4;807.0,450.1;835.5,460.1;786.9,430.8;701.6,418.3;686.5,461.0;718.3,455.1
102#743.7,592.4;778.9,534.6;756.3,517.1;706.1,509.5;663.4,534.6;665.9,607.4;733.7,514.5;751.3,426.7;758.8,414.2;763.8,358.9;816.5,411.6;854.2,449.3;798.9,429.2;713.6,421.7;708.6,469.4;738.7,454.3
103#745.6,615.4;778.7,546.4;762.2,529.9;709.8,521.6;668.4,518.8;671.2,593.3;740.1,524.3;764.9,419.6;767.7,416.8;773.2,361.6;833.9,383.7;855.9,422.3;803.5,425.1;726.3,414.0;673.9,414.0;709.8,375.4
104#748.6,631.0;783.2,558.9;768.7,527.2;719.7,518.6;667.8,504.2;682.3,576.2;745.7,524.3;771.6,420.6;774.5,417.7;780.3,365.8;846.6,362.9;855.2,403.3;809.1,420.6;737.0,417.7;690.9,406.2;714.0,368.7
105#750.7,648.1;778.8,583.4;776.0,527.1;733.8,515.9;686.0,490.6;700.1,558.1;753.5,521.5;778.8,417.4;778.8,417.4;785.9,362.6;853.4,362.6;863.2,397.8;818.2,420.3;742.3,411.8;694.5,417.4;719.8,386.5
106#766.4,655.6;780.4,585.7;783.2,518.5;744.0,507.3;696.4,479.3;679.6,566.1;766.4,512.9;783.2,412.1;786.0,412.1;790.2,360.4;861.6,378.6;875.6,409.3;822.4,414.9;744.0,409.3;699.2,428.9;744.0,434.5
107#771.6,644.5;791.3,579.7;791.3,512.1;749.0,500.8;743.4,548.7;681.4,582.5;768.8,506.4;785.7,413.4;788.5,405.0;795.5,361.3;864.6,396.5;878.7,430.3;828.0,416.2;740.6,410.6;706.8,441.6;746.2,444.4
108#780.5,627.1;801.4,567.2;798.8,504.7;754.5,494.3;744.0,564.6;691.9,598.5;775.3,502.1;790.9,413.5;790.9,403.1;800.1,352.3;866.5,413.5;882.1,447.4;832.6,410.9;749.2,408.3;712.8,444.8;738.8,444.8
109#802.3,601.1;824.0,544.2;813.2,506.3;764.4,506.3;731.9,500.9;750.8,579.5;788.8,506.3;796.9,408.8;799.6,400.7;803.7,347.8;856.5,438.6;886.3,452.1;837.5,411.5;756.3,408.8;721.0,446.7;750.8,444.0
110#826.3,577.2;849.7,523.3;819.2,499.8;770.0,499.8;746.6,525.6;756.0,598.3;795.8,499.8;805.2,408.4;807.5,396.7;813.4,351.0;852.0,438.9;887.2,450.6;845.0,410.8;765.3,406.1;727.8,448.3;760.6,448.3
111#850.5,555.2;873.9,501.8;827.0,495.4;780.1,499.7;756.6,548.8;758.7,612.8;805.7,497.6;812.1,408.0;816.3,388.8;823.8,357.9;861.1,437.9;893.1,448.5;852.6,410.1;773.7,403.7;731.0,446.4;763.0,452.8
112#870.4,535.7;803.8,527.4;837.1,502.4;790.0,505.2;770.6,560.6;762.3,629.9;814.9,505.2;820.5,405.4;823.2,391.6;830.2,356.9;867.6,530.1;906.4,447.0;864.8,408.2;778.9,402.6;734.6,438.7;759.5,438.7
113#889.3,526.4;892.0,463.9;848.5,504.6;802.3,504.6;783.3,561.7;764.3,632.3;824.1,501.9;829.5,401.4;832.2,387.8;836.3,362.0;886.6,520.9;919.2,434.0;873.0,404.1;786.0,398.7;745.3,436.7;772.5,431.3
114#900.8,532.9;902.2,469.0;857.3,504.5;810.7,505.7;792.4,556.1;783.4,623.3;832.6,503.1;834.0,403.7;836.3,390.0;840.3,362.2;889.1,502.4;920.0,432.6;876.6,404.3;791.2,402.9;757.4,441.0;784.0,434.1
115#912.3,539.3;912.5,474.2;866.2,504.4;819.1,506.8;801.4,550.5;802.5,614.4;841.1,504.2;838.5,406.1;840.5,392.3;844.3,362.4;891.6,483.8;920.8,431.1;880.1,404.5;796.3,407.1;769.6,445.4;795.5,436.8
116#923.8,545.8;922.7,479.3;875.0,504.3;827.5,507.9;810.5,544.9;821.6,605.4;849.6,505.4;843.0,408.4;844.6,394.5;848.3,362.6;894.1,465.3;921.6,429.7;883.7,404.7;801.5,411.3;781.7,449.7;807.0,439.6
117#935.3,552.3;933.0,484.5;883.8,504.3;835.9,508.9;819.6,539.2;840.7,596.5;858.2,506.6;847.6,410.8;848.7,396.8;852.2,362.9;896.7,446.8;922.3,428.3;887.3,404.9;806.6,415.5;793.9,454.1;818.4,442.4
118#946.8,558.8;943.2,489.6;892.6,504.2;844.3,510.0;828.7,533.6;859.8,587.5;866.7,507.8;852.1,413.1;852.8,399.0;856.2,363.1;899.2,428.3;923.1,426.9;890.9,405.1;811.8,419.7;806.0,458.4;829.9,445.2
119#958.3,565.2;953.5,494.8;901.5,504.1;852.7,511.1;837.7,528.0;878.9,578.6;875.2,508.9;856.6,415.5;857.0,401.3;860.2,363.3;901.7,409.7;923.9,425.4;894.4,405.3;816.9,423.9;818.2,462.8;841.4,447.9
120#969.8,571.7;963.7,499.9;910.3,504.0;861.1,512.2;846.8,522.4;898.0,569.6;883.7,510.1;861.1,417.8;861.1,403.5;864.2,363.5;904.2,391.2;924.7,424.0;898.0,405.5;822.1,428.1;830.3,467.1;852.9,450.7
121#974.1,564.0;969.8,495.0;920.2,505.8;866.3,518.7;859.8,540.3;902.9,596.4;892.1,512.3;868.4,415.2;868.4,402.3;873.8,364.6;896.5,439.0;928.8,434.6;902.9,406.6;827.5,426.0;838.2,477.8;855.5,454.0
122#982.5,553.2;977.5,486.0;922.7,508.4;872.9,520.9;872.9,560.7;910.3,625.5;895.3,513.4;870.4,418.8;872.9,406.3;889.1,357.8;902.8,448.6;930.2,441.2;907.8,413.8;833.1,423.7;830.6,478.5;863.0,463.6
123#985.0,542.9;982.5,472.1;921.8,505.0;878.8,522.7;888.9,578.3;911.7,636.5;899.0,512.6;878.8,419.0;881.3,408.9;897.8,359.5;909.1,451.9;937.0,451.9;916.7,416.5;840.9,421.5;815.6,467.0;861.1,469.6
124#974.4,529.5;979.6,464.2;924.8,503.4;883.0,516.5;896.1,584.4;911.8,647.0;906.5,513.9;880.4,419.9;885.6,406.8;905.2,368.9;917.0,453.8;948.3,448.6;919.6,417.2;841.2,419.9;807.3,456.4;841.2,466.9
125#952.9,528.7;981.2,462.0;924.7,505.6;888.7,518.5;893.9,582.7;906.7,654.6;904.1,510.8;888.7,418.3;891.3,408.0;910.5,373.4;934.9,446.5;965.8,441.4;927.2,418.3;845.1,418.3;801.4,446.5;832.2,446.5
126#948.0,544.7;970.6,479.2;921.9,508.2;884.2,520.5;891.4,586.1;903.5,656.9;900.9,513.5;892.5,421.7;894.2,414.9;913.8,374.0;958.0,440.5;968.5,442.6;930.0,422.6;851.5,420.8;810.1,422.7;836.1,420.9
127#943.2,560.6;959.9,496.3;919.2,510.9;879.8,522.5;888.8,589.6;900.4,659.2;897.7,516.3;896.2,425.2;897.1,421.7;917.2,374.6;981.0,434.6;971.3,443.8;932.8,427.0;857.9,423.3;818.7,399.0;839.9,395.3
128#938.3,576.6;949.3,513.5;916.4,513.5;875.3,524.5;886.3,593.0;897.2,661.5;894.5,519.0;900.0,428.6;900.0,428.6;920.5,375.2;1004.1,428.6;974.0,445.0;935.6,431.3;864.3,425.8;827.4,375.2;843.8,369.7
129#933.0,595.6;943.8,525.8;914.2,515.1;868.6,517.7;890.1,579.5;892.8,646.6;892.8,517.7;900.8,434.6;900.8,434.6;922.3,386.3;1002.8,442.6;989.4,453.3;938.4,437.2;860.6,426.5;832.4,382.2;827.0,382.2
130#936.0,610.2;944.0,541.0;906.7,514.4;864.1,519.8;890.7,557.0;888.1,618.2;885.4,517.1;901.4,437.3;901.4,440.0;930.7,397.4;999.8,466.6;970.6,458.6;933.3,440.0;872.1,434.6;864.1,466.6;874.8,482.5
131#936.1,625.1;940.1,551.9;903.6,517.4;860.9,519.4;887.3,543.8;879.2,596.7;883.2,517.4;899.5,442.1;899.5,444.2;926.9,406.6;997.1,468.6;980.8,476.7;934.0,446.2;867.0,436.0;854.8,468.6;881.2,493.0
132#936.1,635.5;940.2,560.0;899.4,515.1;856.5,515.1;889.2,539.6;885.1,596.7;877.0,515.1;899.4,443.6;899.4,445.7;924.9,414.0;999.4,490.6;977.0,478.3;932.1,449.8;866.7,435.5;864.7,482.4;897.4,504.9
133#930.2,640.3;940.7,566.2;890.0,517.6;854.0,515.5;894.2,570.5;883.6,619.1;870.9,517.6;900.6,443.5;898.4,449.9;922.8,412.9;997.9,515.5;978.8,488.0;932.3,452.0;868.8,437.2;860.4,481.6;883.6,498.5
134#905.7,626.4;942.1,563.7;885.5,521.2;845.0,513.1;895.6,571.8;883.4,634.5;863.2,519.2;903.7,448.4;903.7,448.4;927.0,421.0;998.8,527.3;974.5,494.9;936.1,456.5;869.3,438.2;861.2,486.8;887.5,513.1
135#895.8,637.9;937.7,568.6;876.9,518.3;843.3,512.0;889.5,551.9;887.4,644.2;860.1,514.1;906.3,451.2;910.5,442.8;930.4,422.9;996.5,541.4;973.4,503.6;935.6,459.6;881.1,436.5;830.8,455.4;889.5,507.8
136#873.2,590.5;933.3,570.5;883.2,525.4;845.7,515.4;880.7,595.5;885.7,655.5;863.2,520.4;903.2,445.4;905.7,442.9;937.0,399.1;975.8,525.4;973.3,500.4;938.3,457.9;870.7,430.4;818.2,457.9;823.2,495.4
137#857.0,578.3;922.6,573.0;880.6,528.5;849.2,520.6;893.7,552.1;875.4,622.8;867.5,523.2;904.2,439.4;906.8,434.1;937.0,385.6;975.0,528.5;972.4,497.0;940.9,455.1;867.5,426.2;820.3,457.7;820.3,510.1
138#837.6,570.3;912.6,573.1;883.7,521.2;857.7,518.3;892.4,584.7;877.9,630.8;872.2,518.3;901.0,437.6;906.8,428.9;931.3,375.5;970.3,529.9;967.4,492.4;938.5,449.1;866.4,423.1;817.4,449.1;852.0,457.7
139#829.0,577.2;900.5,565.3;888.6,508.8;855.8,505.8;888.6,583.2;873.7,642.7;873.7,508.8;900.5,425.4;903.4,416.5;931.7,370.4;965.9,517.7;963.0,482.0;939.2,434.4;861.8,413.5;811.2,431.4;840.9,431.4
140#834.7,587.5;887.6,553.2;890.7,494.1;856.4,491.0;868.9,587.5;875.1,637.2;872.0,494.1;903.1,413.2;906.2,403.9;935.8,358.8;962.2,503.4;956.0,466.1;940.4,425.7;865.8,400.8;822.2,416.3;837.8,425.7
141#846.0,599.8;883.6,546.6;889.8,484.0;855.4,477.8;867.9,546.6;824.1,540.3;871.0,480.9;905.5,405.8;905.5,399.5;932.1,344.8;958.7,487.1;949.3,462.1;936.8,415.2;874.2,396.4;861.7,437.1;877.3,462.1
142#863.0,613.5;877.3,550.7;880.1,479.2;851.6,473.5;860.1,550.7;848.7,619.2;865.9,476.4;900.1,396.4;903.0,387.8;927.3,337.8;948.7,473.5;943.0,450.7;928.7,407.8;871.6,384.9;874.4,419.2;888.7,447.8
143#878.2,604.5;886.6,534.7;878.2,470.5;847.5,467.7;853.1,540.3;839.2,615.6;861.5,470.5;897.8,389.6;900.6,378.4;920.1,328.2;942.4,459.3;936.8,442.6;920.1,397.9;872.6,381.2;889.4,328.2;895.0,439.8
