1#693.6,683.7;679.2,601.1;779.8,644.2;772.6,655.0;751.1,744.8;785.2,793.3;772.6,644.2;711.6,532.9;711.6,532.9;690.0,468.2;650.5,382.0;693.6,439.5;736.7,504.1;682.8,547.2;625.4,500.5;603.8,446.7
2#697.2,685.5;676.1,601.0;778.2,639.7;771.2,653.8;739.5,745.4;762.4,789.4;771.2,643.2;711.3,523.5;711.3,527.0;686.7,463.6;655.0,382.6;697.2,435.5;736.0,505.9;683.2,544.6;626.8,502.4;605.7,449.6
3#693.6,682.9;673.3,598.1;761.7,624.0;749.3,636.2;712.2,712.9;734.5,760.6;752.4,626.7;698.4,508.0;698.4,509.5;676.3,444.9;659.9,385.4;698.2,430.1;726.9,490.4;667.6,527.5;612.8,496.9;598.3,452.3
4#689.9,680.3;670.4,595.3;745.2,608.3;727.4,618.5;684.9,680.5;706.6,731.7;733.5,610.3;685.4,492.4;685.4,492.0;665.9,426.1;664.8,388.2;699.2,424.8;717.8,474.9;651.9,510.4;598.8,491.5;590.9,455.1
5#686.3,677.8;667.6,592.4;728.7,592.7;705.4,600.9;657.6,648.0;678.7,702.9;714.7,593.8;672.5,476.9;672.5,474.6;655.5,407.4;669.7,391.1;700.2,419.4;708.7,459.4;636.3,493.3;584.8,486.0;583.5,457.8
6#682.6,675.2;664.7,589.5;712.2,577.0;683.5,583.3;630.3,615.6;650.8,674.1;695.9,577.4;659.5,461.4;659.5,457.1;645.1,388.6;674.6,393.9;701.2,414.0;699.6,443.9;620.7,476.2;570.8,480.6;576.1,460.5
7#679.0,672.6;661.9,586.7;695.6,561.3;661.6,565.6;603.0,583.1;622.8,645.2;677.0,560.9;646.6,445.8;646.6,439.6;634.6,369.9;679.6,396.7;702.2,408.7;690.4,428.3;605.0,459.0;556.8,475.1;568.7,463.3
8#675.3,670.0;659.0,583.8;679.1,545.6;639.7,548.0;575.7,550.7;594.9,616.4;658.2,544.5;633.6,430.3;633.6,422.1;624.2,351.1;684.5,399.5;703.2,403.3;681.3,412.8;589.4,441.9;542.8,469.7;561.3,466.0
9#671.7,667.5;656.2,580.9;662.6,530.0;617.7,530.4;548.4,518.2;567.0,587.6;639.4,528.0;620.7,414.8;620.7,404.7;613.8,332.4;689.4,402.4;704.2,397.9;672.2,397.3;573.8,424.8;528.8,464.2;553.9,468.7
10#668.0,664.9;653.3,578.1;646.1,514.3;595.8,512.7;521.1,485.8;539.1,558.7;620.5,511.6;607.7,399.2;607.7,387.2;603.4,313.6;694.3,405.2;705.2,392.6;663.1,381.8;558.1,407.7;514.8,458.8;546.5,471.5
11#664.4,662.3;650.5,575.2;629.6,498.6;573.9,495.1;493.8,453.3;511.2,529.9;601.7,495.1;594.8,383.7;594.8,369.7;593.0,294.9;699.2,408.0;706.2,387.2;654.0,366.3;542.5,390.6;500.8,453.3;539.1,474.2
12#633.5,635.3;626.3,548.7;611.9,480.0;554.1,469.2;474.6,447.5;503.5,537.8;583.0,472.8;572.1,357.3;572.1,350.0;563.1,279.6;705.8,411.4;687.7,371.7;626.3,350.0;514.4,368.1;471.0,415.0;532.4,407.8
13#593.0,628.8;604.5,536.4;587.2,458.5;532.4,461.4;468.9,458.5;500.6,548.0;561.2,458.5;546.8,345.9;546.8,331.5;545.4,269.4;636.3,369.0;650.7,348.8;598.8,334.4;492.0,345.9;437.1,374.8;471.7,369.0
14#565.3,590.2;597.8,507.4;559.4,457.2;503.2,457.2;456.0,466.0;491.4,551.7;535.7,460.1;526.9,339.0;526.9,330.1;528.4,266.6;562.3,300.6;612.6,327.1;574.2,339.0;470.7,341.9;405.7,353.7;458.9,279.9
15#533.0,566.4;591.5,492.5;533.0,471.0;471.4,474.0;428.3,471.0;462.2,554.1;502.2,474.0;505.3,344.8;508.4,338.6;523.8,270.9;520.7,357.1;548.4,381.7;557.6,341.7;456.0,344.8;391.4,338.6;406.8,286.3
16#517.1,545.2;551.6,481.5;509.1,497.4;442.8,486.8;400.3,478.8;426.9,561.1;474.6,489.5;490.6,362.0;493.2,351.4;503.8,290.4;487.9,383.3;525.1,409.8;538.3,362.0;450.7,359.4;418.9,372.7;403.0,298.3
17#515.3,535.2;531.8,490.1;482.5,502.4;412.8,502.4;371.8,479.8;388.2,545.5;445.6,502.4;470.2,375.3;472.3,362.9;484.6,313.7;498.9,332.2;523.5,379.4;513.3,367.0;431.3,371.2;365.6,385.5;392.3,332.2
18#492.0,504.1;534.6,475.7;461.3,523.0;392.7,523.0;331.2,473.4;345.4,551.4;423.5,523.0;440.0,397.7;449.5,383.5;463.7,329.1;487.3,324.4;503.9,374.0;499.1,378.8;402.2,364.6;359.6,409.5;383.2,397.7
19#512.8,593.8;512.8,512.1;436.2,540.1;364.7,529.9;288.2,481.4;313.7,555.5;403.0,535.0;418.4,412.5;423.5,399.7;443.9,341.0;479.6,351.2;494.9,404.9;466.9,417.6;364.7,404.9;357.1,430.4;392.8,430.4
20#511.2,629.6;487.0,546.1;411.6,554.2;338.9,546.1;268.8,503.0;295.8,578.4;379.3,551.5;390.0,430.3;395.4,411.5;414.3,352.2;481.6,387.2;481.6,435.7;441.2,433.0;338.9,419.5;344.3,473.4;371.2,451.9
21#506.8,647.7;455.5,564.1;382.7,558.7;323.3,558.7;266.6,539.8;290.9,615.4;347.6,558.7;366.5,439.9;371.9,423.7;394.8,363.0;479.8,418.3;466.3,461.5;420.4,442.6;315.2,429.1;312.5,485.8;347.6,477.7
22#481.4,657.0;441.7,572.4;354.5,561.8;291.1,559.2;251.5,561.8;285.8,646.4;328.1,561.8;351.9,448.2;357.2,432.3;377.0,378.2;465.5,448.2;452.3,485.2;402.1,456.1;296.4,435.0;285.8,495.8;317.5,487.8
23#441.5,653.5;428.0,561.8;341.7,569.9;276.9,567.2;255.4,594.1;279.6,672.3;309.3,569.9;341.7,456.6;349.8,437.7;370.0,385.1;468.5,478.1;444.2,497.0;395.6,467.4;290.4,437.7;271.5,494.3;301.2,486.2
24#405.8,629.6;426.3,544.6;335.4,571.0;273.9,568.0;268.0,620.8;273.9,708.8;309.0,568.0;344.2,456.6;347.1,442.0;369.1,381.9;473.2,500.6;435.1,515.3;394.1,474.2;297.3,433.2;268.0,486.0;297.3,488.9
25#382.2,605.7;382.2,536.1;335.9,562.2;278.0,553.5;278.0,643.3;278.0,724.4;309.8,559.3;350.4,452.1;356.2,443.5;386.6,389.9;472.0,518.8;422.8,524.6;393.8,475.3;306.9,429.0;275.1,475.3;301.1,486.9
26#383.5,585.5;404.4,525.6;338.6,552.6;290.8,555.5;284.8,657.2;278.8,743.9;314.7,552.6;365.5,453.9;371.5,441.9;402.9,389.6;470.2,534.6;425.3,537.6;404.4,480.8;329.7,427.0;293.8,477.8;401.4,522.7
27#395.5,586.8;418.6,527.4;349.4,553.8;296.6,547.2;286.7,656.0;273.6,748.3;323.0,550.5;382.4,458.2;388.9,445.0;423.6,387.3;478.0,550.5;431.8,540.6;421.9,484.6;349.4,428.5;309.8,481.3;395.5,520.8
28#403.0,614.4;421.2,541.7;359.4,552.7;308.5,552.7;290.3,658.1;275.8,752.6;333.9,552.7;395.7,450.9;403.0,443.6;446.6,378.2;490.2,574.5;446.6,545.4;439.3,480.0;359.4,421.8;333.9,367.3;390.3,347.3
29#406.7,640.9;450.9,567.1;377.2,559.7;325.5,559.7;303.4,663.0;288.7,755.2;351.3,559.7;414.0,449.1;417.7,441.7;458.3,375.4;502.5,585.5;473.0,541.3;462.0,478.6;369.8,415.9;347.7,360.6;386.4,340.3
30#417.8,656.6;463.7,575.4;396.7,561.3;340.2,561.3;322.6,660.1;312.0,758.9;368.4,561.3;428.4,444.9;431.9,437.9;463.7,370.8;509.5,579.0;506.0,540.2;477.8,476.7;382.5,413.2;372.0,356.7;373.7,337.3
31#426.1,679.3;472.5,590.4;418.3,559.5;360.4,555.6;344.9,652.2;341.0,745.0;387.4,555.6;441.5,443.5;441.5,435.8;468.6,370.1;511.1,551.8;530.4,520.8;487.9,466.7;395.1,420.3;383.5,346.9;397.1,314.0
32#432.6,697.1;473.9,610.8;432.6,558.2;380.1,550.7;361.3,629.5;361.3,727.1;406.3,554.5;447.6,434.3;451.4,426.8;477.7,363.0;519.0,494.4;552.7,498.2;492.7,453.1;406.3,408.1;387.6,344.2;412.0,308.6
33#437.9,711.0;479.0,628.8;458.4,553.4;400.2,550.0;372.8,611.7;383.1,693.9;427.6,553.4;458.4,430.1;461.9,419.8;475.6,354.8;527.0,464.4;564.6,471.2;509.8,443.8;410.5,416.4;383.1,354.8;419.0,329.1
34#445.6,721.1;474.4,641.9;474.4,555.5;416.8,541.1;377.2,584.3;406.0,652.7;445.6,548.3;463.6,418.6;463.6,407.8;470.8,339.4;528.4,436.6;568.0,440.2;517.6,418.6;416.8,411.4;388.0,371.8;416.8,335.8
35#462.4,718.9;484.8,632.8;488.6,539.2;432.4,531.7;383.8,554.1;421.2,625.3;458.6,535.4;469.9,404.4;469.9,400.6;468.0,327.6;537.3,374.4;571.0,408.1;526.0,404.4;417.5,396.9;406.2,374.4;432.4,352.0
36#475.2,692.3;504.2,616.2;496.9,532.9;442.6,525.7;395.5,543.8;439.0,623.5;467.9,529.3;475.2,398.8;478.8,395.2;469.8,321.0;535.0,328.2;576.6,380.7;529.5,391.6;424.5,395.2;417.2,427.8;439.0,380.7
37#484.6,651.5;517.3,589.4;504.3,524.0;448.7,517.5;409.4,537.1;445.4,631.9;474.8,524.0;487.9,393.2;484.6,386.7;483.0,316.4;561.5,309.9;579.5,360.5;533.7,386.7;435.6,393.2;425.8,429.2;455.2,422.7
38#502.8,612.2;537.3,546.4;512.2,518.2;449.5,511.9;430.7,552.7;446.4,640.4;480.9,515.0;493.4,392.8;493.4,383.4;496.6,317.6;582.8,309.7;584.3,348.9;543.6,386.5;440.1,395.9;427.6,446.1;452.7,433.5
39#516.8,587.1;553.3,523.1;513.7,514.0;452.8,511.0;443.7,559.7;443.7,644.9;483.3,511.0;501.6,392.2;504.6,386.1;515.3,317.6;594.4,311.5;589.9,340.4;553.3,386.1;446.8,398.3;428.5,456.1;449.8,437.9
40#541.5,574.2;566.7,498.8;519.6,514.5;453.6,511.4;447.3,571.1;444.2,649.6;488.1,514.5;510.1,401.5;513.3,388.9;527.4,321.4;596.5,315.1;598.1,357.5;554.1,395.2;456.7,401.5;428.5,464.3;450.5,458.0
41#569.4,586.3;578.1,501.8;531.5,507.6;464.4,504.7;458.6,548.4;467.3,641.7;493.5,507.6;519.8,399.7;519.8,391.0;528.5,326.8;607.3,332.6;610.2,379.3;566.5,396.8;467.3,399.7;426.5,469.7;464.4,443.4
42#583.5,622.5;575.4,525.6;529.7,509.5;470.4,512.2;486.6,531.0;483.9,614.4;497.4,512.2;521.6,401.8;524.3,388.4;536.4,327.8;610.4,350.7;615.8,396.4;570.0,396.4;465.1,404.5;424.7,471.8;462.4,455.6
43#585.6,643.0;574.1,547.8;533.7,513.1;473.1,513.1;473.1,504.5;493.3,585.3;504.8,513.1;522.1,400.6;525.0,386.2;532.2,321.3;611.6,374.7;614.4,412.2;571.2,394.9;467.3,403.5;424.1,469.9;470.2,478.5
44#590.0,659.3;580.7,572.8;537.5,520.3;475.7,517.2;457.1,486.3;466.4,551.2;509.6,517.2;518.9,396.7;518.9,387.4;532.8,321.0;614.7,396.7;611.6,427.6;574.5,393.6;463.3,399.8;426.2,461.6;469.5,473.9
45#595.1,666.5;579.3,587.8;541.6,518.6;478.6,509.2;491.2,540.6;466.1,575.2;510.1,509.2;519.5,392.7;519.5,383.3;527.4,318.8;617.1,417.9;610.8,446.2;566.7,395.9;469.2,392.7;418.9,446.2;469.2,439.9
46#597.4,673.4;580.4,581.8;543.1,507.2;475.2,503.8;522.7,537.7;475.2,592.0;505.8,503.8;522.7,391.8;522.7,381.7;526.1,313.8;627.9,435.9;604.2,446.1;573.6,395.2;475.2,388.4;414.2,425.8;437.9,412.2
47#585.4,662.0;588.7,574.4;544.9,500.3;487.7,500.3;534.8,564.3;484.3,604.7;514.6,500.3;524.7,392.6;524.7,382.5;528.1,315.1;639.2,456.6;608.9,459.9;575.3,399.3;474.2,382.5;427.1,406.1;487.7,419.5
48#572.3,638.9;588.5,570.8;552.9,499.5;501.0,499.5;539.9,587.0;494.5,625.9;526.9,502.8;533.4,392.6;533.4,379.7;533.4,314.9;617.7,486.6;611.2,476.9;582.0,402.3;488.1,386.1;478.3,438.0;497.8,460.7
49#564.1,611.1;590.2,550.2;564.1,500.8;511.8,497.9;523.4,529.9;543.7,605.3;535.0,497.9;540.8,396.4;543.7,378.9;545.2,316.5;625.0,495.0;619.2,477.6;590.2,405.1;497.3,384.7;485.7,437.0;508.9,448.6
50#571.3,581.0;596.9,518.5;571.3,495.7;514.5,495.7;534.4,549.8;545.7,626.5;542.9,495.7;545.7,390.5;548.6,376.3;555.7,320.8;631.0,509.9;633.9,473.0;599.8,404.7;494.5,382.0;449.0,407.6;454.7,370.6
51#616.7,571.1;600.6,564.6;587.7,503.3;529.6,506.5;532.8,577.5;548.9,648.5;558.6,506.5;555.4,390.3;558.6,377.4;563.5,311.2;645.8,493.6;658.7,467.8;610.3,403.2;503.7,380.6;458.5,419.3;474.7,380.6
52#619.2,595.0;603.2,572.6;596.8,495.8;539.2,505.4;532.8,591.8;548.8,668.5;568.0,502.2;568.0,390.2;568.0,374.2;572.8,311.8;657.6,444.6;676.8,447.8;619.2,393.4;516.8,383.8;468.8,435.0;472.0,399.8
53#624.1,600.4;603.4,562.5;603.4,486.9;548.4,500.6;538.1,586.6;545.0,672.6;575.9,493.7;572.5,387.1;572.5,373.4;577.6,306.3;668.8,411.2;682.5,418.1;624.1,387.1;520.9,387.1;479.6,442.1;462.4,428.4
54#622.6,606.2;619.2,534.0;608.9,489.3;553.8,496.2;529.8,578.7;543.5,654.4;581.4,492.7;581.4,386.1;581.4,375.8;572.8,305.3;660.5,379.2;688.0,382.7;629.5,382.7;533.2,382.7;485.1,451.5;467.9,454.9
55#623.8,624.1;617.1,544.4;607.2,497.9;550.7,497.9;527.4,554.4;540.7,620.8;580.6,497.9;580.6,381.6;580.6,375.0;578.9,303.5;645.4,303.5;676.9,345.1;630.4,371.6;527.4,394.9;487.6,461.3;484.2,448.1
56#624.2,649.3;620.7,564.5;610.1,497.2;553.5,490.2;511.0,507.9;535.8,582.1;581.8,497.2;574.7,380.5;578.2,373.4;571.2,306.2;629.5,286.8;670.2,320.4;631.3,362.8;525.2,394.7;489.8,465.4;482.7,490.2
57#628.8,666.6;625.3,584.9;604.0,492.5;547.1,489.0;497.4,478.3;529.4,542.3;575.5,489.0;564.9,386.0;564.9,371.7;556.0,298.9;662.6,306.0;664.4,346.9;614.6,368.2;511.6,396.6;483.2,467.7;483.2,517.4
58#633.7,664.1;620.1,578.9;603.0,483.4;538.2,480.0;500.7,510.7;524.6,575.5;568.9,480.0;551.9,381.1;548.5,364.0;536.5,300.9;575.8,428.8;603.0,425.4;599.6,370.8;500.7,391.3;470.0,462.9;476.9,520.9
59#632.3,659.7;619.2,568.2;586.6,473.5;527.8,470.3;531.0,545.4;508.2,571.5;557.2,473.5;540.8,372.3;537.6,352.7;522.9,302.1;645.3,356.0;661.7,378.8;593.1,356.0;488.6,385.4;459.2,450.7;459.2,509.4
60#630.9,627.8;625.5,541.6;575.3,461.0;517.5,462.2;527.3,534.1;513.2,577.7;546.9,463.2;536.0,360.7;533.9,343.3;523.5,287.1;645.0,369.6;646.1,382.6;587.3,351.0;483.7,370.6;440.0,423.9;469.6,463.1
61#629.5,595.9;631.7,515.1;563.9,448.5;507.2,454.0;523.5,522.8;518.1,584.0;536.7,452.9;531.2,349.2;530.1,333.9;524.2,272.2;644.8,383.1;630.6,386.3;581.4,345.9;478.8,355.7;420.9,397.2;479.9,416.7
62#628.1,564.0;638.0,488.5;552.6,436.0;496.9,445.9;519.8,511.5;523.1,590.2;526.4,442.6;526.4,337.6;526.4,324.5;524.8,257.2;644.5,396.7;615.0,390.1;575.6,340.9;473.9,340.9;401.7,370.4;490.3,370.4
63#628.8,522.5;642.3,448.4;548.0,421.5;494.2,435.0;517.8,515.7;517.8,596.5;521.1,431.6;521.1,323.9;524.5,310.5;529.5,248.2;645.6,404.7;618.7,381.1;575.0,330.6;467.3,320.6;400.0,323.9;423.5,323.9
64#621.6,480.5;646.7,412.3;549.8,412.3;495.9,426.6;506.7,516.4;517.5,599.0;521.1,415.9;521.1,308.2;524.7,297.4;526.5,223.8;628.8,376.4;621.6,362.0;578.5,311.8;470.8,301.0;467.2,351.3;488.8,347.7
65#609.4,436.9;624.8,351.9;543.8,390.5;493.6,398.3;501.3,510.2;512.9,598.9;516.8,398.3;520.6,286.3;524.5,274.8;530.3,203.4;628.7,340.4;632.6,336.5;574.7,290.2;470.5,278.6;466.6,324.9;493.6,328.8
66#601.2,410.2;605.0,342.0;540.5,368.5;491.2,379.9;495.0,486.1;502.6,573.3;517.7,372.3;525.3,258.5;525.3,250.9;529.1,182.7;623.9,304.0;642.9,296.4;574.6,266.1;476.0,247.1;464.6,296.4;510.1,285.1
67#599.7,398.1;622.1,319.6;543.6,349.5;495.0,360.7;491.3,469.1;487.5,547.6;517.4,357.0;524.9,241.1;524.9,237.4;538.0,164.5;603.4,248.6;652.0,259.8;573.5,248.6;472.6,222.4;438.9,181.3;448.3,164.5
68#606.8,395.1;628.2,312.8;545.9,327.1;492.3,341.4;474.4,441.6;474.4,523.9;520.9,334.2;528.1,216.1;531.6,212.6;538.8,144.6;628.2,226.9;660.4,230.5;585.3,223.3;478.0,209.0;427.9,183.9;451.1,135.6
69#609.1,397.1;619.8,314.8;546.1,306.9;491.7,317.7;463.8,405.0;468.8,487.3;521.0,312.6;523.9,194.5;526.7,188.1;532.1,123.4;609.0,209.6;639.8,213.9;579.7,198.1;473.8,190.3;430.9,180.9;449.5,136.6
70#611.4,399.2;611.4,316.9;546.2,286.8;491.1,293.9;453.2,368.4;463.2,450.7;521.2,291.0;519.8,172.9;521.9,163.7;525.5,102.1;589.9,192.3;619.2,197.3;574.1,172.9;469.7,171.5;433.9,177.9;447.8,137.5
71#613.7,401.2;602.9,318.9;546.4,266.6;490.6,270.2;442.6,331.7;457.6,414.1;521.3,269.5;515.6,151.4;517.0,139.2;518.8,80.9;570.7,175.0;598.6,180.8;568.6,147.8;465.5,152.8;436.9,175.0;446.2,138.5
72#616.0,403.3;594.5,321.0;546.5,246.5;490.0,246.4;432.0,295.1;452.0,377.5;521.5,247.9;511.5,129.8;512.2,114.8;512.2,59.6;551.6,157.7;578.0,164.2;563.0,122.6;461.4,134.0;439.9,172.0;444.5,139.4
73#618.3,405.3;586.1,323.0;546.7,226.3;489.4,222.7;421.4,258.5;446.4,340.9;521.6,226.3;507.3,108.2;507.3,90.3;505.5,38.4;532.4,140.4;557.4,147.6;557.4,97.4;457.2,115.3;442.9,169.0;442.9,140.4
74#613.3,401.8;587.1,313.4;544.5,218.4;492.1,208.6;416.8,225.0;439.7,306.9;518.3,215.1;495.4,100.5;495.4,84.1;490.4,23.5;521.6,136.5;537.9,143.1;537.9,90.7;449.5,107.1;429.9,179.1;472.4,162.7
75#611.3,390.6;591.2,306.8;540.9,213.0;490.6,209.6;416.9,199.5;433.6,283.3;514.1,213.0;487.3,99.0;487.3,88.9;478.9,20.2;519.1,20.2;550.9,45.4;534.2,82.2;437.0,109.1;406.8,172.7;447.1,169.4
76#604.1,381.1;594.6,295.4;534.3,219.3;480.4,216.1;426.4,197.0;423.2,270.0;505.8,216.1;477.2,105.0;477.2,95.5;462.9,27.2;526.4,33.6;553.4,73.3;531.2,92.3;426.4,117.7;391.5,155.8;435.9,149.4
77#589.8,365.5;598.7,288.0;521.3,228.4;470.6,228.4;425.9,204.5;414.0,276.1;497.4,225.4;470.6,112.1;470.6,106.2;460.2,42.1;530.2,58.5;557.0,100.2;521.3,100.2;422.9,121.1;366.3,144.9;408.0,133.0
78#562.8,344.1;603.0,278.2;522.7,235.2;456.8,229.5;425.2,218.0;413.8,295.4;488.3,232.3;468.2,117.6;468.2,117.6;462.5,57.4;537.0,86.1;557.1,129.1;511.2,106.2;425.2,126.2;367.9,137.7;402.3,129.1
79#537.5,327.6;599.3,271.4;517.9,246.2;453.3,249.0;422.5,249.0;408.4,330.4;484.2,249.0;473.0,142.3;473.0,133.9;470.2,72.2;543.1,117.1;554.4,162.0;517.9,133.9;430.9,145.1;430.9,184.4;461.8,159.2
80#521.4,328.2;570.0,266.7;518.8,274.4;457.4,277.0;421.5,284.7;411.3,369.2;480.4,277.0;475.3,166.9;475.3,154.1;474.0,93.9;549.5,156.6;557.2,195.1;518.8,159.2;434.3,166.9;431.8,218.1;459.9,205.3
81#521.7,343.2;575.7,266.5;521.7,297.8;456.4,294.9;425.1,334.7;410.9,411.4;487.6,294.9;484.8,186.9;484.8,178.4;487.6,115.9;553.0,198.3;564.4,232.4;530.3,186.9;439.3,184.1;430.8,226.7;396.7,121.6
82#492.0,390.5;571.3,290.6;518.5,308.2;459.7,314.1;424.5,372.8;412.7,446.3;486.2,311.2;489.1,208.3;489.1,199.5;493.5,133.4;533.2,255.3;562.5,270.0;530.2,208.3;448.0,202.5;401.0,228.9;468.5,237.7
83#502.2,417.9;545.2,347.3;520.7,325.8;462.3,328.8;431.6,402.5;416.3,476.2;490.0,328.8;496.1,218.3;496.1,212.2;500.7,149.2;563.6,304.3;560.6,279.7;539.1,221.4;450.0,215.2;437.8,258.2;462.3,258.2
84#500.5,458.2;528.8,392.3;525.6,342.1;469.2,342.1;431.5,411.1;415.8,483.3;497.4,342.1;500.5,232.3;500.5,222.9;502.1,158.6;544.4,279.4;575.8,295.1;544.4,238.6;453.5,229.2;419.0,266.8;422.1,270.0
85#500.2,487.4;522.7,423.2;529.1,359.0;471.3,352.6;429.6,410.4;416.8,487.4;500.2,355.8;503.4,249.8;503.4,233.8;501.8,171.2;567.7,291.6;603.0,301.2;554.8,249.8;448.9,246.6;400.7,301.2;391.1,310.8
86#505.5,522.6;525.3,450.1;531.9,367.6;472.6,357.7;429.7,397.3;433.0,466.6;502.2,364.3;508.8,258.7;508.8,245.5;507.2,181.2;588.0,278.5;621.0,291.7;558.3,262.0;456.1,255.4;403.3,314.8;400.0,337.9
87#508.9,548.9;526.5,471.3;530.1,376.1;477.2,365.5;438.4,372.6;452.5,446.6;501.9,369.1;508.9,263.3;508.9,252.7;514.2,187.5;590.0,266.8;628.8,280.9;558.3,263.3;459.6,263.3;403.2,323.2;399.6,355.0
88#515.1,561.9;529.7,474.1;526.1,386.4;471.2,379.1;438.3,379.1;427.4,419.3;500.5,382.7;515.1,269.4;515.1,258.4;516.9,198.1;602.9,221.8;632.1,262.1;566.3,265.7;463.9,265.7;398.1,320.6;398.1,360.8
89#518.1,563.6;531.3,481.0;524.7,385.1;475.1,375.1;531.3,444.6;554.5,481.0;501.6,378.4;518.1,266.0;518.1,256.1;519.8,214.8;638.8,221.4;623.9,262.7;564.4,262.7;471.8,269.3;399.1,312.3;498.3,335.5
90#518.8,557.2;540.9,475.1;525.1,377.1;477.7,370.8;540.9,452.9;563.0,500.3;503.0,377.1;518.8,269.6;518.8,266.5;520.4,208.0;632.5,250.7;626.2,279.1;563.0,266.5;477.7,266.5;461.9,313.9;487.2,323.4
91#529.2,537.1;554.6,470.5;526.1,381.7;475.4,372.2;551.4,445.1;551.4,511.7;503.9,378.6;516.6,270.8;516.6,267.6;521.3,205.8;637.0,274.0;624.3,302.5;560.9,270.8;469.0,270.8;399.3,286.6;478.5,308.8
92#544.7,514.6;577.9,451.4;521.4,381.6;478.2,381.6;521.4,438.1;544.7,504.6;494.8,381.6;518.1,271.9;518.1,271.9;524.7,205.4;644.4,291.8;617.8,311.8;561.3,275.2;468.2,268.6;421.7,258.6;607.8,301.8
93#561.8,492.5;589.9,422.3;526.7,376.6;477.5,383.6;523.2,450.4;544.2,524.1;502.1,383.6;512.6,271.3;512.6,271.3;533.7,208.0;642.5,313.4;614.5,320.4;561.8,278.3;467.0,264.2;482.8,192.2;607.4,331.0
94#575.9,455.6;595.8,395.9;539.4,366.0;479.7,379.3;522.8,465.6;542.7,541.9;509.5,372.6;519.5,269.8;519.5,266.5;537.7,201.7;625.7,316.2;619.0,329.5;562.6,279.7;479.7,263.1;466.4,312.9;496.2,326.2
95#580.7,428.9;599.6,359.7;539.8,359.7;486.4,375.4;514.7,469.8;543.0,551.5;514.7,366.0;530.4,265.4;533.6,262.2;554.0,200.9;640.5,350.3;618.5,337.7;577.6,277.9;489.5,255.9;467.5,306.2;495.8,325.1
96#572.5,394.2;611.4,344.8;551.3,358.9;498.3,369.5;512.4,468.4;530.1,549.7;523.0,362.4;537.2,267.0;537.2,256.4;567.2,191.1;636.1,362.4;618.4,344.8;590.2,274.1;491.2,252.9;448.8,270.6;466.5,270.6
97#567.7,399.3;577.9,335.1;561.0,352.0;506.9,362.1;503.5,460.1;513.7,541.2;537.3,358.7;550.8,260.7;554.2,254.0;572.8,191.5;645.4,375.6;628.5,331.7;594.8,270.9;510.3,247.2;476.5,294.5;446.1,291.1
98#632.1,416.2;582.8,419.5;576.2,350.4;523.6,357.0;500.6,452.3;503.9,527.9;549.9,353.7;566.4,255.1;566.4,251.8;584.4,184.4;655.1,376.7;648.5,327.4;609.1,268.3;523.6,245.3;467.8,278.1;471.0,311.0
99#581.8,430.1;613.3,360.7;584.9,348.1;528.2,348.1;496.7,439.5;496.7,521.5;559.7,348.1;575.5,256.7;578.6,247.2;599.1,185.8;666.9,357.6;670.1,329.2;622.8,269.3;525.1,250.4;468.3,285.1;503.0,310.3
100#584.8,446.7;616.1,379.8;594.9,349.8;539.6,346.3;496.9,422.6;501.1,503.2;569.6,347.7;588.5,255.8;591.5,247.3;609.4,186.1;681.1,322.3;687.0,310.2;636.0,266.7;538.7,249.7;480.6,275.0;518.6,291.8
101#587.7,463.2;619.0,398.8;604.8,351.6;551.0,344.5;497.1,405.7;505.6,484.9;579.5,347.3;601.5,254.9;604.5,247.4;619.6,186.3;695.2,287.1;703.9,291.2;649.1,264.1;552.3,249.0;492.8,265.0;534.1,273.3
102#590.6,479.8;621.8,417.9;614.8,353.3;562.4,342.7;497.3,388.8;510.1,466.6;589.3,346.9;614.5,254.1;617.4,247.5;629.9,186.6;709.4,251.8;720.8,272.2;662.3,261.5;565.9,248.3;505.1,254.9;549.7,254.8
103#593.6,496.3;624.7,436.9;624.7,355.0;573.8,340.9;497.5,371.9;514.5,448.3;599.2,346.5;627.5,253.2;630.3,247.6;640.2,186.8;723.6,216.5;737.7,253.2;675.5,258.9;579.5,247.6;517.3,244.8;565.3,236.3
104#598.5,509.7;625.5,440.7;631.5,350.5;583.5,335.5;511.4,356.5;526.4,416.6;607.5,341.5;640.6,248.4;640.6,245.4;651.1,183.8;736.7,200.3;742.7,236.4;682.6,251.4;601.5,245.4;565.5,272.4;565.5,251.4
105#605.8,518.8;628.0,436.1;640.8,353.4;586.7,331.1;519.9,334.3;548.5,394.8;615.3,340.7;644.0,235.7;644.0,235.7;655.1,176.8;745.8,216.6;758.5,242.0;688.5,242.0;599.4,222.9;561.2,280.2;593.0,270.7
106#618.4,507.0;637.7,429.8;653.8,339.7;599.1,317.2;538.0,317.2;567.0,384.7;624.9,326.8;653.8,230.3;653.8,223.9;661.9,170.8;743.9,230.3;763.2,252.9;698.9,236.8;605.6,223.9;544.5,252.9;583.1,236.8
107#626.2,487.2;650.4,414.4;662.6,332.4;604.9,314.2;559.4,314.2;583.7,390.1;635.3,320.3;659.6,223.1;662.6,208.0;667.1,173.1;741.5,238.3;762.7,262.6;705.1,232.2;614.0,217.1;553.3,259.6;586.7,253.5
108#652.4,461.1;676.5,389.4;673.7,324.1;616.2,309.4;572.3,324.9;589.1,401.6;646.5,314.5;669.2,217.1;672.2,201.5;678.7,165.7;748.5,250.7;768.6,261.5;714.1,225.6;623.8,211.1;564.2,251.5;598.5,245.4
109#678.5,434.9;702.6,364.5;684.9,315.8;627.5,304.7;585.2,335.5;594.4,413.0;657.7,308.7;678.9,211.1;681.9,195.0;690.4,158.3;755.4,263.0;774.5,260.3;723.2,219.1;633.5,205.1;575.1,243.4;610.4,237.3
110#704.7,408.8;728.8,339.5;696.0,307.5;638.7,299.9;598.1,346.2;599.8,424.5;668.9,303.0;688.5,205.0;691.5,188.5;702.0,150.9;762.4,275.4;780.4,259.2;732.2,212.5;643.3,199.0;586.1,235.2;622.2,229.2
111#730.9,382.7;754.9,314.6;707.1,299.2;650.0,295.1;611.0,356.9;605.1,436.0;680.1,297.2;698.1,199.0;701.1,182.0;713.6,143.5;769.3,287.8;786.3,258.0;741.2,206.0;653.1,193.0;597.0,227.1;634.0,221.1
112#757.0,356.5;781.0,289.6;718.3,290.9;661.3,290.4;623.9,367.5;610.5,447.4;691.3,291.4;707.8,193.0;710.8,175.5;725.3,136.1;776.2,300.1;792.2,256.9;750.3,199.4;662.8,187.0;607.9,219.0;645.9,213.0
113#783.2,330.4;807.1,264.7;729.4,282.6;672.6,285.6;636.8,378.2;615.8,458.9;702.5,285.6;717.4,187.0;720.4,169.0;736.9,128.7;783.2,312.5;798.1,255.7;759.3,192.9;672.6,181.0;618.8,210.9;657.7,204.9
114#797.8,340.2;817.3,272.6;741.1,279.9;686.1,284.1;651.6,365.5;645.1,443.4;714.8,283.3;724.3,186.6;726.8,170.8;742.0,127.6;789.3,288.2;804.7,245.6;765.1,190.3;680.1,183.3;635.7,215.9;672.0,209.2
115#812.5,349.9;827.5,280.6;752.8,277.2;699.6,282.6;666.4,352.9;674.5,427.9;727.2,280.9;731.1,186.3;733.1,172.6;747.1,126.5;795.4,264.0;811.3,235.5;771.0,187.6;687.7,185.7;652.7,220.9;686.2,213.5
116#827.1,359.7;837.8,288.6;764.4,274.6;713.0,281.2;681.1,340.2;703.8,412.5;739.5,278.6;738.0,185.9;739.5,174.3;752.3,125.5;801.6,239.7;818.0,225.3;776.8,185.0;695.2,188.0;669.6,225.9;700.5,217.8
117#841.7,369.5;848.0,296.5;776.1,271.9;726.5,279.7;695.9,327.5;733.1,397.0;751.8,276.3;744.9,185.5;745.9,176.1;757.4,124.4;807.7,215.4;824.6,215.2;782.7,182.4;702.7,190.3;686.5,230.9;714.8,222.1
118#856.4,379.2;858.2,304.4;787.8,269.2;740.0,278.2;710.7,314.9;762.5,381.5;764.2,273.9;751.7,185.2;752.2,177.9;762.5,123.3;813.8,191.2;831.2,205.1;788.5,179.7;710.3,192.7;703.5,235.9;729.0,226.4
119#871.0,389.0;868.4,312.4;799.5,266.5;753.5,276.7;725.5,302.2;791.8,366.0;776.5,271.6;758.6,184.8;758.6,179.7;767.6,122.2;819.9,166.9;837.8,195.0;794.4,177.1;717.8,195.0;720.4,240.9;743.3,230.7
120#882.1,377.7;879.4,302.6;807.0,262.4;756.1,275.8;745.4,326.8;801.7,391.1;782.9,270.5;764.1,182.1;764.1,174.0;776.2,119.1;820.4,166.0;844.5,200.8;799.0,174.0;723.9,190.1;718.6,249.0;745.4,233.0
121#893.1,358.4;896.0,284.8;816.7,265.0;765.8,282.0;774.3,364.1;813.9,420.7;791.3,273.5;771.5,180.1;774.3,171.6;792.7,113.6;816.7,194.3;847.9,208.4;811.1,174.5;729.0,188.6;712.0,250.9;740.3,242.4
122#905.5,341.8;908.5,264.6;819.4,264.6;771.9,285.4;789.7,371.5;816.5,433.8;792.7,276.5;780.8,178.5;783.8,172.6;807.5,116.2;825.4,220.1;852.1,226.0;819.4,175.6;739.3,184.5;703.6,243.8;751.1,243.8
123#904.4,324.5;916.4,234.6;826.5,267.6;781.5,288.5;796.5,381.4;814.5,447.3;802.5,276.6;790.5,180.7;793.5,168.7;819.0,119.3;838.5,228.6;862.4,225.6;832.5,174.7;751.6,180.7;700.6,231.6;742.6,246.6
124#886.6,316.6;916.2,231.2;824.2,270.6;784.8,290.3;801.2,382.3;811.1,454.6;807.8,277.2;801.2,178.6;801.2,175.3;829.1,114.6;873.5,218.0;883.3,221.3;843.9,178.6;755.2,178.6;696.1,218.0;742.1,231.2
125#867.5,314.3;911.0,247.4;830.7,274.2;787.2,284.2;800.6,377.9;810.6,454.8;810.6,277.5;807.3,177.2;810.6,177.2;832.4,115.4;870.8,311.0;900.9,220.7;854.1,180.6;763.8,177.2;700.3,204.0;740.4,187.3
126#855.7,328.0;899.9,249.0;836.7,277.4;789.3,286.9;798.8,381.7;817.8,454.4;811.5,283.8;814.6,182.6;817.8,185.8;838.3,127.3;937.9,198.4;893.6,195.3;846.2,189.0;776.7,179.5;764.1,226.9;773.5,258.5
127#850.5,348.6;886.5,285.5;841.5,276.5;784.4,285.5;805.4,372.6;820.4,453.7;817.4,276.5;823.5,186.4;823.5,192.4;843.0,136.8;946.6,201.4;910.6,204.4;862.5,186.4;784.4,183.4;772.4,222.4;769.4,261.5
128#845.3,371.7;873.9,303.1;842.4,274.5;785.2,280.2;811.0,366.0;816.7,446.1;811.0,274.5;831.0,191.6;831.0,194.4;853.9,143.0;948.2,205.9;916.8,205.9;868.1,194.4;790.9,185.9;776.6,217.3;773.8,257.3
129#844.6,392.6;871.3,320.5;836.6,275.1;788.6,277.8;828.6,339.2;793.9,379.2;812.6,277.8;834.0,195.0;834.0,200.4;863.3,155.0;948.8,221.7;922.1,221.7;874.0,203.0;799.3,192.4;780.6,224.4;780.6,256.4
130#846.6,406.6;872.1,329.9;841.9,274.1;786.1,274.1;816.4,329.9;802.4,383.4;814.0,274.1;837.3,199.8;834.9,202.1;865.2,167.2;939.5,234.6;911.6,232.3;872.1,202.1;800.1,190.5;781.5,227.7;786.1,260.2
131#839.7,396.6;871.6,337.1;845.6,279.1;791.3,277.3;818.6,335.3;808.0,391.4;818.5,277.9;843.1,202.8;840.6,205.8;870.9,167.0;938.8,248.8;917.7,239.1;878.2,206.4;806.1,192.9;786.4,230.5;792.5,263.8
132#832.8,386.7;871.1,344.3;849.3,284.2;796.5,280.6;820.7,340.7;813.6,399.4;822.9,281.8;849.0,205.8;846.3,209.5;876.6,166.8;938.1,262.9;923.8,245.8;884.4,210.7;812.2,195.3;791.3,233.4;798.9,267.4
133#825.9,376.7;870.6,351.4;853.1,289.2;801.7,283.8;822.9,346.0;819.1,407.3;827.4,285.6;854.8,208.7;852.1,213.3;882.3,166.7;937.5,277.1;929.9,252.6;890.5,215.1;818.2,197.8;796.3,236.2;805.4,271.0
134#819.0,366.8;870.1,358.6;856.8,294.3;806.9,287.1;825.0,351.4;824.7,415.3;831.8,289.5;860.7,211.7;857.8,217.0;888.0,166.5;936.8,291.2;936.0,259.3;896.7,219.4;824.3,200.2;801.2,239.1;811.8,274.6
135#812.1,356.8;869.6,365.8;860.5,299.3;812.1,290.3;827.2,356.8;830.3,423.3;836.3,293.3;866.5,214.7;863.5,220.7;893.7,166.3;936.1,305.4;942.1,266.1;902.8,223.7;830.3,202.6;806.1,241.9;818.2,278.2
136#798.6,333.9;871.1,368.5;864.8,299.2;817.5,289.8;836.4,371.6;830.1,434.6;839.6,292.9;874.2,217.4;877.4,214.2;907.3,156.0;937.2,318.1;949.8,267.7;912.0,226.8;836.4,204.8;770.3,233.1;817.5,277.2
137#791.5,323.5;874.2,354.5;870.7,302.8;825.9,295.9;843.2,375.2;832.8,454.4;850.1,299.4;877.6,216.7;881.1,209.8;913.8,153.0;939.6,323.5;950.0,271.8;919.0,223.6;843.2,209.8;829.4,251.2;829.4,282.2
138#789.0,350.4;840.9,365.2;877.9,298.5;837.1,291.1;840.9,387.4;829.7,465.2;855.7,294.8;885.3,209.6;885.3,209.6;920.5,144.7;940.9,320.7;948.3,268.9;926.1,217.0;844.6,202.2;777.9,213.3;829.7,213.3
139#825.6,458.2;836.1,391.4;885.3,296.5;843.1,286.0;825.6,391.4;825.6,465.3;864.2,289.5;892.4,208.6;892.4,205.1;920.5,141.8;948.6,307.1;952.1,261.4;931.0,215.6;850.2,198.1;839.6,236.7;857.2,268.4
140#836.8,406.0;846.7,396.2;889.3,294.5;846.7,287.9;830.3,389.6;813.9,452.0;869.6,291.2;892.6,209.2;895.9,205.9;925.4,146.8;955.0,297.7;951.7,258.4;932.0,215.7;856.5,202.6;846.7,242.0;869.6,255.1
141#858.5,425.5;884.3,362.4;895.8,287.8;849.9,282.1;838.4,382.5;812.6,454.1;872.8,285.0;901.5,216.2;904.4,210.4;925.9,154.5;964.6,290.7;953.1,262.0;935.9,219.0;867.1,210.4;858.5,242.0;887.2,282.1
142#873.7,439.9;900.2,372.3;900.2,296.0;853.2,284.2;832.6,384.1;815.0,457.5;876.7,290.1;906.0,219.6;909.0,216.7;935.4,160.8;970.7,293.0;953.0,260.7;938.3,219.6;873.7,219.6;876.7,266.6;873.7,301.8
