1#NULL
2#NULL
3#NULL
4#NULL
5#NULL
6#NULL
7#NULL
8#NULL
9#NULL
10#NULL
11#NULL
12#NULL
13#NULL
14#NULL
15#NULL
16#NULL
17#NULL
18#NULL
19#571.2,505.1;545.9,454.5;571.2,432.4;511.1,441.9;476.3,495.6;542.7,577.8;539.6,432.4;517.4,305.9;523.7,321.7;512.7,237.9;536.4,413.4;558.5,375.5;568.0,315.4;463.7,296.4;454.2,375.5;454.2,438.7
20#546.3,492.5;515.1,450.9;560.1,437.1;494.3,444.0;484.0,513.2;535.9,589.4;525.5,440.5;515.1,309.0;511.7,316.0;535.9,264.0;535.9,405.9;560.1,378.2;563.6,316.0;466.7,298.6;445.9,378.2;442.4,437.1
21#488.7,485.3;482.2,466.0;550.0,436.9;482.2,440.1;462.9,498.2;504.8,591.9;517.8,440.1;511.3,311.0;504.8,317.4;538.7,264.2;521.0,394.9;546.8,372.3;563.0,323.9;446.7,304.5;440.3,385.2;430.6,446.6
22#474.2,552.2;471.1,475.5;538.7,438.6;483.4,435.6;449.6,484.7;477.3,570.6;508.0,435.6;508.0,318.9;508.0,318.9;537.1,262.1;520.2,361.9;544.8,364.9;557.1,325.0;455.8,312.7;431.2,389.5;422.0,447.8
23#441.0,534.8;451.3,447.0;528.8,426.4;466.8,426.4;410.0,447.0;456.5,537.4;497.8,426.4;505.5,320.5;508.1,315.3;527.5,267.6;518.4,356.7;546.8,359.2;554.6,325.7;459.1,312.8;469.4,343.7;415.2,426.4
24#495.5,493.7;528.1,430.7;521.1,440.1;446.5,454.1;397.5,440.1;437.2,503.0;483.8,444.7;504.8,323.5;507.1,311.8;522.3,268.7;514.1,358.4;546.8,372.4;551.5,330.5;458.2,314.1;395.2,444.7;432.5,491.4
25#488.1,518.4;521.4,446.7;500.9,444.2;421.5,444.2;431.8,403.2;426.6,485.2;470.2,439.1;503.4,331.5;506.0,318.7;520.1,268.8;521.4,375.1;547.0,387.9;552.1,339.2;457.4,321.3;416.4,385.3;449.7,385.3
26#477.1,547.9;521.2,468.1;499.2,443.3;422.1,443.3;490.9,468.1;485.4,531.4;466.1,443.3;499.2,338.6;501.9,327.6;522.6,273.9;532.2,388.2;543.2,410.2;548.7,349.6;449.6,327.6;411.0,382.7;446.8,377.2
27#478.5,574.1;511.7,492.8;493.6,453.6;421.3,444.6;493.6,483.7;481.5,553.0;457.4,447.6;496.6,339.1;499.6,330.0;516.2,271.3;529.8,408.4;541.8,420.4;544.8,354.1;445.4,327.0;409.2,378.3;457.4,381.3
28#471.4,596.8;503.4,516.9;493.8,459.4;426.6,449.8;493.8,488.1;481.0,564.9;465.0,456.2;490.6,341.1;493.8,328.3;517.8,265.9;522.6,424.2;548.1,424.2;541.7,353.9;439.4,331.5;404.3,385.8;455.4,398.6
29#469.3,613.4;503.2,532.1;489.6,457.6;435.4,444.1;401.6,464.4;472.7,610.0;462.5,450.8;486.2,339.1;493.0,325.5;518.4,266.3;533.7,440.7;554.0,423.7;540.4,352.6;425.3,332.3;408.3,400.0;438.8,488.1
30#480.1,635.5;502.0,540.6;491.1,453.1;436.3,442.1;472.8,485.9;447.3,511.4;465.5,445.8;487.4,340.0;491.1,329.0;522.1,261.5;538.5,464.0;553.1,423.9;534.8,350.9;432.7,325.4;403.5,394.7;436.3,485.9
31#486.8,636.5;508.8,548.6;494.2,449.7;439.2,442.3;442.9,471.7;457.5,548.6;468.5,446.0;490.5,336.1;490.5,332.4;518.0,264.6;534.5,471.7;552.8,424.0;538.1,358.1;439.2,317.8;395.2,306.8;439.2,299.4
32#489.3,640.3;512.1,545.2;493.1,457.7;439.9,446.2;451.3,495.7;455.1,568.0;470.3,450.1;493.1,339.7;493.1,339.7;521.7,269.3;527.4,461.5;557.8,423.4;538.8,358.7;443.7,316.9;398.0,282.6;453.2,269.3
33#494.6,635.0;521.3,546.0;494.6,461.4;445.6,452.5;463.4,505.9;454.5,590.5;467.9,457.0;494.6,336.8;494.6,336.8;525.7,278.9;521.3,439.2;565.8,416.9;543.5,359.0;445.6,323.4;410.0,270.0;445.6,221.0
34#492.1,625.8;532.0,541.6;496.5,466.3;443.3,466.3;465.5,528.3;452.2,625.8;469.9,466.3;500.9,342.2;496.5,342.2;527.5,280.1;527.5,408.6;567.4,417.5;549.7,359.9;452.2,324.4;425.6,275.7;434.5,222.5
35#496.2,616.5;536.8,535.3;496.2,474.4;443.4,470.3;467.8,555.6;451.5,649.0;471.8,470.3;500.3,348.4;500.3,348.4;532.8,287.5;561.2,389.0;569.3,405.3;549.0,360.6;451.5,332.2;415.0,299.7;435.3,242.8
36#507.9,596.6;550.3,515.7;504.1,473.3;442.4,477.1;453.9,577.4;450.1,673.8;473.2,477.1;500.2,349.9;500.2,357.6;531.0,288.2;573.5,392.3;569.6,380.7;554.2,361.5;446.2,346.0;407.7,322.9;432.7,278.6
37#516.4,563.4;564.8,498.8;516.4,478.6;451.7,482.6;439.6,595.7;443.7,688.6;484.1,482.6;500.2,349.3;496.2,357.4;528.5,288.7;504.3,385.7;528.5,385.7;556.8,357.4;443.7,345.3;403.3,353.4;435.6,300.9
38#526.2,543.2;575.6,471.3;526.2,484.8;467.8,484.8;440.8,597.2;427.3,687.0;494.7,484.8;503.7,354.5;503.7,359.0;526.2,287.1;535.2,287.1;553.2,327.5;553.2,354.5;454.3,350.0;404.8,376.9;431.8,327.5
39#532.6,531.7;555.5,463.1;537.2,486.0;468.6,495.1;436.5,591.2;413.6,682.8;505.2,490.6;505.2,357.8;505.2,367.0;514.3,293.8;532.6,270.9;550.9,316.7;550.9,353.3;459.4,362.4;409.1,399.0;409.1,371.6
40#545.4,530.3;510.6,504.2;554.1,486.8;488.9,499.9;436.7,582.5;406.3,673.8;523.7,491.2;501.9,365.1;501.9,369.4;506.3,299.9;545.4,269.4;549.7,308.6;545.4,356.4;454.1,369.4;401.9,369.4;393.2,399.9
41#544.2,521.2;552.1,434.3;552.1,493.6;488.9,509.4;441.5,576.5;413.8,671.4;520.5,497.5;496.8,371.1;496.8,379.0;496.8,303.9;500.7,292.1;550.1,266.4;544.2,359.2;445.4,386.9;441.5,446.2;445.4,406.6
42#463.6,528.0;504.4,494.7;552.6,487.3;493.3,505.8;445.1,579.9;426.5,672.6;522.9,498.4;493.3,387.2;493.3,383.5;493.3,309.3;528.5,285.2;550.7,292.6;541.5,368.6;445.1,394.6;434.0,457.6;419.1,439.1
43#534.8,546.7;502.6,514.5;559.8,493.1;495.5,507.4;452.6,578.8;445.5,671.7;531.2,496.6;495.5,385.9;495.5,385.9;495.5,314.5;549.1,321.6;559.8,360.9;541.9,371.6;445.5,400.2;431.2,468.1;413.3,450.2
44#540.9,574.9;562.0,504.7;558.5,497.6;491.7,504.7;456.6,578.4;467.1,666.3;526.9,501.1;498.8,392.2;498.8,388.7;495.2,314.9;547.9,336.0;569.0,381.7;547.9,378.2;449.6,402.8;425.0,473.0;403.9,462.5
45#542.5,611.2;574.6,524.3;555.3,498.6;491.0,501.8;468.4,559.7;484.5,643.4;519.9,501.8;503.8,385.9;503.8,385.9;499.0,316.7;532.8,411.7;568.2,402.0;548.9,376.3;452.3,398.8;429.8,463.2;455.5,450.3
46#543.2,636.8;573.1,544.3;543.2,493.5;483.5,499.5;480.5,544.3;498.4,615.9;513.4,496.5;504.4,386.1;507.4,380.1;505.9,324.9;540.2,413.0;567.1,421.9;555.1,383.1;456.7,389.1;414.9,433.8;414.9,466.7
47#542.1,658.1;563.9,570.6;532.7,489.3;473.3,498.7;492.1,536.2;495.2,583.1;507.7,498.7;498.3,386.2;498.3,386.2;503.0,319.0;529.6,429.9;570.2,436.2;548.3,386.2;448.3,389.3;373.3,442.4;420.2,423.7
48#543.3,675.8;549.8,587.5;530.2,492.8;468.1,505.9;471.4,558.1;471.4,554.9;504.0,496.1;494.2,385.0;494.2,385.0;499.1,318.0;566.1,427.4;562.9,447.0;546.5,388.2;448.5,385.0;386.4,411.1;366.8,424.2
49#550.3,679.1;547.0,590.9;537.2,492.8;478.4,496.0;527.4,594.1;550.3,679.1;507.8,492.8;494.7,384.9;494.7,384.9;486.5,317.9;520.9,437.2;560.1,450.3;547.0,388.2;442.4,384.9;367.2,398.0;396.6,362.0
50#550.0,682.7;546.7,580.6;533.5,488.4;457.8,501.6;464.4,564.2;421.5,616.8;494.0,495.0;490.7,386.3;490.7,386.3;485.8,315.5;566.4,465.4;559.8,448.9;540.1,389.6;441.3,383.0;382.0,369.9;387.0,322.1
51#535.5,660.5;544.9,560.2;541.8,478.8;472.8,488.2;476.0,575.9;476.0,579.0;507.3,481.9;488.5,384.8;491.6,384.8;490.1,320.6;560.6,481.9;554.3,438.0;538.6,387.9;441.5,378.5;385.1,372.3;377.3,326.8
52#535.6,629.0;535.6,544.2;538.6,474.1;465.5,488.7;456.7,526.7;474.2,602.7;500.5,479.9;494.7,383.4;494.7,380.5;493.2,329.3;526.9,471.1;559.0,459.4;547.3,392.2;442.1,377.6;386.5,386.3;377.7,345.4
53#517.1,605.7;520.1,531.2;544.0,483.6;457.6,492.5;457.6,540.1;475.4,617.6;490.3,489.5;499.3,388.2;499.3,382.3;497.8,318.2;538.0,474.6;582.7,456.8;558.8,394.2;445.7,379.3;380.1,412.1;386.1,364.4
54#521.6,565.7;515.6,508.6;560.7,490.5;488.5,496.5;449.5,556.7;476.5,643.8;524.6,493.5;506.6,385.3;506.6,379.3;502.1,323.7;560.7,451.5;596.7,445.4;557.7,388.3;455.5,385.3;386.3,421.4;383.3,385.3
55#521.2,575.8;510.9,507.4;551.9,490.3;497.2,497.1;459.6,575.8;476.7,664.7;524.6,493.7;507.5,384.2;510.9,384.2;509.2,324.4;562.2,421.9;599.8,428.7;555.4,384.2;459.6,387.7;408.3,425.3;384.4,401.3
56#529.9,606.4;508.9,536.2;519.4,508.1;473.8,518.6;470.2,602.9;477.3,673.1;501.8,511.6;508.9,381.7;508.9,381.7;507.1,320.2;519.4,420.3;568.6,423.8;561.5,381.7;456.2,388.7;417.6,441.4;382.5,420.3
57#523.7,614.0;509.9,544.7;558.4,482.3;502.9,496.2;475.2,586.3;475.2,673.0;530.7,485.8;506.4,374.8;506.4,378.3;511.6,303.8;489.1,433.8;544.5,426.8;561.9,367.9;457.9,388.7;416.3,451.1;381.6,437.2
58#517.7,611.0;514.1,526.9;554.3,479.3;506.8,479.3;459.2,556.1;488.5,647.6;536.0,479.3;499.4,376.9;503.1,380.5;503.1,307.4;517.7,289.1;536.0,303.7;543.3,369.6;459.2,387.9;419.0,457.4;382.4,461.0
59#519.0,637.9;519.0,543.4;559.5,472.5;505.5,475.9;444.7,533.3;481.8,617.7;532.5,475.9;492.0,377.9;495.3,377.9;488.6,307.0;510.5,298.6;549.4,323.9;535.9,364.4;448.0,391.4;424.4,455.6;387.3,479.2
60#520.1,660.7;523.4,562.0;549.8,469.8;497.1,469.8;437.9,519.2;477.4,568.6;520.1,469.8;487.2,377.7;487.2,381.0;472.4,310.2;531.7,310.2;562.9,341.5;530.0,364.5;441.2,397.4;414.8,463.3;381.9,496.2
61#531.8,690.2;531.8,579.0;535.3,478.6;474.4,485.8;420.6,493.0;528.2,686.6;503.1,482.2;474.4,381.8;474.4,381.8;454.7,319.0;538.9,345.9;564.0,360.3;521.0,367.5;427.8,403.3;399.1,467.9;374.0,514.5
62#541.5,674.0;534.4,577.9;527.3,474.7;466.8,478.3;513.0,588.6;541.5,666.9;495.2,478.3;456.1,382.2;456.1,378.6;443.6,330.6;523.7,417.8;555.7,382.2;502.4,364.4;402.7,403.5;381.4,464.0;370.7,524.5
63#543.4,662.9;532.9,568.9;512.0,471.4;452.8,481.8;425.0,565.4;431.9,551.5;480.7,474.9;445.8,387.8;445.8,377.4;430.2,326.9;539.9,387.8;543.4,405.2;487.6,366.9;400.6,398.3;358.8,457.5;362.3,516.7
64#541.7,641.7;532.3,554.0;494.7,466.2;435.2,475.6;428.9,579.0;410.1,626.0;463.4,472.5;432.0,381.6;435.2,378.5;424.2,320.6;544.8,425.5;532.3,416.1;479.0,369.1;385.0,394.2;338.1,447.4;366.2,491.3
65#525.1,617.0;534.7,537.1;480.3,460.4;426.0,473.2;413.2,533.9;426.0,617.0;451.6,470.0;422.8,380.5;426.0,380.5;421.2,315.0;505.9,422.1;521.9,418.9;470.7,374.2;378.1,393.3;314.2,441.3;355.7,447.6
66#526.9,588.8;539.3,511.1;467.8,458.3;411.9,473.8;411.9,548.4;427.4,623.0;443.0,467.6;418.1,383.7;418.1,380.6;422.8,320.0;502.0,436.5;517.6,421.0;467.8,377.5;365.3,393.0;296.9,424.1;318.7,408.6
67#515.8,566.2;543.5,490.0;470.8,469.2;405.0,496.9;408.5,569.6;425.8,649.3;439.7,483.1;412.0,386.1;412.0,382.6;424.1,329.0;498.5,448.4;515.8,420.7;463.9,382.6;360.0,389.6;294.2,396.5;332.3,348.0
68#510.9,535.7;541.7,464.0;463.1,477.6;401.6,501.5;405.0,586.9;425.5,665.5;432.4,487.9;411.9,382.0;408.5,378.6;417.0,325.6;490.4,443.5;517.8,416.1;463.1,382.0;360.6,378.6;299.1,368.3;328.2,332.4
69#503.1,514.2;531.7,440.5;458.0,473.3;396.6,493.7;404.8,596.1;421.1,686.2;425.2,481.5;404.8,375.0;404.8,375.0;421.1,305.3;482.6,432.3;519.4,403.6;458.0,379.1;355.6,370.9;302.4,342.2;322.8,297.1
70#487.1,505.2;517.5,426.9;452.3,474.7;395.8,487.8;404.5,600.8;413.2,679.1;421.9,483.4;404.5,366.0;404.5,370.4;421.9,300.8;482.7,400.8;526.2,400.8;461.0,374.7;356.7,361.7;313.2,326.9;321.9,270.4
71#471.9,512.5;511.4,433.5;452.2,476.9;392.9,492.7;400.8,595.4;408.7,674.4;424.5,488.8;404.8,370.3;404.8,370.3;412.7,299.2;479.8,496.7;527.2,386.1;460.1,370.3;353.4,366.3;310.0,326.8;308.0,277.5
72#486.1,534.9;520.5,458.5;447.9,477.6;386.7,496.7;394.4,596.1;405.8,672.5;417.3,485.2;398.2,370.6;402.0,370.6;413.5,301.8;489.9,382.0;516.7,382.0;444.1,366.7;348.5,370.6;295.0,355.3;306.5,301.8
73#484.8,565.6;516.8,498.1;442.2,473.2;388.9,487.4;388.9,590.5;403.1,665.1;413.8,480.3;396.0,370.2;396.0,370.2;404.9,300.9;460.0,388.0;495.5,377.3;442.2,366.6;342.7,373.7;293.0,377.3;310.7,331.1
74#479.1,595.6;508.0,519.7;439.4,472.7;378.0,487.2;378.0,588.4;399.6,664.2;406.9,480.0;396.0,368.0;396.0,371.6;394.2,304.7;424.9,389.6;468.3,368.0;446.6,364.3;345.4,371.6;294.9,396.9;312.9,349.9
75#475.0,617.5;492.9,535.3;432.2,471.1;375.1,481.8;364.4,585.3;389.4,656.7;403.6,474.7;385.8,364.0;389.4,374.7;384.0,305.1;389.4,389.0;425.1,403.2;432.2,360.4;342.9,367.5;296.5,421.1;307.2,374.7
76#474.6,636.0;474.6,555.7;427.1,468.1;379.7,475.4;339.5,570.3;379.7,643.3;401.6,471.8;372.4,362.2;372.4,369.5;387.0,307.5;372.4,395.1;416.2,395.1;408.9,351.3;335.9,369.5;295.7,442.6;314.0,409.7
77#475.3,652.5;455.8,570.6;420.7,473.2;370.1,477.1;319.4,555.0;366.2,621.3;393.5,477.1;358.4,364.1;358.4,371.9;362.3,297.9;350.6,387.5;393.5,403.1;389.6,356.3;327.2,371.9;292.2,453.7;300.0,418.7
78#480.7,660.5;442.6,572.8;408.2,469.8;358.6,477.4;290.0,538.5;351.0,591.9;381.5,473.6;343.4,366.8;343.4,363.0;343.4,298.1;328.1,420.2;358.6,405.0;373.9,355.4;312.9,374.4;297.6,439.3;282.4,424.0
79#472.3,661.0;436.7,568.4;401.1,479.4;344.1,490.1;265.8,525.7;333.4,568.4;372.6,486.5;329.9,369.0;329.9,369.0;324.5,299.6;315.6,422.4;340.5,397.5;361.9,358.3;301.4,383.3;280.0,447.4;240.8,454.5
80#459.3,653.4;434.7,572.5;389.0,484.6;336.3,491.6;244.9,509.2;315.2,558.4;360.9,491.6;322.2,372.1;325.7,375.6;316.9,300.0;350.3,351.0;346.8,400.2;360.9,368.6;283.5,382.6;248.4,445.9;276.5,438.9
81#418.0,645.1;433.3,575.0;372.3,486.5;317.4,498.7;235.1,495.7;296.1,550.6;347.9,495.7;311.3,382.9;311.3,385.9;303.7,314.3;351.0,361.5;366.2,385.9;354.0,379.8;271.7,385.9;216.8,422.5;244.3,416.4
82#395.4,622.1;419.6,562.8;354.9,487.3;298.3,495.4;230.8,479.2;271.3,557.4;330.6,487.3;303.7,392.9;301.0,392.9;294.2,329.5;349.5,374.0;363.0,403.7;344.1,390.2;257.8,395.6;201.2,409.1;209.2,406.4
83#376.6,603.7;403.6,552.3;347.3,496.0;288.5,498.5;229.8,500.9;244.5,567.0;317.9,496.0;293.4,405.5;293.4,400.6;283.6,346.7;352.2,403.0;362.0,427.5;332.6,400.6;251.8,407.9;202.9,388.3;224.9,366.3
84#359.6,590.0;374.0,525.3;326.1,489.4;254.3,494.2;220.7,518.1;232.7,592.4;309.3,499.0;287.8,412.8;285.4,408.0;278.2,355.3;352.4,420.0;357.2,446.3;330.9,410.4;244.7,412.8;225.5,403.2;189.6,384.0
85#359.1,570.0;346.8,510.8;332.0,508.3;262.8,518.2;215.9,540.4;223.3,616.9;302.3,508.3;285.0,419.4;285.0,417.0;278.9,359.0;354.2,441.7;354.2,461.4;329.5,419.4;240.6,417.0;191.2,417.0;198.6,375.0
86#319.8,580.8;270.5,552.2;327.6,518.5;273.1,521.1;215.9,560.0;221.1,640.6;299.1,518.5;283.5,425.0;283.5,422.4;284.8,371.7;356.2,476.9;348.4,479.5;327.6,422.4;236.7,422.4;174.4,435.3;190.0,401.6
87#299.3,599.1;313.1,530.0;332.4,507.9;277.2,516.2;222.0,571.4;222.0,654.3;302.0,510.7;282.7,422.3;282.7,422.3;284.1,368.5;357.3,496.9;346.2,477.5;324.1,425.1;238.5,422.3;169.5,449.9;188.8,416.8
88#300.8,627.8;309.2,543.4;334.5,504.0;283.9,498.4;224.8,565.9;219.2,653.1;309.2,504.0;281.1,419.6;281.1,419.6;276.9,367.6;348.6,512.4;351.4,473.1;326.1,419.6;236.1,419.6;171.4,464.6;196.7,464.6
89#298.0,641.7;300.9,567.9;339.3,503.0;277.3,497.1;227.2,564.9;218.3,653.5;312.7,503.0;283.2,423.3;283.2,423.3;267.0,362.8;348.2,526.6;362.9,479.4;330.5,426.2;236.0,420.3;197.6,470.5;177.0,485.3
90#298.6,658.8;298.6,577.6;334.6,502.5;277.5,496.5;226.4,553.6;220.4,634.7;304.6,502.5;280.5,421.3;283.5,424.3;270.0,359.7;334.6,478.4;376.7,463.4;325.6,424.3;235.4,424.3;199.4,487.5;184.3,502.5
91#298.4,679.8;308.2,598.4;334.2,507.3;278.9,500.8;233.3,539.8;236.6,598.4;304.9,500.8;282.1,422.6;285.4,425.9;274.0,359.1;344.0,461.7;383.1,451.9;331.0,422.6;236.6,425.9;207.3,484.5;194.2,487.7
92#303.8,698.6;317.3,617.4;320.7,512.5;266.5,505.8;232.7,526.1;249.6,573.4;293.6,509.2;283.5,421.2;286.8,421.2;281.8,355.2;361.3,441.5;384.9,434.7;330.8,417.8;236.1,424.6;209.0,478.7;195.5,499.0
93#312.9,701.1;316.3,605.3;312.9,526.7;254.8,526.7;268.5,581.4;261.6,574.6;282.1,526.7;282.1,420.7;282.1,424.1;283.8,357.4;371.0,389.9;371.0,413.8;326.6,413.8;234.3,424.1;203.5,468.5;196.6,526.7
94#318.4,704.6;318.4,610.8;308.7,529.9;244.0,529.9;292.6,610.8;312.0,698.1;273.1,529.9;286.1,420.0;286.1,420.0;284.5,369.8;376.6,397.3;363.7,423.2;334.6,416.7;240.8,420.0;189.1,458.8;205.2,465.3
95#307.7,690.4;326.5,599.7;301.5,524.7;232.7,524.7;301.5,587.2;326.5,637.2;270.2,527.8;282.7,415.2;282.7,415.2;290.5,369.9;376.5,415.2;370.2,437.1;323.3,415.2;238.9,418.4;176.4,446.5;204.5,449.6
96#307.3,657.4;342.0,581.7;301.0,515.5;244.3,518.6;301.0,578.6;323.1,644.8;272.7,518.6;282.1,414.6;282.1,417.7;290.0,359.4;376.7,430.3;364.1,442.9;326.3,414.6;241.1,414.6;184.3,433.5;206.4,439.8
97#312.4,630.3;356.7,560.7;296.6,510.1;246.0,516.4;302.9,576.5;334.5,674.5;271.3,516.4;271.3,415.2;274.4,415.2;288.7,359.9;382.0,446.9;359.8,453.2;318.7,415.2;233.3,415.2;195.4,415.2;233.3,383.6
98#321.9,601.5;358.9,534.2;298.3,500.6;244.5,510.7;305.0,594.8;332.0,689.0;271.4,510.7;271.4,419.8;271.4,419.8;288.2,359.2;375.7,460.2;362.3,460.2;315.1,416.5;227.6,409.7;226.0,354.2;246.2,354.2
99#328.2,586.9;361.8,499.6;304.7,509.7;234.3,529.8;298.0,586.9;328.2,697.6;267.8,523.1;277.9,415.7;277.9,419.1;293.0,357.0;381.9,479.5;365.1,472.8;321.5,419.1;237.6,402.3;200.7,402.3;239.3,363.7
100#336.4,542.6;354.0,479.4;297.8,507.5;248.6,521.5;283.7,612.9;332.9,721.8;273.2,511.0;283.7,409.1;283.7,412.6;303.1,351.1;378.6,489.9;364.5,468.8;325.9,416.1;241.6,398.5;188.9,423.1;220.5,440.7
101#299.5,670.6;326.6,521.4;309.6,507.9;258.8,518.0;275.7,613.0;333.4,741.8;282.5,511.3;292.7,406.2;292.7,402.8;311.3,340.0;380.9,497.7;374.1,463.8;340.2,412.9;245.2,399.4;197.8,433.3;194.4,426.5
102#346.8,546.6;277.6,592.7;320.4,487.4;267.8,503.8;274.4,605.9;290.8,668.4;290.8,500.6;300.7,405.1;300.7,401.8;315.5,337.6;379.7,497.3;379.7,461.1;346.8,411.7;257.9,401.8;205.2,444.6;198.7,441.3
103#348.6,562.1;316.9,549.5;332.8,476.6;282.1,486.1;269.4,581.2;278.9,654.1;304.3,482.9;304.3,403.6;307.4,400.5;320.1,340.2;380.3,489.2;389.9,454.4;348.6,410.0;259.9,400.5;212.3,432.2;193.3,457.5
104#310.0,570.4;306.9,573.5;338.1,483.1;278.8,489.3;266.4,570.4;272.6,651.5;303.8,486.2;310.0,402.0;313.2,398.9;325.6,342.7;381.8,464.4;400.5,442.5;353.7,402.0;266.4,398.9;216.5,414.5;244.5,411.3
105#310.9,582.4;318.4,569.2;342.5,483.2;283.3,487.8;265.5,560.5;271.6,641.0;308.4,485.5;315.8,400.5;318.2,398.9;328.6,342.3;387.2,437.5;400.6,429.5;358.4,400.5;271.9,395.4;221.1,407.1;245.6,399.8
106#311.8,594.3;329.9,564.9;347.0,483.2;287.8,486.3;264.7,550.7;270.6,630.6;312.9,484.8;321.6,399.1;323.2,398.9;331.6,342.0;392.7,410.6;400.6,416.5;363.1,399.1;277.3,391.9;225.7,399.7;246.8,388.2
107#312.7,606.2;341.4,560.6;351.4,483.2;292.2,484.8;263.8,540.9;269.6,620.1;317.4,484.0;327.5,397.6;328.3,398.9;334.5,341.6;398.1,383.7;400.6,403.5;367.9,397.6;282.8,388.4;230.3,392.3;247.9,376.7
108#313.6,618.2;352.9,556.3;355.8,483.3;296.7,483.3;263.0,531.0;268.6,609.7;322.0,483.3;333.3,396.1;333.3,398.9;337.5,341.3;403.5,356.8;400.7,390.5;372.6,396.1;288.3,384.9;234.9,384.9;249.0,365.2
109#325.3,615.0;360.2,553.3;359.2,489.0;298.4,477.3;261.3,515.0;269.9,588.9;326.0,481.2;333.5,398.7;333.5,400.6;331.0,338.3;386.2,440.7;404.8,397.9;349.0,411.4;291.8,386.4;242.6,393.2;247.1,381.1
110#336.9,611.8;367.6,550.2;362.7,494.7;300.1,471.4;259.7,498.9;271.3,568.0;330.0,479.2;333.8,401.4;333.8,402.3;324.4,335.4;368.8,524.7;408.8,405.4;325.4,426.7;295.4,387.9;250.3,401.6;245.3,396.9
111#348.6,608.6;374.9,547.2;366.1,500.4;301.8,465.4;258.0,482.9;272.6,547.2;334.0,477.1;334.0,404.0;334.0,404.0;317.9,332.4;351.5,608.6;412.9,412.8;301.8,442.0;298.9,389.4;258.0,409.9;243.4,412.8
112#368.4,583.3;388.7,534.0;365.5,475.9;313.3,467.2;252.3,475.9;281.4,531.1;342.3,475.9;336.5,391.7;336.5,391.7;330.7,333.7;380.0,429.5;417.8,426.6;377.1,394.6;298.8,388.8;243.6,423.7;240.7,412.1
113#378.9,553.9;407.6,513.2;369.4,467.8;316.8,458.3;240.3,472.6;266.6,539.5;340.7,463.0;335.9,391.3;335.9,388.9;334.7,335.1;374.1,429.6;414.8,434.4;376.5,393.7;295.2,391.3;249.8,429.6;230.7,465.4
114#378.3,557.9;412.7,511.6;368.1,467.0;314.8,460.7;238.9,487.4;261.3,557.9;339.4,463.8;335.2,388.2;335.2,387.6;335.9,331.1;376.0,426.2;416.6,429.4;375.7,390.8;293.7,388.2;250.1,423.3;233.5,458.7
115#377.6,562.0;417.9,510.1;366.8,466.2;312.9,463.0;237.6,502.3;255.9,576.3;338.1,464.6;334.6,385.2;334.6,386.3;337.0,327.2;378.0,422.8;418.3,424.4;374.9,387.9;292.3,385.2;250.3,417.1;236.3,452.0
116#377.0,566.0;423.0,508.5;365.5,465.4;310.9,465.4;236.2,517.1;250.6,594.7;336.8,465.4;333.9,382.1;333.9,385.0;338.2,323.2;379.9,419.4;420.1,419.4;374.1,385.0;290.8,382.1;250.6,410.8;239.1,445.3
117#371.2,594.7;411.8,533.8;362.5,469.9;310.3,469.9;252.2,525.1;246.4,600.5;333.5,469.9;333.5,374.1;333.5,374.1;332.0,317.5;400.2,400.3;423.4,403.2;374.1,374.1;292.8,374.1;246.4,406.1;266.7,403.2
118#364.3,611.4;395.2,543.4;364.3,460.0;318.0,460.0;265.5,521.8;237.7,596.0;339.6,460.0;333.4,367.3;333.4,367.3;325.7,304.0;410.7,382.8;423.0,385.9;373.6,364.2;296.4,367.3;250.0,401.3;259.3,398.2
119#369.9,617.1;382.3,546.3;373.0,466.2;323.8,460.1;265.3,518.6;259.1,586.3;348.4,463.2;342.2,361.6;339.2,361.6;319.2,304.6;369.9,327.7;413.0,361.6;382.3,358.5;299.1,364.7;259.1,395.4;296.1,407.8
120#298.1,572.5;269.2,511.5;327.0,456.9;378.4,466.5;378.4,553.2;391.2,617.4;352.7,460.1;343.1,357.4;343.1,363.8;319.0,307.6;294.9,344.5;272.4,383.0;378.4,347.7;384.8,350.9;364.0,301.2;338.3,307.6
121#397.9,619.4;400.7,553.1;392.4,459.2;342.7,453.6;273.6,503.4;317.8,547.6;364.8,456.4;334.4,362.4;337.1,362.4;327.5,322.4;386.9,423.2;384.1,340.3;378.6,348.6;295.7,370.7;287.4,401.1;323.3,456.4
122#406.1,606.4;414.1,541.9;395.6,453.5;346.5,452.2;280.2,502.6;328.4,546.8;369.5,452.6;336.4,362.9;338.1,361.5;329.3,322.3;385.0,418.6;389.4,350.9;379.2,350.1;297.9,371.3;291.3,405.3;324.8,446.0
123#414.4,593.4;427.5,530.7;398.7,447.9;350.3,450.7;286.8,501.8;339.0,546.0;374.2,448.9;338.3,363.3;339.1,360.7;331.1,322.1;383.1,413.9;394.6,361.5;379.8,351.5;300.1,371.9;295.1,409.5;326.3,435.6
124#422.6,580.5;441.0,519.6;401.9,442.2;354.2,449.3;293.5,501.0;349.5,545.1;378.9,445.1;340.3,363.8;340.0,359.8;332.8,322.0;381.1,409.3;399.9,372.2;380.5,353.0;302.3,372.4;299.0,413.7;327.9,425.3
125#430.9,567.5;454.4,508.4;405.0,436.6;358.0,447.8;300.1,500.2;360.1,544.3;383.6,441.4;342.2,364.2;341.0,359.0;334.6,321.8;379.2,404.6;405.1,382.8;381.1,354.4;304.5,373.0;302.8,417.9;329.4,414.9
126#439.1,554.5;467.8,497.2;408.2,430.9;361.8,446.4;306.7,499.4;370.7,543.5;388.3,437.6;344.2,364.7;342.0,358.1;336.4,321.7;377.3,400.0;410.4,393.4;381.7,355.9;306.7,373.6;306.7,422.1;330.9,404.5
127#448.6,539.2;473.9,478.4;405.5,425.2;359.9,445.5;321.9,516.4;382.7,567.0;385.3,432.8;347.3,364.4;349.8,364.4;343.5,307.4;390.3,397.3;423.3,392.3;385.3,354.3;309.3,374.5;283.9,440.4;301.7,417.6
128#447.6,515.1;471.6,453.9;408.1,427.4;360.7,449.9;336.3,522.2;383.1,574.8;385.7,437.0;351.4,362.7;353.1,364.5;351.1,310.9;409.6,416.0;434.3,384.0;389.3,355.1;313.6,370.4;278.7,417.0;292.4,402.7
129#446.6,490.9;469.4,429.5;410.8,429.7;361.5,454.3;350.6,528.1;383.4,582.5;386.1,441.1;355.6,361.1;356.4,364.6;358.8,314.3;429.0,434.7;445.3,375.7;393.3,355.9;317.8,366.2;273.5,393.5;283.0,387.7
130#445.6,466.8;467.1,405.0;413.4,431.9;362.3,458.7;365.0,533.9;383.8,590.3;386.5,445.3;359.7,359.4;359.7,364.7;366.4,317.8;448.3,453.4;456.3,367.4;397.3,356.7;322.1,362.1;268.3,370.1;273.7,372.8
131#378.8,586.9;381.6,525.3;392.8,455.3;359.2,460.9;373.2,533.7;378.8,589.7;378.8,455.3;367.6,357.3;367.6,360.1;369.0,308.4;457.2,343.4;451.6,357.3;404.0,349.0;331.2,357.3;280.8,354.6;278.0,343.4
132#386.8,566.4;372.6,498.4;398.1,441.7;361.3,453.0;369.8,529.5;386.8,589.0;381.1,444.5;369.8,353.8;369.8,359.5;368.3,301.4;454.8,356.7;451.9,382.2;400.9,351.0;332.9,351.0;287.6,339.6;264.9,331.1
133#421.2,479.1;380.9,441.3;426.2,426.2;375.8,438.8;373.3,519.4;406.1,559.7;406.1,426.2;375.8,348.2;375.8,353.2;367.0,314.2;456.4,363.3;453.9,375.9;408.6,348.2;338.1,348.2;295.3,343.2;262.6,328.1
134#421.5,494.1;431.2,421.5;421.5,426.3;380.3,431.2;377.9,496.6;399.7,564.4;402.1,426.3;377.9,346.4;380.3,351.2;376.7,301.6;455.4,407.0;453.0,380.3;414.2,346.4;339.1,346.4;288.3,351.2;261.6,341.6
135#419.2,493.8;428.3,446.0;430.6,400.5;385.1,402.8;380.5,468.7;405.5,507.4;407.8,400.5;380.5,341.3;380.5,345.9;373.7,300.4;460.2,389.1;455.6,380.0;416.9,341.3;344.1,341.3;300.9,350.4;259.9,348.1
136#416.9,506.3;428.2,451.8;432.8,397.2;385.1,397.2;382.8,454.1;382.8,508.6;410.1,397.2;382.8,340.4;382.8,344.9;366.9,299.5;462.3,406.3;457.8,379.0;416.9,340.4;344.1,340.4;300.9,351.8;262.3,354.0
137#422.7,513.2;431.8,454.1;431.8,388.1;388.6,388.1;379.5,451.8;368.1,492.7;409.1,388.1;379.5,338.1;381.8,344.9;365.9,299.5;427.2,394.9;459.1,376.8;418.2,335.8;343.1,338.1;297.7,356.3;259.0,360.8
138#425.5,520.1;435.0,456.0;430.3,370.6;387.5,373.0;420.8,477.4;378.1,460.8;411.3,370.6;378.1,337.4;380.4,344.5;363.8,299.4;427.9,384.8;456.4,368.2;413.6,335.0;342.5,337.4;295.0,361.1;264.1,368.2
139#425.5,534.0;435.2,447.1;432.7,379.6;389.3,370.0;345.9,427.8;377.3,473.7;411.0,370.0;379.7,331.4;379.7,343.4;362.8,297.6;432.7,396.5;459.3,365.1;408.6,331.4;345.9,333.8;290.4,357.9;261.5,377.2
140#428.3,515.9;425.8,447.3;423.3,368.6;375.0,378.7;347.0,429.5;375.0,495.6;397.8,376.2;375.0,327.9;377.5,333.0;366.1,286.0;441.0,396.5;458.8,355.8;408.0,325.4;341.9,330.4;293.7,350.8;275.9,373.6
141#429.9,501.8;418.8,440.9;407.7,377.2;366.2,380.0;355.1,443.7;377.2,501.8;388.3,377.2;377.2,321.8;380.0,327.3;373.1,270.6;443.7,391.0;454.8,352.3;413.2,321.8;338.5,319.0;296.9,341.2;274.8,371.6
142#432.1,493.8;414.9,428.0;403.5,370.7;357.7,379.3;352.0,453.7;380.6,510.9;380.6,373.6;374.9,313.5;374.9,319.2;379.2,260.6;443.5,385.0;449.3,345.0;409.2,316.4;337.7,307.8;303.3,325.0;283.3,362.1
143#428.3,483.0;411.4,426.6;397.3,370.2;354.9,375.8;349.3,457.6;380.3,505.6;374.7,370.2;377.5,308.2;377.5,308.2;378.9,253.2;445.2,375.8;445.2,333.5;411.4,311.0;335.2,302.5;295.7,319.4;292.9,347.6
144#426.9,480.0;411.8,416.6;393.7,365.3;354.5,374.3;354.5,455.8;369.5,525.3;372.6,368.3;375.6,298.8;375.6,298.8;386.2,246.0;445.0,353.2;439.0,326.0;408.8,304.9;333.3,295.8;288.0,310.9;285.0,313.9
145#431.1,481.0;416.2,418.5;389.3,358.8;353.6,364.8;356.5,454.2;359.5,537.7;371.5,361.8;368.5,296.3;368.5,296.3;387.8,238.1;437.0,376.7;437.0,317.1;401.3,299.2;332.7,293.3;276.1,299.2;302.9,281.4
146#432.9,491.2;415.6,416.2;389.6,349.9;349.3,358.6;349.3,456.6;363.7,485.4;369.4,352.8;360.8,289.4;363.7,289.4;383.9,234.6;450.2,341.3;432.9,318.2;398.3,283.6;323.3,286.5;285.8,286.5;308.9,257.7
147#437.4,483.9;414.2,417.3;388.1,339.1;347.6,347.8;353.4,420.2;365.0,478.1;365.0,344.9;359.2,284.0;359.2,284.0;372.2,224.7;446.1,333.3;425.8,315.9;391.0,281.1;327.3,286.9;318.6,344.9;333.1,382.5
