1#795.9,729.2;808.0,680.5;859.8,598.3;783.7,610.5;756.3,701.8;739.6,755.0;802.0,613.5;777.6,485.7;786.7,494.9;756.3,446.2;782.2,371.6;802.0,412.7;814.1,467.5;741.1,504.0;707.6,455.3;680.2,412.7
2#790.4,720.8;799.9,671.0;843.4,588.1;770.3,600.0;750.8,691.2;737.9,744.0;788.8,602.1;762.9,476.7;771.0,484.7;740.6,435.7;775.8,368.1;794.4,409.3;800.1,459.1;725.9,493.7;690.7,450.0;668.7,413.1
3#785.0,712.4;791.8,661.5;827.0,578.0;757.0,589.5;745.4,680.6;736.2,733.0;775.5,590.6;748.1,467.7;755.2,474.4;725.0,425.2;769.3,364.7;786.8,405.9;786.1,450.7;710.7,483.4;673.8,444.7;657.1,413.4
4#779.5,704.0;783.6,652.0;810.5,567.8;743.6,579.1;739.9,670.1;734.5,721.9;762.2,579.2;733.4,458.7;739.5,464.2;709.3,414.6;762.9,361.2;779.1,402.6;772.0,442.2;695.4,473.2;657.0,439.4;645.6,413.8
5#774.0,695.6;775.5,642.5;794.1,557.6;730.2,568.6;734.5,659.5;732.8,710.9;749.0,567.8;718.7,449.7;723.8,454.0;693.7,404.1;756.5,357.7;771.5,399.2;758.0,433.8;680.2,462.9;640.1,434.1;634.0,414.2
6#768.6,687.2;767.4,633.0;777.7,547.5;716.9,558.1;729.0,648.9;731.1,699.9;735.8,556.3;703.9,440.7;708.1,443.7;678.0,393.6;750.0,354.2;763.9,395.8;744.0,425.4;665.0,452.6;623.2,428.8;622.5,414.6
7#763.1,678.8;759.3,623.5;761.3,537.3;703.5,547.6;723.6,638.3;729.4,688.9;722.5,544.9;689.2,431.7;692.4,433.5;662.4,383.1;743.6,350.8;756.3,392.4;730.0,417.0;649.8,442.3;606.3,423.5;610.9,414.9
8#757.6,670.4;751.2,613.9;744.9,527.1;690.1,537.2;718.1,627.8;727.6,677.9;709.2,533.5;674.5,422.7;676.6,423.3;646.7,372.6;737.2,347.3;748.7,389.0;716.0,408.6;634.6,432.0;589.4,418.3;599.4,415.3
9#752.2,662.0;743.1,604.4;728.5,517.0;676.8,526.7;712.7,617.2;725.9,666.9;696.0,522.0;659.7,413.7;660.9,413.0;631.0,362.1;730.7,343.8;741.1,385.6;702.0,400.2;619.4,421.7;572.5,413.0;587.9,415.7
10#746.7,653.6;734.9,594.9;712.0,506.8;663.4,516.2;707.2,606.6;724.2,655.8;682.8,510.6;645.0,404.7;645.2,402.8;615.4,351.5;724.3,340.3;733.4,382.3;687.9,391.7;604.1,411.5;555.7,407.7;576.3,416.1
11#741.2,645.2;726.8,585.4;695.6,496.6;650.0,505.8;701.8,596.0;722.5,644.8;669.5,499.2;630.3,395.7;629.5,392.6;599.7,341.0;717.9,336.9;725.8,378.9;673.9,383.3;588.9,401.2;538.8,402.4;564.8,416.4
12#735.8,636.8;718.7,575.9;679.2,486.5;636.7,495.3;696.3,585.5;720.8,633.8;656.2,487.7;615.5,386.7;613.7,382.3;584.1,330.5;711.4,333.4;718.2,375.5;659.9,374.9;573.7,390.9;521.9,397.1;553.2,416.8
13#730.3,628.4;710.6,566.4;662.8,476.3;623.3,484.8;690.9,574.9;719.1,622.8;643.0,476.3;600.8,377.7;598.0,372.1;568.4,320.0;705.0,329.9;710.6,372.1;645.9,366.5;558.5,380.6;505.0,391.8;541.7,417.2
14#717.6,613.7;690.6,559.7;648.5,469.6;597.5,469.6;675.6,547.7;714.6,613.7;624.5,469.6;582.4,358.4;579.4,355.4;552.4,301.3;650.0,293.8;684.6,340.4;621.5,349.4;546.4,364.4;486.3,358.4;507.3,346.4
15#698.9,605.3;665.8,530.0;620.6,445.7;575.4,451.7;653.7,527.0;686.9,599.3;596.5,451.7;566.4,334.2;566.4,337.2;536.3,289.0;617.6,258.9;653.7,307.1;605.6,328.2;524.2,346.3;476.0,334.2;536.3,271.0
16#674.2,587.5;651.6,509.8;590.1,435.4;551.3,448.3;625.7,480.7;654.8,581.0;573.9,435.4;548.0,328.6;551.3,331.8;525.4,276.8;580.4,231.5;616.0,273.5;590.1,318.9;509.2,331.8;489.8,296.2;522.1,244.4
17#649.7,562.4;626.7,480.2;577.4,427.6;531.3,437.5;488.6,444.0;567.5,519.7;554.4,434.2;531.3,319.1;537.9,329.0;514.9,269.8;567.5,213.9;574.1,256.7;574.1,309.3;495.2,332.3;498.5,266.5;514.9,217.2
18#623.1,532.8;597.8,450.4;556.6,428.3;515.4,444.1;471.1,444.1;569.3,532.8;540.8,431.4;521.7,314.2;524.9,326.9;512.2,263.5;550.3,228.7;566.1,266.7;566.1,307.9;483.7,314.2;490.1,260.4;523.3,204.9
19#592.4,507.8;579.9,435.9;536.1,426.5;489.1,432.7;495.4,482.8;558.0,542.2;514.2,429.6;520.4,329.5;520.4,329.5;507.9,276.3;558.0,245.0;573.6,288.8;561.1,326.3;479.8,326.3;482.9,270.0;509.5,234.0
20#553.4,491.9;559.5,430.9;532.0,437.0;480.1,443.1;489.3,488.9;541.2,565.2;507.6,437.0;513.7,330.1;510.6,339.3;510.6,275.2;562.5,266.0;568.6,308.8;553.4,336.2;467.9,327.1;495.4,275.2;527.4,240.1
21#538.0,484.9;473.6,496.1;529.6,445.7;479.2,442.9;479.2,496.1;512.8,560.4;501.6,442.9;504.4,339.3;507.2,342.1;507.2,286.2;568.8,289.0;571.6,339.3;546.4,347.7;468.0,333.7;493.2,297.4;518.4,272.2
22#471.1,552.5;450.6,491.0;458.3,450.0;522.3,452.5;458.3,485.8;499.3,552.5;491.6,450.0;499.3,350.0;501.8,350.0;489.0,303.9;583.8,309.0;440.3,393.6;458.3,342.3;548.0,360.3;571.0,360.3;576.2,309.0
23#472.1,534.3;439.9,479.0;499.8,456.0;444.5,449.1;446.8,485.9;453.7,538.9;474.4,451.4;492.8,366.3;490.5,366.3;499.8,318.0;584.9,329.5;430.7,403.1;453.7,359.4;456.0,357.1;564.2,380.1;575.7,343.3
24#531.2,513.5;550.0,450.0;505.3,490.0;437.1,482.9;439.5,447.6;448.9,520.5;470.1,475.9;491.2,377.1;493.6,377.1;500.6,325.4;578.2,365.3;573.5,400.6;538.3,386.5;453.6,372.4;458.3,374.7;582.9,355.9
25#522.1,550.1;553.7,470.1;490.6,491.9;386.4,489.5;444.6,433.7;468.8,506.5;464.0,489.5;495.5,390.1;495.5,385.3;510.0,334.4;582.7,385.3;575.5,416.8;534.3,399.8;459.1,382.8;427.6,368.3;447.0,368.3
26#531.8,575.4;554.5,491.2;490.9,511.7;395.4,486.7;436.3,434.4;427.2,470.8;463.6,504.9;502.2,400.3;504.5,391.2;513.6,341.2;590.9,413.9;575.0,441.2;545.4,413.9;463.6,388.9;420.4,413.9;443.1,377.6
27#541.7,590.6;560.1,519.6;498.1,515.0;417.9,498.9;390.4,480.6;440.8,480.6;468.3,508.1;509.6,402.6;511.9,395.7;529.1,346.4;592.2,434.7;566.9,432.4;548.6,421.0;472.9,391.2;424.8,409.5;456.9,372.8
28#551.5,610.9;569.3,535.2;498.1,521.9;446.9,513.0;509.2,515.2;527.0,610.9;478.1,513.0;518.1,410.7;522.6,399.5;537.0,351.7;598.2,459.6;580.4,475.2;560.4,430.7;475.9,390.6;433.6,417.3;467.0,381.7
29#550.6,624.3;567.3,564.8;517.3,519.5;457.8,510.0;519.7,519.5;550.6,605.2;491.1,510.0;534.0,410.0;536.3,398.1;547.0,346.9;614.9,483.8;593.5,486.2;574.4,426.7;493.5,391.0;534.0,436.2;484.0,379.1
30#566.7,636.9;569.1,580.7;532.4,519.6;459.1,507.3;554.4,585.6;549.6,632.0;508.0,519.6;549.6,404.6;552.0,394.9;560.6,342.3;637.6,509.8;608.2,487.8;588.7,421.8;510.4,387.5;466.4,414.4;505.5,368.0
31#566.7,647.1;577.8,586.9;541.0,515.7;477.1,503.4;565.5,584.5;572.9,606.6;509.0,513.3;563.0,402.8;565.5,393.0;576.6,342.6;636.7,515.7;622.0,481.4;602.3,417.5;526.2,388.1;501.7,361.1;536.0,348.8
32#598.9,607.5;604.4,577.2;563.1,519.5;486.1,505.7;568.6,555.2;579.6,599.2;521.9,508.5;571.4,398.5;574.1,395.7;585.1,340.7;645.6,519.5;637.4,478.2;618.1,417.7;530.1,384.7;502.6,340.7;543.9,321.5
33#607.3,612.1;623.8,566.0;580.9,509.9;505.1,506.6;584.2,542.9;577.6,615.4;541.4,509.9;587.5,397.8;584.2,397.8;594.1,341.8;643.6,483.5;653.5,483.5;630.4,414.3;541.4,381.3;524.9,328.6;557.9,282.4
34#617.4,612.4;640.3,560.1;587.9,514.2;509.3,504.4;597.7,543.7;591.2,569.9;551.9,511.0;594.5,393.1;594.5,396.4;597.7,337.5;646.8,455.3;666.5,465.1;637.0,409.5;548.6,380.0;542.1,321.1;551.9,268.7
35#611.7,610.4;657.2,546.7;605.6,516.4;520.8,516.4;590.5,543.7;587.5,574.0;569.3,516.4;602.6,389.1;602.6,392.1;602.6,334.5;663.2,443.7;687.5,449.7;642.0,401.2;560.2,380.0;545.0,328.5;557.1,289.1
36#628.5,583.1;672.7,522.3;617.4,505.8;542.9,516.8;587.0,508.5;598.1,574.8;581.5,514.1;609.1,387.0;609.1,389.8;609.1,331.8;711.3,420.2;700.3,428.5;656.1,398.1;570.5,381.5;540.1,353.9;562.2,315.2
37#641.7,561.1;683.7,489.8;572.4,501.5;634.9,489.8;683.7,493.7;645.6,561.1;601.7,489.8;613.4,382.4;613.4,380.4;617.3,335.5;673.9,357.0;527.5,380.4;570.4,378.5;658.3,396.1;705.2,403.9;681.8,358.9
38#663.2,540.0;689.1,462.5;652.9,501.2;590.9,503.8;585.7,578.8;585.7,583.9;619.3,501.2;621.9,385.0;624.5,385.0;621.9,330.7;678.7,333.3;704.6,379.8;665.8,390.1;577.9,387.5;528.9,387.5;590.9,361.7
39#670.2,529.7;594.6,579.3;605.0,511.4;670.2,498.4;688.5,443.6;667.6,529.7;641.5,501.0;631.1,386.2;631.1,386.2;625.9,331.4;565.9,388.8;706.8,357.5;589.3,396.6;672.8,386.2;709.4,360.1;688.5,307.9
40#692.1,513.5;683.4,510.6;677.6,498.9;622.1,507.7;598.8,592.3;549.2,490.1;645.5,498.9;636.7,393.9;636.7,390.9;636.7,332.6;700.9,291.7;712.6,347.2;680.5,385.1;592.9,399.7;590.0,396.8;601.7,373.4
41#700.2,521.2;711.3,435.8;686.4,499.2;631.3,513.0;603.8,562.6;614.8,579.1;661.6,502.0;639.6,394.5;639.6,391.7;642.4,336.6;722.3,287.0;716.8,342.1;686.4,383.4;590.0,408.3;606.5,397.2;603.8,375.2
42#704.3,529.0;724.6,463.1;686.6,503.7;630.9,513.8;618.2,506.2;694.2,534.0;663.8,503.7;641.0,399.8;641.0,389.7;641.0,336.5;732.2,308.6;722.1,354.2;689.1,389.7;592.9,412.5;577.7,473.3;719.5,308.6
43#716.6,543.7;732.2,483.2;681.5,504.7;634.6,514.4;570.1,520.3;714.7,522.2;656.1,512.5;640.4,401.1;644.4,385.5;640.4,342.6;741.0,327.9;734.2,375.8;689.3,393.3;593.6,410.9;587.7,463.6;620.9,391.4
44#704.1,558.4;743.1,499.8;678.7,507.6;631.8,511.5;567.4,519.3;719.7,544.7;657.2,511.5;643.5,400.1;649.4,384.5;645.5,341.6;745.1,349.4;741.2,392.3;696.3,394.3;594.7,413.8;586.9,464.6;725.6,341.6
45#738.7,570.9;743.1,522.4;683.5,513.6;624.0,507.0;696.8,524.6;683.5,562.1;659.3,515.8;657.1,405.5;657.1,392.3;650.5,341.6;751.9,365.8;747.5,405.5;703.4,398.9;604.2,412.1;595.3,469.5;734.3,368.0
46#733.8,589.5;737.0,534.4;676.6,515.0;626.9,515.0;629.0,458.8;618.2,484.8;652.8,517.2;655.0,404.8;655.0,391.9;655.0,342.2;754.3,383.2;750.0,419.9;704.6,402.7;607.4,407.0;590.2,463.2;752.2,381.1
47#740.3,600.2;730.2,543.1;683.1,516.2;629.3,516.2;571.0,491.5;692.1,581.2;656.2,516.2;658.4,404.0;658.4,390.6;658.4,341.3;757.1,406.3;745.9,433.2;707.8,406.3;611.3,401.8;571.0,435.4;647.2,410.8
48#726.1,604.1;719.0,544.4;690.3,520.5;635.4,525.3;558.9,479.9;664.0,554.0;664.0,525.3;661.6,403.5;661.6,391.5;656.9,339.0;757.2,422.6;747.6,441.7;709.4,405.9;611.5,398.7;568.5,405.9;637.8,393.9
49#734.0,455.0;730.1,560.4;710.6,535.1;644.1,525.3;583.6,517.5;659.8,556.5;667.6,523.3;669.5,404.2;667.6,388.6;665.6,345.6;759.4,443.3;745.7,455.0;718.4,408.1;622.7,398.3;593.4,388.6;614.9,345.6
50#724.2,473.4;716.3,536.2;698.1,512.6;640.6,510.0;583.1,507.4;606.6,489.1;671.9,512.6;679.8,408.1;677.1,400.3;671.9,342.8;721.6,473.4;750.3,473.4;724.2,416.0;635.3,402.9;606.6,374.1;609.2,327.1
51#732.4,625.3;727.4,554.9;702.3,504.7;654.5,504.7;677.1,534.8;682.2,552.4;679.7,504.7;687.2,411.7;684.7,404.1;679.7,348.8;777.7,492.1;752.6,482.0;735.0,421.7;642.0,401.6;614.3,376.5;614.3,336.3
52#727.4,568.3;739.6,537.7;719.2,507.2;662.2,503.1;680.5,552.0;678.5,547.9;688.7,503.1;694.8,415.5;696.8,401.3;690.7,356.4;776.3,505.1;762.0,482.7;743.7,423.7;652.0,409.4;613.3,399.2;623.5,358.5
53#712.4,589.6;727.2,524.0;718.8,513.4;672.2,513.4;676.4,572.7;672.2,572.7;695.5,513.4;703.9,424.5;706.1,405.4;700.8,357.8;769.6,511.3;778.0,485.8;752.6,428.7;653.1,413.9;617.1,418.1;617.1,388.5
54#720.9,571.9;740.8,512.2;736.8,520.2;689.1,522.2;661.2,585.8;655.2,607.7;712.9,518.2;707.0,424.6;709.0,406.7;710.0,367.9;770.7,482.3;796.5,484.3;758.7,430.6;659.2,418.7;619.4,440.6;623.4,408.7
55#712.1,576.2;694.9,541.9;746.3,529.1;697.1,531.2;650.0,608.3;660.7,625.4;722.8,529.1;718.5,426.3;718.5,409.2;715.3,367.4;784.9,469.1;810.5,473.4;765.6,426.3;669.3,422.0;630.7,454.1;620.0,422.0
56#732.9,575.5;702.4,534.1;756.8,518.9;704.6,514.5;667.5,606.0;674.1,627.8;728.5,516.7;724.2,425.2;722.0,407.8;714.4,365.4;793.8,438.3;813.4,444.8;769.9,423.1;676.2,425.2;641.4,464.4;624.0,438.3
57#738.5,600.4;733.8,536.8;750.2,501.5;703.2,508.6;674.9,602.7;665.5,640.4;729.1,506.3;717.3,412.1;717.3,407.4;720.8,354.5;759.7,376.8;802.0,409.8;769.1,412.1;672.6,423.9;642.0,475.7;623.2,463.9
58#733.7,621.5;733.7,555.8;752.9,501.1;703.6,501.1;676.3,569.5;679.0,610.6;731.0,501.1;720.0,416.3;720.0,410.8;717.3,356.1;755.6,339.7;788.5,380.7;766.6,408.1;670.8,424.5;646.2,482.0;635.2,479.2
59#733.9,636.6;733.9,569.4;752.2,508.3;709.4,505.2;669.7,548.0;685.0,621.3;730.8,508.3;712.5,413.6;715.5,410.5;706.4,358.6;767.5,321.9;779.7,358.6;758.3,398.3;669.7,428.8;648.3,493.0;630.0,517.4
60#734.4,647.8;734.4,594.1;743.4,507.4;701.5,510.4;650.7,519.4;677.6,591.1;722.5,507.4;698.6,414.8;695.6,405.8;695.6,355.0;764.3,331.1;785.2,369.9;746.4,399.8;653.7,435.7;644.8,498.4;620.9,525.3
61#736.5,669.1;739.3,610.2;733.7,512.0;691.6,512.0;722.4,604.6;728.0,660.7;711.2,512.0;688.8,413.7;688.8,402.5;680.3,352.0;764.5,354.8;784.2,391.3;736.5,402.5;641.0,433.4;629.8,489.5;613.0,526.0
62#747.9,675.6;734.2,609.9;723.3,511.4;679.5,514.2;709.6,609.9;726.0,667.4;701.4,511.4;676.7,412.9;676.7,402.0;667.2,345.9;761.6,371.9;778.0,412.9;728.7,399.2;627.5,429.3;616.5,489.5;613.8,533.3
63#738.3,661.7;735.5,604.5;670.1,525.4;721.9,528.1;708.3,604.5;730.1,669.9;689.2,522.7;670.1,413.6;670.1,397.2;660.5,360.4;607.4,525.4;773.7,430.0;721.9,402.7;621.0,419.1;601.9,481.8;762.8,394.5
64#728.2,664.4;736.7,585.2;711.2,517.3;649.0,497.5;649.0,520.2;637.7,605.0;677.3,511.7;666.0,404.2;663.1,395.7;661.7,354.7;759.3,415.5;756.5,438.1;708.4,401.4;617.9,407.0;578.3,457.9;589.6,480.6
65#715.7,640.2;740.4,560.1;684.9,498.5;632.6,489.2;651.1,541.6;641.8,624.8;657.2,495.4;660.3,403.0;660.3,399.9;663.4,341.4;758.9,430.7;746.5,443.0;700.3,399.9;614.1,406.1;564.8,443.0;555.6,443.0
66#712.7,612.0;745.8,542.7;676.6,497.5;625.4,491.5;658.5,551.7;646.4,636.1;649.5,494.5;655.5,401.2;655.5,398.1;664.5,340.9;757.9,440.3;739.8,446.3;700.7,401.2;610.3,407.2;553.1,428.3;574.2,419.2
67#714.3,586.6;753.9,516.6;671.7,492.2;607.7,492.2;653.4,574.4;644.3,668.8;641.2,492.2;656.4,400.9;656.4,397.8;661.0,341.5;756.9,461.8;732.6,446.6;699.1,400.9;613.8,397.8;556.0,400.9;598.6,355.2
68#714.9,557.1;763.3,499.6;669.5,490.5;612.1,499.6;639.3,599.4;642.3,678.1;645.3,496.5;654.4,396.7;654.4,399.7;666.5,339.2;730.0,454.2;745.2,451.2;696.8,399.7;612.1,390.7;557.6,378.6;586.3,331.7
69#719.6,538.3;764.2,474.7;675.1,500.1;614.7,503.3;627.4,608.2;633.8,681.4;649.7,503.3;656.1,392.0;656.1,395.2;668.8,337.9;710.1,442.9;751.4,442.9;700.6,401.5;611.5,385.6;560.7,360.2;581.3,317.3
70#709.0,527.2;761.5,458.2;669.5,500.9;616.9,500.9;616.9,615.9;623.5,681.7;643.2,500.9;662.9,392.4;662.9,395.7;672.8,336.5;735.2,428.6;768.1,431.9;705.7,402.3;620.2,385.8;567.6,353.0;567.6,303.7
71#713.3,532.0;756.8,458.6;669.9,505.3;599.8,505.3;623.2,605.5;623.2,685.7;633.2,505.3;666.6,395.1;666.6,398.4;673.3,341.7;776.8,415.1;773.5,425.2;706.7,401.8;623.2,388.4;576.4,355.0;559.7,304.9
72#717.9,551.3;764.4,481.6;658.2,504.9;598.5,501.5;625.1,607.7;628.4,683.9;631.7,504.9;664.9,398.7;664.9,398.7;678.1,342.4;780.9,415.3;767.7,412.0;704.7,402.1;625.1,388.8;572.0,358.9;563.7,310.9
73#715.3,584.3;763.1,512.5;673.4,500.5;613.6,497.6;625.6,602.2;628.6,680.0;640.5,500.5;664.5,398.9;664.5,398.9;679.4,345.1;715.3,386.9;769.1,407.9;709.3,404.9;619.6,389.9;562.8,383.9;567.3,340.6
74#712.4,600.5;759.4,530.0;678.9,499.8;618.5,503.2;618.5,597.1;628.5,674.3;645.3,503.2;658.7,402.5;658.7,402.5;672.2,342.1;695.7,372.3;752.7,395.8;702.4,402.5;611.8,395.8;558.1,399.2;571.5,365.6
75#711.5,620.9;753.1,547.4;676.4,502.6;615.6,499.4;606.0,585.7;625.2,659.3;644.4,502.6;657.2,403.5;657.2,397.1;665.2,337.9;679.6,355.5;724.3,384.3;705.1,400.3;606.0,400.3;551.7,416.3;570.9,384.3
76#709.9,640.4;739.5,564.7;670.4,505.5;621.0,508.8;584.8,571.3;617.7,643.7;644.1,508.8;647.4,400.2;647.4,396.9;650.6,340.9;640.8,321.2;700.0,367.2;693.4,393.6;601.3,400.2;548.6,433.1;571.7,396.9
77#709.0,662.7;719.1,578.2;665.0,507.1;617.6,507.1;563.5,547.7;600.7,625.5;641.3,507.1;634.5,398.9;634.5,395.5;634.5,338.0;637.9,324.5;668.4,361.7;678.5,392.1;590.6,402.3;570.3,453.0;587.2,442.9
78#706.9,672.6;689.9,594.4;659.3,499.2;611.7,499.2;547.1,529.8;584.5,601.2;635.5,499.2;611.7,393.8;608.3,387.0;557.3,346.2;618.5,434.6;649.1,424.4;655.9,387.0;574.3,407.4;570.9,461.8;577.7,448.2
79#711.2,674.5;679.7,601.1;644.7,499.6;602.8,499.6;529.3,517.1;571.3,580.1;623.7,499.6;595.8,394.7;588.8,387.7;532.8,345.7;609.7,433.2;641.2,419.2;637.7,377.2;557.3,408.7;560.8,464.6;571.3,461.1
80#691.9,673.6;673.1,587.1;631.7,500.6;579.1,500.6;646.8,587.1;669.3,669.8;605.4,500.6;582.8,399.1;582.8,399.1;579.1,335.2;603.5,310.8;620.4,339.0;624.2,384.1;545.2,410.4;534.0,459.3;556.5,474.3
81#665.8,661.3;672.9,580.7;613.3,503.6;560.7,503.6;651.8,577.2;637.8,650.8;588.8,503.6;525.7,451.1;522.2,451.1;462.6,419.5;599.3,367.0;620.3,384.5;609.8,388.0;518.7,479.1;508.2,496.6;550.2,552.7
82#641.9,632.3;672.5,577.8;597.6,513.1;546.5,519.9;645.3,564.1;618.0,639.1;570.3,516.5;553.3,407.5;553.3,407.5;546.5,342.7;611.2,373.4;628.2,387.0;597.6,397.2;509.0,417.7;488.6,516.5;526.0,550.5
83#621.5,614.0;665.5,570.1;593.3,526.1;533.6,516.7;495.9,501.0;502.2,557.5;561.9,516.7;549.3,413.0;546.1,413.0;536.7,353.4;609.0,381.6;621.5,403.6;590.1,406.8;505.3,419.3;492.8,406.8;467.6,365.9
84#614.9,597.7;653.6,556.3;579.0,525.9;521.0,525.9;465.8,509.4;490.6,578.4;545.9,520.4;534.8,418.2;523.8,409.9;512.7,354.7;598.3,401.6;556.9,409.9;581.8,418.2;526.5,429.3;556.9,423.7;592.8,418.2
85#595.2,588.8;628.0,543.4;567.5,525.8;512.0,535.9;456.5,530.8;481.7,606.5;539.7,533.4;532.2,430.0;529.7,424.9;522.1,372.0;597.7,419.9;605.3,450.2;572.5,427.5;491.8,432.5;481.7,414.9;481.7,374.5
86#588.7,584.1;601.1,524.7;546.6,522.2;492.2,522.2;455.0,542.0;474.8,621.2;519.4,524.7;524.3,435.6;524.3,433.1;514.4,381.1;598.6,440.5;601.1,470.2;563.9,438.1;484.7,435.6;477.3,420.7;469.9,381.1
87#561.9,595.8;578.2,528.1;547.8,523.4;498.8,530.4;461.4,572.5;477.8,637.9;522.2,523.4;517.5,444.0;517.5,434.7;516.3,391.4;594.6,458.0;592.2,483.7;561.9,446.3;473.1,439.3;461.4,432.3;464.9,396.1
88#561.1,600.6;568.4,525.1;549.0,522.7;502.7,525.1;471.1,588.4;478.4,651.7;527.0,522.7;514.9,444.8;517.3,437.5;513.7,394.9;568.4,491.1;585.5,493.5;563.6,444.8;471.1,442.4;456.5,440.0;458.9,427.8
89#552.5,623.7;567.7,547.7;552.5,514.7;504.3,522.3;476.4,590.8;481.5,661.7;527.1,519.8;517.0,443.7;517.0,436.1;510.6,389.2;620.9,484.3;590.5,491.9;562.6,441.2;473.9,443.7;438.4,461.5;486.6,491.9
90#557.1,643.5;565.1,571.3;559.7,509.7;506.2,517.8;482.1,582.0;479.5,654.2;533.0,515.1;519.6,440.2;519.6,434.8;510.2,385.3;581.2,485.6;594.5,488.3;565.1,434.8;474.1,442.8;474.1,488.3;495.5,496.3
91#548.3,662.8;571.7,590.0;566.5,514.7;514.5,517.3;488.5,569.2;485.9,639.4;540.5,517.3;522.3,436.8;522.3,434.2;513.2,388.7;582.1,486.1;610.6,480.9;563.9,434.2;480.7,436.8;460.0,486.1;496.3,504.3
92#557.2,674.0;573.1,605.1;565.2,520.3;514.8,520.3;493.6,554.7;493.6,621.0;538.7,520.3;528.1,440.8;528.1,430.2;513.5,391.7;597.0,464.6;628.8,469.9;573.1,435.5;485.7,443.4;456.5,488.5;459.2,515.0
93#560.2,689.0;579.1,621.3;568.3,534.7;519.6,532.0;554.8,621.3;543.9,689.0;543.9,534.7;533.1,437.2;533.1,429.1;526.3,392.5;619.7,448.0;641.4,453.4;579.1,431.8;487.1,445.3;457.3,491.3;503.3,559.0
94#571.3,700.7;574.4,626.3;565.1,548.7;515.4,533.1;540.2,626.3;555.8,703.8;537.1,533.1;534.0,440.0;534.0,436.9;529.4,376.4;627.1,402.8;645.8,433.8;577.5,433.8;487.5,449.3;462.7,486.6;462.7,495.9
95#574.5,707.3;574.5,634.7;555.6,543.1;505.0,539.9;539.8,622.0;552.4,694.7;527.2,539.9;539.8,438.9;536.6,438.9;535.1,380.4;663.0,391.5;640.9,426.2;580.8,435.7;492.4,445.2;448.2,479.9;482.9,558.9
96#563.8,698.0;579.3,620.6;557.6,546.3;501.9,530.8;554.5,617.5;542.2,694.9;526.7,540.1;539.1,441.0;536.0,444.1;546.8,380.6;653.6,413.2;631.9,441.0;579.3,437.9;492.6,444.1;430.7,478.2;486.4,561.7
97#556.5,680.5;599.2,604.3;538.2,537.3;489.5,534.3;571.8,592.2;538.2,680.5;513.9,537.3;538.2,445.9;538.2,449.0;542.8,386.5;660.1,433.7;632.7,455.0;574.8,442.9;504.7,449.0;480.4,455.0;495.6,576.9
98#568.3,650.4;618.1,590.6;531.8,534.2;505.2,534.2;584.9,570.7;541.7,653.7;518.5,534.2;538.4,448.0;538.4,448.0;541.7,388.2;667.8,454.6;631.3,471.2;571.6,448.0;511.9,448.0;498.6,438.0;638.0,464.5
99#585.0,631.1;626.1,574.3;525.1,542.7;480.9,552.2;585.0,586.9;556.6,640.6;506.1,542.7;537.7,454.3;537.7,457.5;544.0,397.5;664.0,479.6;622.9,489.1;569.3,460.7;503.0,448.0;493.5,429.1;518.8,400.7
100#600.1,610.4;627.9,551.3;516.7,544.4;481.9,558.3;565.4,624.3;579.3,697.4;495.8,547.9;541.0,464.4;537.5,464.4;544.5,401.8;662.7,499.2;627.9,506.1;565.4,474.9;509.7,450.5;582.7,568.7;634.9,499.2
101#572.0,708.6;559.1,647.1;536.4,572.6;494.4,569.4;549.4,637.4;575.3,711.8;513.8,566.2;546.1,462.6;546.1,462.6;557.5,402.7;659.4,514.4;627.1,514.4;588.2,469.1;510.5,459.4;500.8,507.9;552.6,559.7
102#571.2,724.7;611.7,503.4;574.3,568.9;502.6,575.1;530.7,653.0;568.1,724.7;536.9,568.9;552.5,466.0;552.5,462.9;566.5,411.4;664.7,534.6;627.3,515.9;596.1,469.1;515.1,466.0;505.7,515.9;571.2,562.6
103#559.0,718.3;549.3,647.1;565.4,559.7;503.9,569.4;529.8,647.1;549.3,718.3;539.5,562.9;565.4,472.3;562.2,475.5;580.0,409.2;669.0,553.2;633.4,520.9;610.7,475.5;526.6,469.1;520.1,507.9;575.1,585.6
104#567.9,709.3;566.4,640.5;577.0,555.2;516.5,561.8;542.3,638.8;551.1,709.9;551.8,557.2;576.5,470.0;573.9,473.7;589.9,409.3;678.1,529.0;652.4,510.6;621.2,473.1;538.6,467.4;526.6,500.2;562.1,562.9
105#576.9,700.4;583.6,633.8;588.7,550.7;529.1,554.3;554.8,630.4;552.9,701.5;564.1,551.5;587.6,467.7;585.6,471.9;599.7,409.4;687.2,504.8;671.5,500.2;631.7,470.7;550.6,465.7;533.1,492.4;549.1,540.2
106#585.8,691.4;600.7,627.2;600.3,546.3;541.7,546.7;567.4,622.1;554.7,693.2;576.3,545.9;598.6,465.3;597.4,470.0;609.6,409.4;696.2,480.7;690.5,489.9;642.3,468.3;562.7,464.1;539.7,484.7;536.1,517.4
107#594.8,682.5;617.9,620.5;612.0,541.8;554.3,539.2;579.9,613.7;556.5,684.8;588.6,540.2;609.7,463.0;609.1,468.2;619.4,409.5;705.3,456.5;709.6,479.5;652.8,465.9;574.7,462.4;546.2,476.9;523.1,494.7
108#603.7,673.5;635.0,613.9;623.6,537.3;566.9,531.6;592.4,605.4;558.3,676.4;600.9,534.5;620.8,460.7;620.8,466.4;629.3,409.6;714.4,432.3;728.6,469.2;663.3,463.5;586.7,460.7;552.7,469.2;510.1,472.0
109#599.8,687.8;634.3,630.3;640.1,547.0;585.5,526.9;597.0,595.9;565.4,661.9;617.1,544.2;631.4,460.8;631.4,463.7;630.0,401.9;726.2,414.9;726.2,449.3;674.5,463.7;594.1,458.0;525.1,463.7;568.2,435.0
110#609.0,693.7;639.5,635.6;645.6,565.4;605.9,547.1;602.9,577.6;578.4,629.5;624.3,550.1;639.5,458.5;639.5,464.6;638.0,402.0;731.2,418.8;731.2,449.3;685.3,458.5;599.8,455.4;538.7,461.5;581.5,434.0
111#629.5,689.5;665.5,626.5;659.5,563.5;611.5,551.5;557.5,539.5;590.5,608.5;635.5,554.5;647.5,458.5;647.5,461.5;637.0,406.0;731.5,434.5;740.5,467.5;689.5,458.5;608.5,458.5;563.5,467.5;542.5,470.5
112#649.3,672.4;689.1,614.3;670.7,556.1;609.5,528.6;588.1,543.9;603.4,602.0;637.1,540.8;655.4,461.3;652.4,464.4;647.8,404.7;731.9,449.1;747.2,476.6;695.2,464.4;612.6,458.3;569.8,482.7;606.5,543.9
113#669.4,650.4;718.2,596.8;671.8,533.4;623.1,535.8;571.9,540.7;608.5,613.8;649.9,538.3;657.2,462.7;659.7,460.3;656.0,412.7;737.7,462.7;752.3,489.5;703.5,465.1;615.8,465.1;579.2,504.1;608.5,521.2
114#694.8,635.1;746.7,583.1;690.2,544.7;638.3,540.1;579.5,553.7;606.6,630.5;665.4,542.4;665.4,465.6;667.6,463.3;666.5,414.7;728.7,497.2;755.8,501.7;708.3,463.3;624.7,465.6;597.6,508.5;608.9,626.0
115#715.5,635.3;764.9,574.2;696.7,546.0;640.3,543.7;581.6,581.3;605.1,656.5;668.5,546.0;670.9,468.5;670.9,463.8;679.1,422.7;739.0,501.4;760.2,510.8;715.5,470.8;621.5,473.2;579.2,513.1;607.4,517.8
116#738.6,640.6;776.9,574.3;697.8,541.2;646.8,543.7;593.2,599.8;608.5,678.9;674.8,543.7;679.9,472.3;679.9,469.7;686.3,417.4;736.0,505.4;761.6,510.5;720.7,469.7;634.0,469.7;608.5,508.0;616.2,515.6
117#735.5,656.6;781.9,591.7;698.4,548.5;649.0,554.7;605.7,625.7;608.8,696.8;673.7,548.5;683.0,471.2;683.0,474.3;690.7,411.0;738.6,511.4;772.6,499.0;726.3,471.2;639.7,471.2;605.7,511.4;608.8,523.8
118#731.3,685.5;774.1,618.3;713.0,551.1;658.0,554.2;624.4,624.4;609.1,694.7;685.5,551.1;688.5,468.6;688.5,468.6;687.0,403.0;771.0,477.8;789.3,480.9;731.3,459.5;642.7,468.6;587.7,502.2;615.2,499.2
119#728.9,700.2;757.7,626.4;722.4,549.5;664.8,552.7;629.5,623.2;610.3,690.5;693.6,552.7;693.6,456.6;693.6,459.8;692.0,400.5;789.8,463.0;799.4,456.6;738.5,450.2;651.9,466.2;603.9,498.2;635.9,488.6
120#734.6,703.1;757.0,627.4;731.4,545.4;680.2,547.6;653.5,624.2;624.8,688.1;704.7,547.6;700.5,455.9;701.6,458.1;709.5,400.0;757.2,493.1;785.3,439.5;741.0,447.4;661.0,465.5;628.0,503.8;652.5,495.3
121#740.4,706.0;756.3,628.4;740.3,541.4;695.7,542.4;677.6,625.2;639.4,685.8;715.9,542.4;707.4,455.3;709.5,456.3;727.0,399.5;724.7,523.1;771.3,422.5;743.6,444.7;670.2,464.9;652.1,509.4;669.1,502.0
122#746.1,708.9;755.6,629.4;749.3,537.3;711.1,537.3;701.6,626.2;653.9,683.4;727.0,537.3;714.3,454.6;717.5,454.6;744.5,399.0;692.1,553.2;757.2,405.4;746.1,441.9;679.3,464.2;676.2,515.0;685.7,508.7
123#742.1,697.9;777.3,636.2;756.8,551.1;709.8,554.0;654.0,568.7;718.6,603.9;730.3,551.1;709.8,451.3;709.8,451.3;693.6,411.7;759.7,421.9;780.2,439.6;756.8,442.5;674.6,466.0;674.6,521.8;674.6,565.8
124#750.8,683.8;795.9,630.2;756.4,545.7;708.5,557.0;669.0,559.8;736.7,599.2;731.0,545.7;700.0,455.5;694.4,452.7;645.1,420.3;757.8,425.9;776.1,455.5;736.7,438.6;666.2,475.2;677.5,545.7;722.6,593.6
125#756.4,671.6;809.2,623.8;756.4,538.3;716.2,548.4;676.0,566.0;746.3,613.8;736.3,545.9;711.1,468.0;718.7,468.0;654.6,416.4;761.4,440.3;784.0,468.0;753.9,452.9;676.0,485.6;683.5,548.4;748.9,611.2
126#790.5,658.4;824.8,610.5;767.7,537.4;724.3,544.3;685.5,583.1;749.4,637.9;742.6,542.0;717.5,468.9;712.9,455.2;654.7,424.4;770.0,473.5;790.5,478.1;754.0,453.0;680.9,480.3;680.9,535.1;706.0,571.7
127#805.9,645.3;842.9,592.2;769.0,536.8;732.1,548.3;695.1,603.7;757.5,656.8;750.5,541.4;720.5,465.2;720.5,456.0;707.8,411.0;769.0,476.8;796.7,483.7;759.8,456.0;681.3,476.8;681.3,529.9;704.4,513.7
128#816.4,627.2;856.6,569.5;771.3,526.9;726.1,544.5;698.6,609.7;756.2,667.3;748.7,534.4;723.6,464.2;723.6,459.2;719.9,407.8;778.8,474.2;808.9,481.8;761.3,454.2;686.0,476.7;678.5,526.9;706.1,514.4
129#825.7,599.9;866.8,542.3;770.8,528.6;726.9,550.5;710.5,619.0;757.1,679.4;748.9,536.8;724.2,462.7;724.2,460.0;731.1,401.0;795.5,471.0;820.2,471.0;765.3,451.8;688.6,471.0;641.9,506.6;661.1,503.9
130#826.0,571.2;865.7,517.3;775.0,520.2;721.1,551.3;726.7,630.8;757.9,693.1;749.4,531.5;718.2,460.6;721.1,460.6;701.2,409.5;823.2,457.8;777.8,454.9;757.9,446.4;689.9,469.1;627.5,494.6;661.5,491.8
131#754.2,687.2;855.2,496.1;756.9,553.4;718.7,561.6;743.3,629.9;756.9,695.4;740.6,553.4;732.4,455.1;735.1,452.4;713.3,403.2;814.3,548.0;803.4,441.5;765.1,446.9;694.1,457.8;625.9,477.0;645.0,471.5
132#753.1,682.4;755.8,627.7;758.6,548.4;728.5,540.2;736.7,627.7;747.6,690.6;747.6,540.2;799.6,504.7;796.9,507.4;851.5,493.7;813.3,545.7;843.3,499.2;810.5,507.4;780.4,496.5;630.1,455.5;668.3,441.8
133#759.5,671.9;756.9,609.8;793.1,503.8;720.7,555.5;741.4,615.0;751.7,677.0;759.5,508.9;751.7,444.3;746.5,441.7;718.1,395.2;811.2,540.0;837.0,498.6;780.2,441.7;710.3,444.3;663.8,441.7;663.8,408.1
134#767.6,661.0;766.3,597.7;795.2,493.6;726.4,539.1;749.1,602.8;752.0,658.0;762.9,498.2;750.6,439.3;746.4,438.3;719.5,392.9;802.7,538.8;834.9,505.4;778.8,436.5;710.6,440.5;668.1,443.0;664.8,421.0
135#775.7,650.2;775.6,585.7;797.3,483.3;732.0,522.6;756.9,590.6;752.4,639.0;766.2,487.6;749.4,434.3;746.3,434.8;721.0,390.7;794.3,537.6;832.8,512.2;777.5,431.3;711.0,436.7;672.4,444.3;665.9,433.9
136#783.8,639.3;785.0,573.6;799.4,473.1;737.7,506.2;764.6,578.4;752.7,620.0;769.6,476.9;748.3,429.3;746.2,431.4;722.4,388.4;785.8,536.4;830.7,519.0;776.1,426.1;711.3,432.9;676.7,445.6;666.9,446.8
137#791.9,628.4;794.3,561.6;801.6,462.8;743.3,489.7;772.3,566.1;753.0,601.0;772.9,466.2;747.1,424.3;746.0,427.9;723.8,386.1;777.4,535.2;828.7,525.7;774.7,420.8;711.6,429.0;681.0,446.9;668.0,459.7
138#800.0,617.5;803.7,549.5;803.7,452.6;749.0,473.3;780.0,553.9;753.3,582.0;776.3,455.5;746.0,419.3;745.9,424.5;725.2,383.8;768.9,534.0;826.6,532.5;773.3,415.6;711.9,425.2;685.3,448.2;669.0,472.6
139#808.1,606.7;813.0,537.5;805.8,442.3;754.6,456.8;787.8,541.7;753.7,563.0;779.6,444.9;744.8,414.3;745.8,421.0;726.7,381.6;760.5,532.8;824.5,539.3;772.0,410.4;712.3,421.4;689.6,449.5;670.1,485.5
140#816.2,595.8;822.4,525.4;807.9,432.1;760.3,440.4;795.5,529.5;754.0,544.0;783.0,434.2;743.7,409.3;745.7,417.6;728.1,379.3;752.0,531.6;822.4,546.1;770.6,405.2;712.6,417.6;693.9,450.8;671.1,498.4
141#794.1,584.5;826.2,516.0;806.9,428.1;766.2,432.4;721.2,503.1;753.4,558.8;789.8,432.4;731.9,415.3;740.5,415.3;713.7,375.6;824.1,580.2;757.6,453.8;764.1,400.3;706.2,417.4;701.9,443.1;684.8,483.8
142#805.5,568.1;822.4,513.3;805.5,426.9;767.6,429.0;733.9,504.9;759.2,568.1;786.6,424.8;723.3,416.4;729.7,412.2;692.8,375.3;801.3,504.9;767.6,454.3;742.3,418.5;704.4,412.2;651.7,424.8;647.5,464.9
143#856.7,556.5;843.0,503.9;813.2,423.7;776.6,435.2;735.4,515.3;762.9,572.5;799.5,426.0;726.2,428.3;726.2,426.0;701.1,394.0;751.4,476.4;772.0,458.1;746.8,419.2;703.3,414.6;666.7,405.4;662.1,448.9
144#876.6,558.2;850.9,504.4;822.9,441.4;771.5,446.0;736.5,509.1;759.8,572.2;794.9,443.7;748.1,408.7;741.1,418.0;706.1,383.0;827.6,509.1;778.5,462.4;769.2,406.3;720.1,460.0;734.1,390.0;715.4,439.0
145#895.2,568.0;861.1,509.6;822.2,439.0;783.2,441.5;732.1,509.6;758.9,572.9;802.7,441.5;756.4,400.1;754.0,400.1;710.2,385.5;834.3,509.6;785.7,460.9;785.7,390.4;734.5,392.8;732.1,409.8;705.3,448.8
146#903.2,577.0;865.8,509.5;835.8,432.0;790.8,439.5;760.8,494.5;758.2,574.5;813.2,434.5;750.8,402.0;753.2,402.0;715.8,372.0;830.8,499.5;758.2,494.5;780.8,389.5;723.2,462.0;730.8,517.0;760.8,564.5
147#907.7,575.1;871.7,510.8;833.0,423.2;791.9,441.3;763.5,497.9;758.4,572.5;817.6,436.1;761.0,405.2;761.0,402.6;719.8,371.8;835.6,490.2;768.7,482.4;784.1,394.9;730.1,459.3;732.7,518.5;761.0,567.4
148#911.5,579.4;873.3,513.2;847.9,441.9;802.0,447.0;766.4,500.5;758.7,576.9;824.9,439.3;753.6,416.4;758.7,408.8;723.1,373.1;766.4,566.7;768.9,505.6;781.6,401.1;733.2,459.7;733.2,515.7;756.2,574.3
149#911.3,582.8;875.7,519.3;850.3,443.0;804.5,450.6;763.8,506.5;763.8,580.3;830.0,445.5;763.8,409.9;763.8,409.9;723.2,376.9;768.9,577.7;771.5,521.8;791.8,399.7;741.0,420.1;735.9,521.8;761.3,577.7
150#906.6,590.0;877.9,525.4;854.0,446.4;806.1,453.6;772.6,518.2;765.4,585.2;830.0,448.8;748.7,424.9;748.7,422.5;733.1,366.2;822.9,494.3;787.0,453.6;791.8,396.2;724.8,434.4;736.7,527.7;765.4,582.8
151#894.2,599.0;874.0,533.8;856.0,459.7;813.3,457.5;743.7,533.8;766.1,590.0;835.8,457.5;741.4,430.5;734.7,421.5;694.3,390.1;849.2,536.1;779.6,441.8;804.3,403.6;725.7,439.5;683.0,444.0;662.8,453.0
152#866.6,610.5;773.8,529.3;776.1,480.5;752.9,485.2;743.6,540.9;769.2,594.2;764.5,485.2;727.4,429.5;722.8,429.5;699.6,385.4;755.2,482.9;773.8,438.8;748.3,427.2;708.8,438.8;687.9,443.4;671.7,455.0
153#854.2,625.5;862.8,571.7;778.8,496.3;753.0,502.8;742.2,543.7;770.2,595.3;763.8,496.3;731.5,438.2;729.3,436.1;711.0,394.1;753.0,494.2;778.8,453.3;753.0,429.6;707.8,444.7;675.5,451.1;660.5,470.5
154#772.5,594.4;763.9,541.0;770.3,500.4;744.7,511.1;746.9,549.5;768.2,598.6;759.7,506.8;736.2,444.9;731.9,444.9;722.3,399.0;759.7,481.2;776.7,457.7;757.5,440.7;710.6,449.2;674.3,449.2;659.3,477.0
155#772.0,597.3;762.0,545.3;782.0,509.4;744.0,519.4;736.0,551.3;768.0,601.3;760.0,517.4;746.0,455.4;742.0,453.4;735.0,410.5;806.0,499.4;792.0,469.4;768.0,455.4;722.0,457.4;688.1,451.4;690.1,447.4
156#771.0,600.8;784.9,549.2;761.0,517.4;735.2,525.3;753.1,557.1;767.0,600.8;751.1,525.3;755.1,453.8;755.1,451.8;736.2,415.1;804.7,501.5;784.9,485.6;776.9,453.8;739.2,457.8;699.5,459.8;691.5,451.8
157#771.0,602.4;787.0,556.4;833.0,528.4;781.0,508.4;733.0,540.4;763.0,594.4;813.0,524.4;793.0,456.4;783.0,452.4;742.0,413.4;827.0,500.4;859.0,508.4;833.0,460.4;743.0,458.4;701.0,464.4;689.0,452.4
158#811.1,655.8;811.1,623.0;823.4,518.3;780.3,508.0;731.0,540.8;763.9,594.2;802.9,516.2;788.5,454.6;788.5,450.5;785.4,406.4;823.4,499.8;856.2,495.7;829.6,458.7;747.4,452.6;696.1,464.9;694.1,458.7
159#794.4,632.0;796.4,595.4;820.8,514.3;778.2,506.2;725.4,532.5;761.9,591.4;800.5,510.2;788.3,451.4;786.3,445.3;783.2,405.7;818.7,498.0;843.1,485.9;826.9,457.5;749.8,449.3;701.0,463.5;686.8,457.5
160#773.9,641.7;782.7,593.2;815.7,511.8;780.5,494.2;718.9,540.4;756.3,586.6;798.1,505.2;791.5,450.2;791.5,443.6;786.0,394.0;804.7,494.2;839.9,494.2;828.9,454.6;751.9,443.6;701.3,463.4;692.5,459.0
161#770.7,643.2;782.2,586.0;798.2,506.0;757.0,501.4;709.0,547.1;750.1,586.0;777.6,501.4;791.3,444.2;793.6,437.4;797.0,388.2;821.0,503.7;846.2,508.3;839.3,451.1;752.4,437.4;709.0,455.7;690.7,448.8
162#770.3,641.8;779.5,577.6;786.4,497.4;749.7,488.2;703.8,550.1;745.1,582.2;768.0,492.8;791.0,433.2;791.0,426.3;805.9,383.9;834.5,504.2;848.3,453.8;827.6,442.3;752.0,426.3;703.8,442.3;669.4,469.8
163#769.5,638.9;778.7,568.2;778.7,490.6;737.6,479.2;698.8,547.6;746.7,581.8;758.1,481.5;792.4,426.7;794.6,413.0;811.8,384.5;833.4,502.0;840.3,445.0;833.4,435.8;751.3,415.3;701.1,424.4;689.7,422.2
164#775.6,626.6;780.8,558.6;780.8,482.8;733.8,472.3;702.4,545.5;752.1,579.5;754.7,480.2;788.7,412.2;788.7,406.9;808.3,355.9;825.3,493.2;835.8,440.9;827.9,420.0;749.5,399.1;710.2,401.7;689.3,404.3
165#780.3,607.5;780.3,544.6;775.0,471.1;735.7,463.2;706.9,541.9;754.1,581.3;754.1,471.1;782.9,400.3;785.5,395.0;805.2,341.3;822.3,489.5;830.1,437.0;824.9,408.2;743.6,389.8;680.6,387.2;717.3,374.1
166#785.3,588.5;782.5,525.5;782.5,454.3;738.7,446.1;714.1,533.7;752.4,577.5;757.9,454.3;782.5,383.1;782.5,377.7;801.7,328.4;823.6,484.4;823.6,435.2;820.9,396.8;741.5,372.2;694.9,366.7;736.0,336.6
167#790.2,578.6;785.1,515.6;779.5,441.7;734.9,436.2;720.7,522.2;748.4,572.4;755.4,441.7;778.4,371.0;778.4,366.3;799.0,315.8;823.5,467.3;819.1,423.4;814.0,382.4;741.2,359.3;703.5,373.3;735.3,370.9
168#795.2,568.7;787.6,505.8;776.6,429.0;731.0,426.3;727.2,510.7;744.5,567.3;752.9,429.0;774.4,358.9;774.4,354.9;796.2,303.1;823.4,450.1;814.5,411.6;807.0,367.9;740.8,346.5;712.0,380.0;734.5,405.3
169#800.1,558.8;790.2,495.9;773.6,416.4;727.2,416.4;733.8,499.2;740.5,562.2;750.4,416.4;770.3,346.8;770.3,343.5;793.5,290.5;823.3,433.0;810.0,399.8;800.1,353.5;740.5,333.6;720.6,386.6;733.8,439.6
170#795.0,546.1;791.9,483.7;770.0,408.8;726.4,412.0;735.7,489.9;742.0,549.2;754.4,408.8;763.8,337.1;766.9,334.0;788.8,281.0;819.9,424.4;801.2,387.0;788.8,337.1;732.6,337.1;720.1,390.1;720.1,436.9
