1#820.1,624.2;820.1,598.4;868.4,504.9;794.3,508.1;765.3,620.9;770.1,651.6;826.5,508.1;791.1,392.1;800.7,398.6;765.3,350.2;794.3,276.1;820.1,318.0;829.7,372.8;752.4,405.0;713.7,363.1;681.5,314.8
2#820.1,623.3;820.1,597.5;868.5,504.0;797.5,510.4;765.3,620.1;770.1,650.7;829.8,507.2;791.1,391.1;800.7,397.6;765.3,349.2;794.3,275.0;820.1,320.2;826.5,371.8;752.4,407.2;713.7,362.1;681.4,313.7
3#810.4,613.7;805.0,582.7;853.5,498.2;784.1,505.7;749.0,608.2;762.4,644.6;816.2,502.1;779.3,387.1;787.7,392.4;753.4,342.6;792.6,276.9;816.9,321.6;816.8,368.7;740.0,402.3;705.0,363.3;678.7,322.1
4#800.7,604.1;790.0,567.9;838.5,492.4;770.7,501.0;732.8,596.3;754.8,638.4;802.6,497.1;767.5,383.1;774.7,387.2;741.6,336.0;790.9,278.8;813.8,323.1;807.0,365.6;727.7,397.5;696.4,364.5;676.0,330.4
5#791.0,594.5;774.9,553.0;823.6,486.5;757.3,496.3;716.5,584.4;747.1,632.3;789.0,492.0;755.6,379.1;761.6,382.1;729.8,329.4;789.3,280.7;810.6,324.5;797.3,362.5;715.4,392.6;687.7,365.6;673.3,338.8
6#781.3,584.9;759.9,538.2;808.6,480.7;743.9,491.6;700.3,572.5;739.4,626.1;775.5,486.9;743.8,375.1;748.6,376.9;717.9,322.8;787.6,282.6;807.4,325.9;787.6,359.4;703.0,387.8;679.0,366.8;670.6,347.2
7#771.7,575.2;744.8,523.4;793.6,474.9;730.6,486.9;684.0,560.6;731.8,620.0;761.9,481.8;732.0,371.2;735.6,371.7;706.0,316.1;785.9,284.5;804.2,327.3;777.9,356.3;690.6,382.9;670.4,368.0;667.8,355.6
8#762.0,565.6;729.7,508.6;778.6,469.1;717.2,482.2;667.7,548.7;724.1,613.9;748.3,476.8;720.2,367.2;722.6,366.6;694.2,309.5;784.2,286.4;801.1,328.8;768.1,353.2;678.3,378.1;661.7,369.2;665.1,363.9
9#752.3,556.0;714.7,493.7;763.7,463.2;703.8,477.5;651.5,536.8;716.5,607.7;734.7,471.7;708.3,363.2;709.5,361.4;682.3,302.9;782.6,288.3;797.9,330.2;758.4,350.1;665.9,373.2;653.1,370.3;662.4,372.3
10#742.6,546.4;699.6,478.9;748.7,457.4;690.4,472.8;635.2,524.9;708.8,601.6;721.1,466.6;696.5,359.2;696.5,356.2;670.5,296.3;780.9,290.2;794.7,331.6;748.7,347.0;653.6,368.4;644.4,371.5;659.7,380.7
11#737.2,555.4;702.2,488.4;725.5,444.7;681.8,456.3;600.2,491.3;667.2,561.2;705.1,453.4;676.0,345.6;678.9,342.7;646.8,293.1;786.7,290.2;786.7,336.8;716.8,336.8;635.2,357.2;623.5,360.2;632.3,336.8
12#731.4,567.7;702.4,498.1;711.1,440.0;661.7,457.4;574.7,457.4;635.6,521.3;687.9,448.7;655.9,341.4;653.0,335.5;624.0,280.4;783.6,303.6;772.0,344.3;696.6,329.7;612.4,353.0;615.3,347.2;635.6,347.2
13#725.3,585.0;700.0,515.5;696.9,442.7;649.4,449.1;706.4,518.6;731.7,585.0;671.6,442.7;643.1,338.4;643.1,335.2;598.9,284.6;769.6,306.8;757.0,351.0;687.4,335.2;598.9,347.9;598.9,354.2;598.9,341.5
14#735.4,615.0;711.0,541.8;686.6,454.7;641.4,461.7;700.6,538.3;728.5,601.0;662.3,454.7;627.4,346.7;623.9,343.2;589.1,284.0;742.4,329.3;735.4,360.6;676.2,339.7;582.1,357.1;568.2,350.2;575.1,343.2
15#745.3,644.9;717.5,564.7;679.1,477.6;630.4,477.6;700.0,571.7;734.9,634.4;654.7,474.1;612.9,352.2;609.4,352.2;578.1,293.0;714.0,317.3;720.9,355.7;654.7,348.7;571.1,362.6;511.9,359.2;536.3,355.7
16#729.5,646.7;697.5,568.5;658.4,476.1;608.7,479.6;679.8,557.8;722.4,639.6;633.6,479.6;601.6,365.9;598.0,362.3;562.5,298.4;662.0,291.2;701.1,341.0;633.6,351.7;566.0,380.1;519.8,355.2;523.4,351.7
17#709.3,649.4;677.7,566.3;642.1,487.2;586.7,499.1;650.0,558.4;606.5,550.5;614.4,495.1;586.7,376.4;586.7,376.4;562.9,317.0;626.2,285.4;665.8,332.9;626.2,368.5;547.1,388.3;519.4,352.7;555.0,305.2
18#682.3,648.3;656.5,567.3;616.0,501.1;560.8,512.1;535.1,519.5;601.3,593.1;586.6,501.1;571.9,383.3;571.9,390.7;564.5,331.8;597.6,287.7;623.4,328.2;616.0,376.0;524.1,383.3;509.3,357.6;549.8,298.7
19#658.0,638.0;632.5,558.2;600.6,507.1;549.5,516.7;533.5,561.4;603.8,622.1;571.8,510.3;559.0,401.7;559.0,404.9;552.7,341.1;583.0,307.5;597.4,344.3;597.4,401.7;517.5,404.9;514.3,344.3;551.1,301.1
20#624.7,614.5;611.8,550.1;579.6,517.9;521.6,530.8;524.8,579.1;592.5,646.7;550.6,524.3;547.4,421.3;547.4,421.3;540.9,356.9;589.3,340.8;608.6,392.3;592.5,418.1;508.7,421.3;492.6,376.2;542.6,323.1
21#593.9,607.8;600.4,540.0;568.1,546.5;510.0,559.4;522.9,604.6;574.6,678.8;539.1,546.5;539.1,430.3;539.1,433.6;542.3,365.8;593.9,372.3;610.1,420.7;587.5,430.3;497.1,423.9;493.9,394.8;531.0,357.7
22#566.2,600.1;497.7,609.0;557.3,555.4;503.7,561.4;503.7,609.0;539.4,677.5;530.5,558.4;533.4,442.2;533.4,445.2;530.5,382.7;599.0,397.5;604.9,445.2;575.1,445.2;491.7,448.2;494.7,424.4;518.6,409.5
23#517.6,669.3;498.1,599.5;542.8,568.8;492.5,568.8;481.4,582.8;509.3,669.3;514.9,566.0;523.2,457.2;523.2,451.6;527.4,394.4;598.6,423.7;598.6,468.4;567.9,460.0;484.2,448.8;481.4,440.4;481.4,446.0
24#470.4,649.1;458.4,562.6;528.0,586.6;468.0,557.8;460.8,581.8;463.2,649.1;496.8,565.0;518.4,461.8;518.4,457.0;523.2,404.2;602.4,452.2;597.6,488.2;564.0,469.0;477.6,457.0;597.6,490.6;600.0,445.0
25#461.0,610.4;396.0,592.4;449.8,563.3;521.5,581.2;575.4,554.3;546.2,617.1;490.2,572.2;514.8,469.1;517.1,460.1;526.0,410.8;384.8,561.0;420.6,491.5;474.5,457.9;559.7,480.3;591.1,507.2;604.5,466.9
26#542.1,645.5;578.5,575.0;517.1,590.9;451.1,570.4;396.5,556.8;462.5,604.6;487.5,579.5;514.8,472.6;521.6,461.2;536.4,416.9;601.3,490.8;589.9,520.4;562.6,484.0;478.4,458.9;442.0,484.0;501.1,490.8
27#520.8,675.9;579.5,593.7;516.1,586.6;464.4,589.0;523.1,570.2;520.8,664.2;490.2,586.6;525.5,476.2;527.8,462.1;543.1,425.7;614.8,502.0;596.0,534.9;565.4,490.3;485.5,457.4;452.6,492.6;485.5,504.4
28#533.9,696.6;581.0,610.2;520.8,589.3;452.8,578.8;510.4,581.4;531.3,678.2;486.8,581.4;531.3,471.5;533.9,458.4;556.2,412.6;615.1,523.8;591.5,542.2;570.6,487.2;492.1,458.4;479.0,500.3;513.0,497.7
29#535.4,711.6;576.6,623.4;523.7,579.3;467.8,567.6;547.2,608.7;529.5,702.8;494.3,570.5;538.3,464.7;541.3,453.0;560.4,404.5;626.5,541.1;600.1,547.0;582.4,485.3;497.2,453.0;482.5,500.0;509.0,526.4
30#543.6,723.7;575.1,641.8;537.3,582.0;483.8,569.4;549.9,635.5;534.1,717.4;508.9,572.6;546.7,459.2;549.9,449.8;567.2,394.7;631.7,563.1;606.5,534.8;590.8,475.0;505.8,440.3;493.2,497.0;518.4,534.8
31#564.5,731.3;581.1,638.5;548.0,578.9;485.0,559.0;551.3,618.7;554.6,724.7;518.2,572.3;554.6,449.7;554.6,446.4;569.5,388.4;634.1,585.5;620.8,532.5;601.0,469.6;508.2,423.2;465.2,492.8;448.6,545.8
32#579.9,730.0;596.3,644.7;563.5,566.0;494.6,549.6;563.5,592.2;553.6,631.6;530.7,562.7;563.5,447.9;563.5,444.7;570.0,379.1;638.9,572.5;635.6,526.6;609.4,464.3;517.6,428.3;484.8,385.6;545.4,370.9
33#585.4,726.1;618.9,629.8;560.3,558.6;510.0,550.2;577.0,583.7;564.5,654.9;535.2,554.4;564.5,441.3;564.5,441.3;577.0,382.7;623.1,541.8;648.2,512.5;610.5,458.1;522.6,432.9;493.3,378.5;547.7,340.8
34#595.2,709.3;643.8,624.3;574.9,563.5;518.2,555.4;595.2,604.0;558.7,685.0;546.6,563.5;570.9,442.0;570.9,442.0;574.9,381.2;635.7,498.7;664.0,502.7;615.4,454.1;530.4,429.8;506.1,373.1;538.5,320.4
35#612.5,682.1;661.1,607.4;590.1,573.8;526.6,566.3;590.1,611.1;556.5,708.3;556.5,573.8;575.2,443.0;578.9,446.7;575.2,383.2;683.5,472.9;676.1,487.8;620.0,446.7;534.1,431.8;519.1,375.7;547.2,329.0
36#620.0,645.9;684.0,585.6;593.6,555.4;525.8,555.4;582.3,645.9;552.1,736.3;559.7,555.4;582.3,434.9;586.0,446.2;578.5,382.1;661.4,423.6;691.5,468.8;627.5,446.2;540.8,431.1;518.2,404.7;548.4,359.5
37#639.2,615.7;701.7,545.9;609.9,568.0;547.4,579.0;558.4,663.5;554.8,740.6;580.5,571.6;584.1,443.1;584.1,446.7;589.7,375.1;665.0,395.3;690.7,439.4;628.2,446.7;536.4,439.4;499.6,424.7;545.6,382.4
38#642.1,597.0;699.4,524.4;603.9,566.4;542.8,570.2;550.4,677.2;550.4,746.0;573.3,570.2;596.3,444.2;592.4,444.2;592.4,379.2;663.1,373.5;688.0,417.4;642.1,440.3;554.2,444.2;561.9,417.4;563.8,365.8
39#642.3,592.6;642.3,553.5;616.2,553.5;568.4,562.2;551.0,657.9;551.0,740.5;585.8,562.2;598.8,444.8;598.8,444.8;598.8,379.6;664.0,357.9;681.4,401.4;642.3,440.5;555.3,449.2;524.9,444.8;524.9,414.4
40#651.5,589.1;642.9,550.3;630.0,554.6;578.3,563.2;565.4,649.4;561.1,735.6;604.2,558.9;599.8,451.2;599.8,442.6;599.8,386.6;668.8,339.2;668.8,395.2;647.2,442.6;561.1,455.5;530.9,464.1;526.6,434.0
41#656.8,594.2;672.0,510.7;637.8,552.5;584.7,560.0;569.5,639.7;573.3,719.4;611.3,560.0;596.1,453.8;596.1,446.2;596.1,389.3;672.0,351.3;668.2,396.9;645.4,442.4;550.6,465.2;550.6,522.1;607.5,541.1
42#668.6,610.2;684.9,531.8;642.4,554.7;583.6,567.7;583.6,613.5;586.8,701.8;609.7,564.5;586.8,463.1;577.0,450.0;531.2,397.7;668.6,368.3;678.4,420.6;632.6,450.0;544.3,476.2;534.5,535.0;567.2,531.8
43#661.6,638.4;689.1,555.8;637.2,555.8;582.1,565.0;597.4,601.7;600.5,675.0;609.6,558.9;588.2,467.2;588.2,455.0;591.3,396.9;673.8,403.0;683.0,445.8;631.0,458.0;542.4,479.4;530.2,543.6;573.0,528.3
44#659.4,665.9;690.4,578.3;628.5,565.4;569.2,573.1;587.2,580.9;605.3,645.3;597.6,568.0;587.2,472.6;592.4,459.7;587.2,403.0;672.3,426.2;682.6,467.4;636.2,459.7;533.1,485.5;522.8,544.8;507.3,570.6
45#654.8,692.7;688.6,601.8;626.3,583.6;558.7,583.6;563.9,562.9;574.3,620.0;595.1,583.6;584.7,477.1;587.3,461.5;583.4,405.7;670.4,443.4;678.2,484.9;639.3,466.7;527.6,484.9;514.6,539.5;569.1,523.9
46#656.4,722.2;675.3,630.8;615.5,583.6;555.6,583.6;561.9,574.1;555.6,621.4;584.0,583.6;580.8,476.5;580.8,470.2;582.4,405.6;672.2,470.2;669.0,501.7;634.4,470.2;530.4,476.5;505.2,533.2;555.6,536.3
47#653.7,738.6;657.0,662.3;623.8,599.2;567.4,595.9;630.5,655.6;640.4,738.6;594.0,599.2;577.4,476.5;577.4,469.8;575.7,405.1;673.6,496.4;660.3,522.9;627.2,473.1;530.9,476.5;494.4,503.0;521.0,526.2
48#656.5,739.7;649.7,671.9;622.6,597.4;568.4,590.6;622.6,661.8;636.1,736.3;595.5,594.0;581.9,478.8;581.9,468.6;566.7,405.9;676.8,522.8;653.1,539.8;629.4,478.8;534.5,478.8;504.0,478.8;571.8,522.8
49#646.4,737.1;649.8,661.4;618.8,585.6;563.7,582.2;615.4,654.5;622.3,726.8;591.3,582.2;584.4,475.4;584.4,468.5;570.6,406.6;677.4,544.3;653.3,547.7;632.6,482.3;532.7,475.4;484.5,468.5;508.6,420.3
50#628.4,718.9;641.2,651.7;615.6,575.0;558.0,571.8;593.2,664.5;596.4,718.9;586.8,571.8;583.6,482.3;583.6,469.5;572.4,410.3;679.5,568.6;654.0,549.4;638.0,488.7;532.5,472.7;506.9,459.9;502.1,410.3
51#614.9,691.2;636.5,626.4;620.3,575.2;571.8,575.2;577.2,615.6;590.7,699.3;596.0,575.2;588.0,483.5;588.0,470.0;581.2,420.1;671.6,577.9;660.8,545.5;644.6,488.9;536.7,475.4;507.0,472.7;501.6,434.9
52#612.3,667.8;633.1,608.3;627.1,578.6;570.7,578.6;564.7,661.9;582.5,712.4;600.4,575.6;594.4,483.5;594.4,471.6;587.0,419.6;665.8,554.8;680.6,548.9;647.9,483.5;543.9,480.5;514.2,483.5;493.4,471.6
53#673.3,648.8;618.0,648.8;636.4,584.3;578.1,587.4;581.2,673.4;590.4,744.0;608.8,584.3;599.6,486.1;599.6,473.8;595.0,420.1;667.2,522.9;697.9,532.1;648.7,483.0;547.4,480.0;513.6,522.9;498.3,483.0
54#614.3,638.2;569.0,670.6;637.0,586.4;581.9,592.9;578.7,696.6;585.2,761.4;607.9,586.4;598.1,482.7;601.4,473.0;596.5,419.5;679.1,508.6;705.1,511.9;653.2,479.5;546.3,485.9;526.9,544.3;520.4,566.9
55#619.2,654.3;566.2,674.2;635.8,578.1;579.5,598.0;576.2,694.0;576.2,763.6;606.0,588.0;592.7,482.0;592.7,475.4;601.0,417.4;645.7,448.9;698.7,478.7;642.4,475.4;543.0,492.0;529.8,545.0;546.3,541.7
56#634.0,694.5;630.5,614.5;644.4,569.3;585.3,583.2;578.3,666.7;592.3,750.2;616.6,572.8;599.2,482.3;599.2,478.8;592.3,416.2;642.7,404.0;686.2,447.5;654.9,468.4;550.5,496.2;526.2,558.8;519.2,576.2
57#618.0,745.0;632.3,652.3;643.0,577.5;589.5,584.6;564.6,645.2;593.1,734.3;614.5,581.1;593.1,481.3;593.1,481.3;582.4,424.3;651.9,383.4;667.9,420.8;643.0,463.5;546.8,502.7;525.4,559.7;511.2,581.1
58#618.3,759.3;634.0,673.1;637.9,586.8;575.1,590.7;551.6,626.0;575.1,692.7;606.5,590.7;586.9,484.8;586.9,484.8;563.4,426.0;657.5,390.7;673.2,410.3;634.0,469.1;539.8,508.3;528.1,575.0;532.0,590.7
59#628.4,772.0;639.4,691.7;624.8,589.4;573.7,593.0;610.2,695.3;621.1,768.4;595.6,593.0;573.7,494.4;573.7,487.1;551.7,428.7;672.3,421.4;675.9,454.3;624.8,476.2;526.2,512.7;518.9,582.1;507.9,618.6
60#645.8,777.1;635.4,698.0;625.1,608.5;580.4,622.3;604.5,704.8;625.1,773.6;597.6,618.9;559.8,501.9;559.8,491.6;540.8,438.3;664.7,445.2;666.4,477.8;607.9,484.7;511.6,522.6;504.7,587.9;501.3,632.6
61#644.5,778.4;634.6,702.9;608.4,620.7;565.6,627.3;601.8,706.1;621.5,775.1;585.4,620.7;545.9,502.5;542.7,492.6;527.9,445.0;660.9,476.2;657.6,499.2;595.2,486.0;496.7,518.9;490.1,584.6;490.1,633.9
62#630.8,761.4;630.8,678.4;595.7,614.6;531.9,605.0;541.5,640.1;525.5,697.6;567.0,614.6;541.5,499.7;541.5,493.3;530.3,450.3;656.4,496.5;646.8,515.7;586.2,487.0;493.6,509.3;477.7,569.9;506.4,592.3
63#622.6,739.0;641.6,656.8;578.4,596.8;524.7,599.9;540.5,631.5;537.3,729.5;549.9,599.9;537.3,498.8;537.3,495.6;535.7,434.0;651.1,514.6;641.6,530.4;581.5,489.3;496.2,505.1;458.3,565.2;452.0,596.8
64#615.1,710.0;653.2,639.7;565.3,590.0;515.5,598.7;547.8,645.6;539.0,739.3;539.0,598.7;536.0,499.2;536.0,490.4;540.4,442.1;656.1,528.5;635.6,543.1;585.8,496.3;489.2,505.1;436.5,540.2;445.3,537.3
65#606.5,692.2;657.7,620.5;562.1,596.6;497.3,610.3;551.9,664.9;541.6,757.1;528.0,606.9;538.2,504.5;538.2,504.5;543.3,444.7;664.5,555.7;630.4,542.0;586.0,501.1;493.8,504.5;456.3,514.7;439.2,518.1
66#627.8,660.5;666.0,594.5;561.8,601.4;502.8,611.8;548.0,691.7;541.0,785.5;534.1,604.9;541.0,504.2;544.5,504.2;546.2,443.4;655.6,556.3;638.2,545.9;586.2,504.2;502.8,504.2;450.7,490.3;490.7,450.4
67#612.9,650.4;662.2,570.7;555.9,608.7;495.1,616.3;536.9,711.2;536.9,806.1;525.5,612.5;544.5,502.4;544.5,502.4;559.7,441.6;628.0,540.3;647.0,547.9;586.3,506.2;495.1,491.0;453.4,472.0;480.0,426.4
68#614.6,645.3;652.4,565.6;568.5,607.6;501.4,620.1;522.4,733.4;530.7,817.2;534.9,611.8;547.5,502.7;547.5,506.9;568.5,444.0;627.2,632.7;656.5,544.7;593.6,511.1;497.2,490.1;455.3,456.6;476.2,410.5
69#625.6,644.8;654.8,564.5;581.8,619.2;519.8,633.8;523.5,746.9;534.4,838.0;549.0,622.9;556.3,506.2;556.3,509.8;563.6,447.9;625.6,626.5;669.3,535.4;600.1,513.5;512.5,495.3;468.8,455.2;470.6,405.9
70#626.0,675.6;670.6,594.5;557.0,627.0;504.3,627.0;524.6,744.6;536.7,821.7;532.7,627.0;553.0,513.4;553.0,517.4;565.1,456.6;634.1,525.5;670.6,529.6;597.6,521.5;508.3,501.2;475.9,460.6;471.8,416.0
71#626.7,708.0;678.4,630.5;567.6,634.2;497.5,637.9;527.0,752.3;545.5,829.9;534.4,637.9;549.2,523.5;549.2,523.5;571.3,464.4;604.5,508.7;667.3,530.8;597.1,523.5;501.2,512.4;456.9,490.2;462.4,451.5
72#625.0,731.8;674.1,654.6;572.3,640.6;495.1,654.6;530.2,752.9;544.2,826.6;530.2,651.1;551.3,528.2;551.3,531.8;567.1,470.3;593.4,503.7;653.0,528.2;596.9,528.2;505.6,528.2;449.5,528.2;468.8,477.3
73#625.1,761.8;665.8,683.6;574.1,639.4;506.1,653.0;523.1,748.2;546.9,822.9;543.5,649.6;550.3,537.5;550.3,534.1;552.0,474.6;570.7,486.5;628.5,517.1;597.9,530.7;495.9,537.5;444.9,554.5;468.7,520.5
74#622.9,789.6;646.9,707.4;575.0,642.3;516.7,649.2;509.9,738.2;540.7,810.1;544.1,642.3;540.7,536.2;540.7,536.2;540.7,474.6;547.6,471.2;602.3,505.4;588.6,529.4;492.8,543.1;455.1,560.2;479.1,556.7
75#618.1,813.8;625.3,727.7;575.1,641.6;517.7,656.0;485.4,720.5;528.4,785.1;546.4,652.4;524.9,541.2;521.3,534.1;528.4,473.1;524.9,455.2;560.7,483.9;571.5,530.5;478.2,548.4;474.7,602.2;485.4,573.5
76#616.4,831.1;601.8,747.3;565.4,638.0;507.1,641.7;459.8,692.7;518.0,765.5;536.2,641.7;485.3,543.3;481.6,532.4;441.5,485.0;485.3,572.4;525.3,572.4;514.4,528.7;445.2,550.6;463.4,601.6;456.1,594.3
77#626.3,841.2;592.8,748.2;555.6,651.5;511.0,651.5;436.6,677.6;496.1,737.1;533.3,651.5;496.1,536.3;488.7,528.8;492.4,473.0;503.5,580.9;518.4,566.0;533.3,521.4;455.2,554.9;462.6,610.6;406.9,599.5
78#610.7,821.2;592.7,738.5;542.4,645.1;499.2,648.6;567.5,734.9;589.1,814.0;520.8,648.6;484.8,537.2;481.2,533.6;474.0,476.1;493.8,452.7;515.4,452.7;528.0,522.8;445.3,555.2;430.9,609.1;441.7,598.3
79#595.4,808.2;595.4,730.4;517.6,642.0;471.6,656.2;570.6,730.4;560.0,808.2;492.8,649.1;422.1,599.6;415.1,599.6;358.5,567.8;496.4,567.8;436.3,659.7;436.3,560.7;422.1,574.9;411.5,663.2;461.0,702.1
80#577.7,780.2;594.3,727.0;501.2,650.6;464.7,663.9;571.0,720.4;544.4,776.8;481.3,660.6;404.9,610.7;391.6,597.4;355.1,550.9;428.1,544.3;458.0,560.9;418.2,587.5;381.6,630.7;411.5,677.2;448.1,710.4
81#525.9,757.1;582.3,715.5;505.1,659.1;448.7,659.1;525.9,682.8;424.9,712.5;472.4,659.1;457.6,555.1;457.6,552.1;439.7,495.7;520.0,519.4;531.8,552.1;505.1,549.1;410.0,558.1;392.2,531.3;374.4,477.9
82#512.0,737.7;562.3,701.8;488.1,656.4;428.3,665.9;564.7,699.4;397.2,732.9;459.4,661.1;442.7,563.0;447.4,558.3;437.9,508.0;516.8,546.3;516.8,572.6;488.1,560.7;411.6,565.4;385.2,558.3;372.1,502.0
83#529.2,723.3;536.0,679.9;488.0,666.1;426.3,670.7;392.0,684.4;385.1,762.2;451.4,663.9;444.6,572.4;440.0,563.2;427.4,511.8;517.7,563.2;524.6,590.7;483.4,565.5;403.4,574.7;385.1,556.4;375.9,538.1
84#503.1,721.6;510.8,665.0;464.6,662.5;415.7,665.0;382.3,698.4;379.7,780.7;438.9,665.0;438.9,575.1;436.3,572.5;426.0,515.9;513.4,572.5;518.5,603.3;485.1,572.5;395.2,572.5;382.3,562.2;366.9,521.1
85#476.7,725.4;492.6,656.5;479.3,659.2;418.4,664.5;381.4,720.1;384.0,794.3;450.2,661.8;434.3,577.1;437.0,571.8;422.4,514.8;492.6,611.5;511.1,614.2;479.3,571.8;391.9,577.1;346.9,563.8;360.2,532.1
86#477.2,742.8;490.6,662.4;471.8,649.1;426.3,659.8;388.8,729.4;386.1,807.0;453.1,657.1;434.3,574.1;437.0,568.7;422.3,519.2;538.8,600.9;514.7,622.3;485.2,571.4;396.9,582.1;343.3,579.4;386.1,643.7
87#468.7,770.3;485.4,689.7;482.6,636.9;424.3,648.1;396.5,728.6;391.0,803.6;452.1,642.5;435.4,570.3;438.2,564.7;422.9,510.6;510.4,625.8;515.9,614.7;488.2,567.5;391.0,570.3;346.5,592.5;335.4,589.7
88#473.8,786.9;487.8,705.7;490.6,632.9;429.0,638.5;398.2,714.1;395.4,792.5;459.8,632.9;437.4,560.1;437.4,562.9;424.8,508.3;518.6,621.7;524.2,604.9;482.2,557.3;392.6,568.5;345.0,604.9;384.2,621.7
89#476.5,794.1;487.9,711.8;499.2,640.8;439.6,632.3;399.8,700.4;402.7,771.4;465.1,632.3;442.4,561.3;445.3,558.4;424.0,503.1;513.4,603.9;544.7,598.2;487.9,558.4;402.7,564.1;371.4,606.7;377.1,618.1
90#482.1,801.0;489.7,725.6;500.7,653.1;450.7,652.0;429.9,721.4;434.1,788.1;473.4,649.7;446.8,556.7;448.8,551.4;435.1,499.1;529.6,570.3;548.2,575.6;489.7,551.4;405.5,562.0;385.8,622.4;435.9,578.0
91#487.8,807.9;491.6,739.3;502.2,665.5;461.8,671.8;459.9,742.4;465.4,804.9;481.7,667.2;451.3,552.2;452.2,544.3;446.3,495.1;545.7,536.7;551.6,553.1;491.6,544.3;408.4,560.0;400.2,638.1;494.6,538.0
92#493.4,814.8;493.4,753.1;503.7,677.8;472.9,691.5;490.0,763.4;496.8,821.6;490.0,684.6;455.7,547.6;455.7,537.3;457.4,491.1;561.9,503.1;555.1,530.5;493.4,537.3;411.2,557.9;414.6,653.8;553.4,497.9
93#496.5,802.9;508.3,732.9;499.1,663.4;459.3,668.3;492.1,730.1;495.6,803.2;478.2,663.7;457.5,540.3;457.5,533.4;462.4,482.8;574.3,507.4;556.9,528.9;499.7,530.2;415.0,548.2;407.6,627.1;508.7,553.1
94#499.7,791.0;523.2,712.7;494.6,649.1;445.8,645.1;494.3,696.9;494.4,784.7;466.5,642.8;459.3,532.9;459.3,529.5;467.3,474.6;586.7,511.7;558.8,527.2;506.1,523.1;418.8,538.5;400.7,600.5;464.1,608.4
95#502.8,779.1;538.1,692.5;490.0,634.7;432.2,621.9;496.4,663.6;493.2,766.3;454.7,621.9;461.1,525.6;461.1,525.6;472.3,466.3;599.1,516.0;560.6,525.6;512.4,516.0;422.6,528.8;393.7,573.8;419.4,663.6
96#524.2,741.4;553.5,669.7;475.3,617.6;426.4,604.5;507.9,650.1;494.9,741.4;449.2,614.3;475.3,516.6;472.1,519.8;481.8,457.9;605.6,516.6;566.5,529.6;514.4,513.3;439.5,516.6;416.7,526.3;547.0,529.6
97#522.4,716.3;568.1,642.4;487.2,607.2;430.8,607.2;518.8,635.3;497.7,712.8;459.0,607.2;480.1,512.1;476.6,512.1;480.1,452.2;603.4,526.2;568.1,536.7;515.3,512.1;444.9,508.6;554.1,547.3;585.8,543.8
98#544.2,672.9;574.5,609.0;480.3,595.5;429.9,615.7;507.2,672.9;517.3,740.1;453.4,602.2;480.3,504.7;480.3,504.7;490.4,447.5;611.5,541.7;571.1,545.1;517.3,511.4;446.7,498.0;500.5,551.8;571.1,548.4
99#551.4,635.0;571.3,552.3;475.3,582.0;435.6,615.1;498.5,681.3;515.0,757.4;455.5,595.3;488.6,499.3;488.6,499.3;500.1,454.7;611.0,549.0;584.5,552.3;521.7,502.6;448.9,489.4;434.0,461.3;571.3,545.6
100#532.9,669.6;545.1,589.5;495.2,566.9;444.9,608.5;492.2,675.5;509.8,751.2;466.8,592.0;497.6,493.3;498.7,492.2;511.2,441.3;612.9,554.7;587.6,543.8;537.0,496.6;458.1,484.5;439.5,482.1;564.7,560.0
101#514.5,704.2;519.0,626.6;515.2,551.8;454.1,601.9;486.0,669.6;504.5,745.0;478.2,588.8;506.6,487.2;508.8,485.1;522.4,427.8;614.7,560.3;590.7,535.4;552.4,490.5;467.3,479.6;444.9,502.8;558.0,574.4
102#496.0,738.8;492.8,663.8;535.1,536.7;463.4,595.3;479.7,663.8;499.3,738.8;489.5,585.5;515.6,481.2;518.9,478.0;533.5,414.4;616.6,566.0;593.8,526.9;567.7,484.5;476.5,474.7;450.4,523.6;551.4,588.8
103#504.5,728.6;507.4,655.0;543.8,537.9;476.2,583.9;489.8,643.8;503.4,716.9;501.9,578.0;526.5,472.7;529.2,471.1;540.8,407.6;626.8,534.5;606.7,508.0;576.6,475.5;487.2,466.7;454.8,508.6;546.2,559.0
104#513.1,718.4;522.1,646.1;552.5,539.1;489.1,572.6;500.0,623.8;507.5,695.0;514.3,570.5;537.3,464.2;539.5,464.3;548.1,400.7;636.9,502.9;619.5,489.1;585.4,466.4;497.8,458.8;459.3,493.6;541.1,529.3
105#521.6,708.3;536.8,637.3;561.3,540.3;501.9,561.2;510.1,603.9;511.5,673.2;526.8,563.1;548.1,455.8;549.8,457.4;555.4,393.9;647.1,471.4;632.4,470.2;594.2,457.4;508.5,450.8;463.7,478.6;535.9,499.5
106#530.1,698.1;551.4,628.5;570.0,541.5;514.8,549.9;520.2,583.9;515.6,651.3;539.2,555.6;559.0,447.3;560.1,450.6;562.7,387.1;657.3,439.9;645.3,451.3;603.1,448.4;519.2,442.8;468.1,463.6;530.8,469.7
107#538.7,687.9;566.0,619.6;578.7,542.7;527.6,538.5;530.4,563.9;519.7,629.4;551.6,548.1;569.9,438.8;570.4,443.8;570.0,380.2;667.4,408.3;658.1,432.4;612.0,439.3;529.8,434.9;472.6,448.6;525.6,440.0
108#547.2,677.7;580.7,610.8;587.4,543.9;540.5,527.2;540.5,543.9;523.8,607.5;564.0,540.6;580.7,430.3;580.7,436.9;577.3,373.4;677.6,376.8;671.0,413.5;620.8,430.3;540.5,426.9;477.0,433.6;520.5,410.2
109#560.6,674.1;594.0,610.7;597.3,527.2;547.3,513.9;570.6,600.7;550.6,664.1;574.0,523.9;587.3,423.8;587.3,423.8;577.3,367.0;680.8,383.7;677.5,413.8;630.7,420.4;547.3,420.4;500.5,430.5;550.6,497.2
110#572.9,660.7;613.9,597.7;610.7,519.0;560.3,506.4;595.0,588.3;566.6,648.1;582.4,506.4;591.8,418.2;588.7,418.2;580.8,359.9;680.0,396.1;689.5,427.6;629.6,418.2;550.9,415.0;500.5,433.9;547.7,547.3
111#595.6,631.0;640.3,574.3;613.5,493.7;562.7,496.7;622.4,571.3;583.6,628.0;589.6,496.7;595.6,413.1;595.6,410.1;588.1,351.9;682.1,407.1;694.0,431.0;640.3,410.1;556.8,413.1;512.0,454.9;556.8,538.4
112#604.1,604.3;664.5,554.3;625.1,491.2;569.9,483.3;512.0,486.0;551.5,559.6;596.2,486.0;604.1,404.5;606.7,401.8;602.7,347.9;685.6,415.0;701.3,438.6;648.7,404.5;562.0,404.5;533.1,451.8;541.0,438.6
113#641.4,583.8;688.4,534.5;636.7,487.5;582.7,480.4;540.4,501.6;542.7,576.8;608.5,480.4;610.9,402.9;613.2,395.8;609.7,347.7;681.4,438.1;702.5,442.8;653.2,400.5;568.6,400.5;538.0,445.2;566.2,454.6
114#659.3,576.8;708.3,514.8;641.3,478.7;584.5,473.6;525.1,517.4;543.2,602.6;612.9,476.1;623.2,401.3;623.2,396.2;624.5,340.7;682.5,440.0;705.8,447.8;664.5,401.3;576.7,398.7;538.0,445.2;566.4,455.5
115#674.1,578.9;721.6,511.9;646.1,475.5;595.8,469.9;531.5,537.0;545.5,618.1;621.0,472.7;632.2,397.3;632.2,394.5;630.8,337.2;682.5,433.6;710.4,442.0;676.9,397.3;587.4,394.5;545.5,433.6;559.5,475.5
116#673.4,588.4;727.4,525.5;658.4,468.6;601.5,465.6;544.6,543.5;544.6,621.4;628.5,468.6;637.5,384.7;637.5,384.7;645.0,326.3;694.4,420.6;724.4,420.6;679.4,384.7;595.5,384.7;547.6,420.6;556.6,453.6
117#671.2,611.1;716.1,540.5;664.7,469.9;607.0,466.7;558.8,540.5;539.6,614.3;632.6,466.7;639.1,380.1;639.1,380.1;640.7,314.3;728.9,399.3;725.7,396.1;684.0,373.6;594.1,380.1;526.8,412.1;581.3,463.5
118#680.7,613.6;717.4,541.4;672.7,466.3;615.8,463.8;565.8,524.2;562.6,590.4;641.3,463.8;644.3,375.9;644.3,375.9;642.0,311.8;722.2,376.6;725.1,383.0;688.8,368.5;599.7,379.5;547.3,413.6;595.9,468.4
119#690.3,616.2;718.7,542.3;680.7,462.7;624.6,460.8;572.7,508.0;585.6,566.6;649.9,460.8;649.5,371.7;649.5,371.7;643.3,309.3;715.6,353.8;724.4,369.8;693.6,363.5;605.4,378.8;567.8,415.2;610.6,473.2
120#699.8,618.7;719.9,543.3;688.6,459.2;633.3,457.9;579.7,491.7;608.5,542.7;658.6,457.9;654.8,367.4;654.8,367.4;644.7,306.7;708.9,331.1;723.8,356.7;698.5,358.4;611.0,378.2;588.4,416.7;625.2,478.1
121#709.4,621.3;721.2,544.2;696.6,455.6;642.1,454.9;586.6,475.5;631.5,518.9;667.2,454.9;660.0,363.2;660.0,363.2;646.0,304.2;702.3,308.3;723.1,343.5;703.3,353.4;616.7,377.5;608.9,418.3;639.9,482.9
122#718.9,623.8;722.5,545.1;704.6,452.0;650.9,452.0;593.6,459.2;654.5,495.0;675.9,452.0;665.2,359.0;665.2,359.0;647.3,301.7;695.6,285.6;722.5,330.4;708.1,348.3;622.3,376.9;629.4,419.8;654.5,487.8
123#731.7,603.2;747.3,534.7;703.6,444.3;656.9,453.6;600.7,453.6;681.8,494.1;681.8,453.6;666.2,353.9;666.2,357.0;649.1,302.4;698.9,308.7;725.4,344.5;709.8,347.6;628.8,366.3;622.6,431.8;672.4,487.9
124#742.8,590.0;762.0,526.9;718.1,450.0;674.2,455.5;740.0,515.9;693.4,493.9;687.9,452.8;668.7,348.5;663.2,356.7;604.2,311.5;686.5,311.5;720.8,354.0;707.1,340.3;624.8,375.9;613.8,450.0;682.4,491.2
125#762.3,576.1;773.0,517.5;722.3,442.8;679.7,458.8;623.7,464.1;703.7,517.5;701.0,450.8;669.0,362.8;669.0,357.5;659.7,310.9;709.0,338.8;730.3,365.5;711.7,346.8;631.7,376.2;629.0,453.5;647.7,482.8
126#774.9,564.2;779.8,505.3;720.9,431.7;681.7,444.0;637.5,478.3;713.6,539.7;701.3,436.6;671.9,358.1;669.4,348.3;660.8,307.8;718.5,358.1;738.1,372.8;713.6,348.3;630.2,367.9;637.5,431.7;662.1,466.1
127#791.1,555.7;798.8,489.1;724.4,422.4;683.4,435.2;652.6,499.3;721.8,553.2;703.9,430.1;675.7,355.7;675.7,350.6;666.7,300.6;732.1,363.4;750.1,376.2;716.7,345.4;632.1,368.5;634.7,422.4;652.6,407.0
128#802.8,536.0;813.1,466.3;727.9,414.6;684.0,430.1;660.7,507.6;722.7,561.8;704.6,425.0;676.2,352.7;676.2,344.9;677.5,294.6;738.2,368.2;764.0,368.2;717.5,344.9;634.9,368.2;632.3,417.2;637.5,404.3
129#808.5,512.0;825.3,442.1;730.2,416.9;682.6,436.5;671.5,514.8;724.6,573.6;705.0,425.3;679.9,352.6;679.9,347.0;685.4,291.1;758.2,358.2;777.7,358.2;716.2,338.6;640.7,363.8;626.7,380.6;632.3,380.6
130#804.2,482.9;825.4,410.3;722.6,416.4;686.3,446.6;683.3,525.2;722.6,585.7;704.5,431.5;674.2,352.9;674.2,346.8;653.1,295.4;758.9,340.8;786.1,346.8;710.5,340.8;641.0,358.9;580.5,392.2;607.7,380.1
131#792.3,455.0;821.1,394.1;734.6,422.9;677.0,455.0;693.0,528.6;721.8,592.7;702.6,442.2;686.6,352.5;680.2,352.5;669.0,283.6;801.9,445.4;795.5,336.5;728.2,339.7;638.5,352.5;577.7,374.9;587.3,371.7
132#715.4,594.2;712.2,525.8;712.2,460.6;679.6,463.8;692.6,535.6;712.2,594.2;702.4,460.6;695.9,346.5;699.1,349.8;705.7,287.8;774.1,441.0;774.1,333.5;735.0,340.0;660.0,346.5;630.7,349.8;611.1,340.0
133#716.2,589.4;712.9,530.5;712.9,458.6;680.2,458.6;693.3,533.8;706.4,592.6;696.6,458.6;755.4,396.5;758.7,396.5;814.3,383.4;758.7,445.5;804.5,383.4;765.2,406.3;735.8,383.4;742.3,429.2;758.7,445.5
134#722.4,578.1;720.7,518.1;717.5,444.0;682.7,444.9;693.3,516.0;707.1,575.1;699.7,444.0;749.1,385.0;752.0,385.3;798.4,369.6;762.9,434.6;802.6,377.1;763.0,392.4;727.0,373.5;727.7,418.0;740.0,432.9
135#728.7,566.9;728.5,505.7;722.1,429.5;685.2,431.2;693.3,498.2;707.9,557.5;702.9,429.5;742.8,373.5;745.3,374.1;782.6,355.8;767.0,423.8;800.8,370.7;760.8,378.5;718.2,363.7;713.1,406.8;721.3,420.2
136#734.9,555.6;736.4,493.3;726.7,414.9;687.8,417.5;693.3,480.4;708.6,540.0;706.0,414.9;736.5,362.0;738.6,362.9;766.8,342.0;771.2,412.9;798.9,364.4;758.5,364.6;709.4,353.8;698.5,395.6;702.6,407.6
137#741.1,544.4;744.2,480.8;731.3,400.4;690.3,403.8;693.4,462.6;709.3,522.4;709.1,400.4;730.3,350.6;731.9,351.7;750.9,328.2;775.3,402.0;797.1,358.1;756.3,350.7;700.6,344.0;683.9,384.4;683.8,394.9
138#747.4,533.1;752.0,468.4;735.9,385.8;692.8,390.2;693.4,444.7;710.0,504.9;712.2,385.8;724.0,339.1;725.2,340.5;735.0,314.3;779.5,391.1;795.2,351.7;754.1,336.9;691.7,334.1;669.2,373.3;665.1,382.3
139#753.6,521.8;759.9,456.0;740.5,371.2;695.4,376.5;693.4,426.9;710.8,487.4;715.4,371.2;717.7,327.6;718.5,329.3;719.2,300.5;783.6,380.2;793.3,345.4;751.9,323.0;682.9,324.3;654.6,362.1;646.4,369.7
140#759.9,510.6;767.7,443.6;745.1,356.7;697.9,362.8;693.4,409.1;711.5,469.8;718.5,356.7;711.4,316.1;711.8,318.1;703.3,286.7;787.8,369.4;791.5,339.0;749.6,309.1;674.1,314.4;640.0,350.9;627.7,357.0
141#766.1,499.3;775.5,431.2;749.7,342.1;700.4,349.1;693.4,391.3;712.2,452.3;721.6,342.1;705.1,304.6;705.1,306.9;687.5,272.9;791.9,358.5;789.6,332.7;747.4,295.2;665.3,304.6;625.4,339.7;609.0,344.4
142#761.8,486.3;769.1,428.2;745.0,354.1;694.6,358.7;690.9,404.5;713.2,461.8;716.5,354.1;706.5,300.7;705.5,301.3;691.3,260.5;786.9,353.3;790.2,325.3;748.4,293.5;665.3,299.7;631.8,330.0;614.0,348.8
143#757.6,473.2;762.6,425.1;740.4,366.0;688.7,368.4;688.3,417.7;714.1,471.3;711.4,366.0;707.9,296.8;705.9,295.6;695.2,248.1;781.8,348.0;790.9,317.9;749.4,291.7;665.2,294.9;638.3,320.2;619.1,353.1
144#753.3,460.2;756.2,422.1;735.7,378.0;682.9,378.0;685.8,430.9;715.1,480.8;706.3,378.0;709.3,292.9;706.3,290.0;699.0,235.7;776.8,342.8;791.5,310.5;750.4,290.0;665.2,290.0;644.7,310.5;624.1,357.5
145#752.8,436.7;758.8,418.6;737.7,364.3;680.4,373.4;680.4,433.7;707.5,485.0;707.5,367.4;707.5,285.9;704.5,276.9;697.0,233.2;764.8,307.0;764.8,295.0;752.8,282.9;665.3,285.9;644.2,288.9;629.1,337.2
146#813.2,427.5;767.3,411.1;741.0,342.2;685.3,345.5;685.3,430.8;705.0,489.9;711.5,342.2;701.7,266.7;701.7,270.0;701.7,207.7;773.9,286.4;800.1,279.9;744.3,263.5;662.3,266.7;645.9,283.2;632.8,335.7
147#815.1,432.6;776.2,407.9;744.4,351.4;687.9,358.4;684.4,439.7;691.4,538.6;716.2,354.9;702.0,256.0;702.0,259.5;698.5,195.9;772.7,263.0;804.5,266.6;744.4,252.4;663.2,259.5;638.4,333.7;659.6,365.5
148#814.4,434.4;771.2,394.5;734.6,338.0;691.4,348.0;681.4,404.5;688.1,480.9;718.0,344.7;701.4,244.9;701.4,248.3;694.7,188.4;764.5,218.3;801.1,248.3;744.6,241.6;661.5,248.3;648.2,278.2;638.2,331.4
149#623.7,399.8;771.1,390.2;739.0,323.0;691.0,326.2;681.4,387.0;681.4,470.3;716.6,326.2;700.6,242.9;700.6,239.7;681.4,182.0;745.4,182.0;783.9,223.7;742.2,233.3;655.8,249.3;649.4,278.1;639.7,335.8
150#698.7,384.4;761.9,390.7;739.8,314.9;695.6,314.9;679.8,381.2;683.0,463.3;720.8,314.9;701.9,239.2;698.7,229.7;670.3,182.4;752.4,176.1;777.6,217.1;742.9,226.6;657.7,245.5;651.4,289.7;648.2,343.3
151#687.4,401.0;747.8,394.7;741.4,321.6;696.9,324.7;690.6,397.8;687.4,458.2;722.4,321.6;696.9,235.8;693.8,229.4;665.2,181.8;655.6,337.5;655.6,286.6;665.2,248.5;662.0,248.5;658.8,299.3;731.9,172.2
152#691.4,412.8;737.4,381.2;746.0,309.4;697.2,318.0;691.4,395.6;682.8,453.1;720.2,312.3;694.3,237.6;688.6,229.0;659.8,185.9;720.2,312.3;734.5,254.8;725.9,220.3;657.0,251.9;665.6,306.5;668.5,352.5
