1#636.1,708.8;694.7,779.0;718.1,654.1;679.1,669.7;683.0,782.9;712.2,862.9;698.6,665.8;651.8,533.2;659.6,541.0;616.6,490.2;683.0,408.3;702.5,459.0;690.8,513.7;612.7,544.9;565.9,505.9;550.3,451.2
2#631.3,705.8;680.6,758.6;697.8,636.8;656.3,651.1;651.0,746.1;682.6,821.6;677.3,647.2;630.1,517.0;636.6,523.5;593.6,470.7;669.8,399.5;688.7,448.2;669.5,497.6;590.5,529.0;548.1,499.9;536.6,458.5
3#626.5,702.9;666.5,738.3;677.5,619.5;633.6,632.5;619.0,709.3;652.9,780.3;655.9,628.6;608.3,500.7;613.6,506.0;570.6,451.3;656.6,390.8;675.0,437.4;648.3,481.6;568.3,513.0;530.3,493.9;523.0,465.7
4#621.7,699.9;652.4,717.9;657.2,602.3;610.8,613.9;587.0,672.6;623.3,739.1;634.6,610.1;586.6,484.5;590.6,488.5;547.5,431.8;643.4,382.0;661.2,426.6;627.0,465.5;546.1,497.1;512.5,487.9;509.3,473.0
5#616.9,697.0;638.3,697.6;636.9,585.0;588.0,595.3;555.0,635.8;593.6,697.8;613.3,591.5;564.9,468.3;567.6,471.0;524.5,412.4;630.2,373.3;647.4,415.8;605.7,449.4;523.9,481.2;494.7,481.9;495.7,480.3
6#612.2,694.0;624.2,677.2;616.6,567.7;565.3,576.6;523.0,599.0;564.0,656.5;591.9,572.9;543.1,452.0;544.6,453.5;501.5,392.9;617.0,364.5;633.7,405.1;584.5,433.4;501.8,465.2;477.0,475.9;482.0,487.5
7#607.4,691.1;610.1,656.9;596.3,550.4;542.5,558.0;491.0,562.2;534.3,615.2;570.6,554.3;521.4,435.8;521.6,436.0;478.5,373.5;603.8,355.8;619.9,394.3;563.2,417.3;479.6,449.3;459.2,469.9;468.4,494.8
8#602.6,688.1;596.0,636.5;576.0,533.2;519.7,539.4;459.0,525.5;504.7,574.0;549.3,535.8;499.7,419.6;498.6,418.5;455.4,354.0;590.6,347.0;606.1,383.5;541.9,401.2;457.4,433.4;441.4,463.9;454.7,502.1
9#597.8,685.2;581.9,616.2;555.7,515.9;497.0,520.8;427.0,488.7;475.0,532.7;527.9,517.2;477.9,403.3;475.6,401.0;432.4,334.6;577.4,338.3;592.4,372.7;520.7,385.2;435.2,417.4;423.6,457.9;441.1,509.3
10#593.0,682.2;567.8,595.8;535.4,498.6;474.2,502.2;395.0,451.9;445.4,491.4;506.6,498.6;456.2,387.1;452.6,383.5;409.4,315.1;564.2,329.5;578.6,361.9;499.4,369.1;413.0,401.5;405.8,451.9;427.4,516.6
11#568.5,650.2;546.3,557.4;508.4,488.1;446.8,494.1;386.8,462.4;439.4,513.1;478.4,489.0;435.7,371.3;433.3,369.8;399.6,303.8;517.2,315.2;535.4,340.9;479.0,355.7;392.5,384.5;372.3,405.4;389.9,438.2
12#544.0,618.3;524.7,519.0;481.4,477.5;419.5,486.0;378.6,472.8;433.3,534.8;450.1,479.3;415.3,355.4;414.1,356.0;389.7,292.6;470.3,301.0;492.2,319.9;458.6,342.2;371.9,367.4;338.8,359.0;352.3,359.7
13#519.5,586.3;503.2,480.6;454.4,467.0;392.1,477.9;370.4,483.3;427.3,556.5;421.9,469.7;394.8,339.6;394.8,342.3;379.9,281.3;423.3,286.7;449.0,298.9;438.2,328.8;351.4,350.4;305.3,312.5;314.8,281.3
14#479.4,541.9;485.7,460.3;444.9,472.9;382.2,482.3;353.9,485.4;404.1,557.6;410.4,476.0;385.3,338.0;385.3,347.4;369.6,281.5;415.1,242.3;426.1,269.0;432.3,325.5;338.2,350.6;300.6,322.3;332.0,272.1
15#449.7,514.8;458.7,442.6;425.6,487.7;356.4,490.7;332.4,490.7;362.4,541.9;392.5,487.7;371.5,349.4;371.5,349.4;359.4,286.2;427.1,251.6;434.6,310.3;419.6,343.4;320.3,352.4;311.3,337.3;347.4,283.2
16#439.0,488.6;447.1,412.5;400.9,475.0;333.0,483.2;319.4,475.0;428.1,485.9;368.3,483.2;354.8,358.2;354.8,352.8;343.9,290.3;428.1,260.4;439.0,322.9;400.9,352.8;305.9,355.5;327.6,344.6;338.5,341.9
17#449.4,503.9;447.0,416.9;396.3,491.8;316.6,499.1;326.2,433.8;297.2,491.8;355.2,487.0;335.9,358.9;335.9,351.7;331.1,293.7;437.4,288.9;439.8,339.6;381.8,354.1;290.0,358.9;319.0,375.9;338.3,366.2
18#463.3,534.5;454.2,445.3;378.7,486.5;298.7,484.2;236.9,440.7;284.9,481.9;337.5,481.9;321.5,363.0;319.3,346.9;314.7,292.1;445.0,308.1;440.5,358.4;367.3,356.1;273.5,360.7;305.5,381.3;328.4,379.0
19#471.0,554.8;440.8,458.9;364.1,486.3;290.1,486.3;227.1,434.2;246.3,510.9;323.0,486.3;317.5,360.2;314.8,349.2;298.3,286.2;457.3,343.8;432.6,368.4;372.3,354.7;262.7,360.2;290.1,390.4;323.0,384.9
20#477.4,557.9;433.7,462.3;349.0,473.2;286.1,481.4;228.7,475.9;256.1,549.7;321.6,475.9;313.5,355.7;310.7,342.1;298.4,280.6;463.7,363.9;433.7,383.0;373.6,350.3;261.5,353.0;288.9,377.6;310.7,372.1
21#454.7,546.6;434.1,449.4;354.5,470.0;280.8,475.9;233.7,490.6;257.3,590.8;316.2,473.0;322.1,349.2;319.2,340.3;308.8,274.0;478.3,372.7;437.0,387.5;378.1,349.2;269.1,343.3;283.8,375.7;357.5,399.3
22#419.3,526.7;435.1,438.3;352.9,457.3;289.8,463.6;251.9,520.4;267.7,615.2;321.4,463.6;334.0,346.7;334.0,330.9;326.1,285.1;485.6,387.8;438.2,400.4;390.8,349.9;283.5,334.1;302.4,378.3;321.4,349.9
23#409.4,499.7;435.7,424.2;357.0,450.5;301.2,457.0;271.7,545.6;278.3,630.8;330.7,453.8;353.7,339.0;357.0,329.1;361.9,278.3;504.5,401.3;452.1,407.8;406.2,352.1;307.8,329.1;294.7,384.9;307.8,417.7
24#415.2,479.1;432.6,405.8;369.8,451.2;314.0,454.7;293.0,562.9;286.0,646.6;341.9,454.7;380.3,336.0;383.8,325.5;396.0,271.4;512.9,419.8;464.0,412.8;429.1,353.5;331.4,318.5;338.4,384.9;415.2,458.2
25#425.0,467.5;457.1,407.0;385.9,435.5;332.4,446.2;314.6,553.0;282.6,652.7;360.9,442.6;407.2,335.8;407.2,321.5;430.4,273.5;528.3,435.5;485.6,417.7;453.5,350.0;360.9,314.4;389.4,389.2;421.5,464.0
26#441.0,498.5;477.8,421.1;407.8,439.5;352.5,435.9;323.0,553.9;297.2,649.7;378.3,439.5;429.9,325.2;433.6,321.5;446.5,253.3;536.8,428.5;511.0,417.4;477.8,347.4;385.7,303.1;387.5,260.7;503.7,421.1
27#467.1,526.6;515.3,444.1;425.8,440.6;370.8,437.2;343.3,547.2;322.7,643.5;398.3,437.2;456.8,320.2;456.8,313.4;472.3,246.3;553.1,409.7;546.2,409.7;501.5,344.3;412.1,296.2;417.2,253.2;437.9,246.3
28#478.8,547.1;533.5,459.5;456.9,441.3;394.9,441.3;369.3,543.4;340.1,638.3;424.0,441.3;475.1,317.2;475.1,313.6;497.0,244.2;584.6,382.9;566.3,397.5;522.6,339.1;435.0,288.0;444.1,227.8;451.4,220.5
29#481.4,563.9;546.5,484.8;476.7,438.3;420.9,438.3;388.3,536.0;369.7,633.7;448.8,438.3;495.3,312.7;495.3,312.7;513.9,247.6;620.9,345.3;607.0,373.2;537.2,331.3;453.5,289.4;458.1,215.0;476.7,159.2
30#488.8,593.8;549.2,505.2;500.9,448.9;440.5,440.9;404.3,533.4;396.3,630.0;468.7,444.9;512.9,312.1;512.9,316.1;521.0,243.7;645.7,304.1;637.7,328.2;557.2,328.2;464.7,292.0;452.6,227.6;474.7,197.4
31#492.1,616.9;555.9,529.3;524.0,449.6;464.3,441.6;416.4,521.3;420.4,624.9;496.1,449.6;524.0,310.1;524.0,314.1;524.0,242.4;639.6,238.4;655.5,298.2;575.8,318.1;472.2,298.2;456.3,246.4;484.2,206.5
32#507.3,636.6;549.6,548.2;553.5,452.1;495.8,440.5;430.5,502.0;449.7,590.4;522.7,448.2;534.2,306.0;534.2,309.8;522.7,236.8;639.9,219.5;653.4,279.1;584.2,306.0;480.4,302.2;472.7,256.0;495.8,240.7
33#527.0,655.4;563.6,554.8;572.7,440.4;517.8,435.8;440.1,477.0;485.8,559.3;545.3,440.4;540.7,312.3;540.7,307.7;522.4,239.1;645.9,207.1;650.5,266.6;591.0,303.2;490.4,312.3;472.1,289.4;490.4,257.4
34#547.7,641.7;588.8,550.4;593.3,450.1;524.9,450.1;456.5,454.6;515.8,532.2;561.4,450.1;547.7,313.2;543.2,313.2;529.5,244.8;648.1,199.1;648.1,263.0;597.9,304.1;497.5,317.8;470.2,322.3;493.0,285.8
35#586.1,611.2;611.8,529.9;603.3,457.0;543.3,457.0;474.8,444.2;534.7,512.7;573.3,457.0;556.1,320.0;556.1,320.0;534.7,255.7;654.7,208.6;650.4,268.6;603.3,311.4;504.7,332.8;487.6,345.7;504.7,320.0
36#611.3,580.9;637.2,481.4;604.0,451.9;548.7,455.5;530.2,455.5;552.3,510.9;578.2,451.9;559.7,333.9;559.7,333.9;552.3,263.8;663.0,223.2;655.6,278.5;611.3,319.1;508.1,337.5;497.0,330.2;526.5,333.9
37#633.5,550.3;653.0,475.1;630.7,477.9;552.8,472.3;533.3,464.0;566.7,516.9;586.2,472.3;572.3,344.2;572.3,338.7;566.7,274.6;671.1,248.1;661.4,274.6;625.2,330.3;519.3,355.4;502.6,405.5;483.1,408.3
38#642.1,531.5;650.4,468.2;633.9,476.5;567.9,484.7;540.4,482.0;581.6,542.5;600.9,476.5;584.4,355.5;584.4,344.5;584.4,284.0;676.5,255.1;669.6,303.2;636.6,341.7;529.4,366.5;518.4,427.0;499.1,410.5
39#641.8,520.0;641.8,435.5;641.8,465.7;575.4,474.7;551.3,486.8;587.5,568.2;608.6,474.7;593.5,363.2;596.5,354.1;596.5,290.8;671.9,281.7;681.0,330.0;647.8,354.1;542.2,372.2;530.2,447.6;512.1,435.5
40#666.0,549.2;687.2,476.7;644.9,473.6;584.4,482.7;572.4,497.8;581.4,588.4;611.6,479.7;602.6,367.9;605.6,361.8;604.1,296.9;678.1,301.4;693.2,355.8;657.0,358.8;548.2,376.9;530.1,446.4;511.9,482.7
41#677.2,593.2;691.9,507.7;638.9,481.2;577.0,484.2;579.9,493.0;582.9,581.4;609.4,481.2;612.4,369.2;612.4,360.4;616.8,297.0;686.0,339.7;697.8,381.0;662.5,363.3;553.4,381.0;521.0,454.7;553.4,445.8
42#668.8,632.1;697.4,543.1;643.4,498.6;583.0,492.3;583.0,485.9;592.5,568.5;614.8,492.3;617.9,374.7;617.9,365.2;622.7,300.0;700.6,371.5;700.6,403.3;668.8,368.4;563.9,381.1;519.4,438.3;535.3,444.6
43#671.7,654.3;695.6,562.0;644.3,503.9;589.6,493.6;565.7,538.0;541.8,551.7;617.0,497.0;620.4,380.8;620.4,374.0;618.7,300.5;671.7,418.4;699.0,425.3;675.1,380.8;565.7,377.4;511.0,421.8;521.3,425.3
44#671.4,677.1;685.5,592.8;653.9,505.1;594.2,494.6;587.2,512.1;541.6,564.7;625.8,501.6;625.8,382.2;625.8,371.7;617.0,324.3;675.0,452.4;699.5,441.9;678.5,378.7;569.7,378.7;510.0,403.3;517.0,399.8
45#685.4,685.7;678.5,600.2;661.4,494.2;603.3,487.4;606.7,542.1;545.2,590.0;634.1,490.8;623.8,377.9;623.8,374.5;605.0,311.2;709.3,449.7;699.0,453.2;681.9,381.3;565.7,377.9;500.7,384.8;538.3,354.0
46#683.9,682.7;691.7,585.3;672.2,491.7;605.9,487.8;613.7,561.9;555.3,620.4;641.0,487.8;625.4,378.6;625.4,378.6;605.9,308.5;691.7,487.8;707.3,452.7;683.9,382.5;570.9,374.7;516.3,363.1;528.0,312.4
47#680.3,663.8;687.7,578.2;684.0,488.9;620.7,485.2;602.1,511.3;624.5,582.0;654.2,488.9;631.9,377.3;628.2,384.8;613.3,314.1;672.8,451.7;713.8,455.5;684.0,381.0;576.1,377.3;527.7,355.0;520.3,306.6
48#680.5,645.2;680.5,553.9;691.1,483.6;634.8,487.1;620.8,539.8;631.3,606.6;662.9,487.1;641.9,381.7;641.9,381.7;620.8,311.4;698.1,462.5;729.7,448.5;694.6,381.7;585.6,378.2;536.5,371.2;543.5,329.0
49#684.0,589.9;672.6,544.4;709.7,487.4;652.7,490.2;627.0,567.2;638.4,641.2;681.2,487.4;649.8,384.8;649.8,379.1;637.0,323.5;735.3,450.3;758.1,433.2;704.0,381.9;595.7,384.8;538.7,393.3;544.4,353.4
50#707.4,571.5;697.0,499.0;721.2,495.5;665.9,499.0;634.8,585.4;641.7,661.4;693.6,499.0;659.0,381.5;659.0,381.5;646.9,331.4;762.7,416.1;773.0,412.6;714.3,378.1;607.2,385.0;558.8,409.1;551.9,378.1
51#706.5,589.8;681.5,521.9;731.5,489.8;677.9,500.5;649.4,604.1;649.4,679.1;706.5,496.9;674.4,382.6;674.4,382.6;658.3,330.8;724.4,382.6;774.4,386.2;720.8,375.5;624.4,393.3;577.9,425.5;556.5,393.3
52#691.5,567.7;680.7,513.9;741.8,488.7;684.3,499.5;652.0,614.4;648.4,686.3;713.0,492.3;680.7,384.6;680.7,384.6;671.7,321.7;720.2,341.5;752.5,355.8;734.6,373.8;626.8,395.3;590.9,445.6;565.8,416.9
53#693.3,596.8;703.7,517.0;741.9,482.3;693.3,489.2;648.2,586.4;648.2,680.1;717.6,485.7;679.4,385.1;682.9,385.1;672.5,319.1;740.2,303.5;747.1,310.5;731.5,367.7;627.4,402.4;596.1,458.0;564.9,444.1
54#704.4,634.2;712.1,541.1;739.3,486.8;688.8,490.7;638.4,568.3;661.7,661.4;716.0,486.8;677.2,386.0;677.2,389.8;669.5,323.9;729.6,279.3;743.2,312.3;723.8,366.6;630.7,405.4;603.5,471.3;560.8,475.2
55#701.3,669.8;711.3,570.5;741.1,494.3;684.8,497.6;631.8,540.7;658.3,610.2;711.3,497.6;674.8,394.9;674.8,394.9;661.6,328.7;749.4,310.4;757.7,341.9;724.5,371.7;625.2,414.8;598.7,484.3;568.8,497.6
56#699.6,691.7;718.0,607.2;732.7,511.6;673.9,507.9;622.4,511.6;651.8,574.1;703.3,511.6;666.5,405.0;670.2,401.3;650.0,333.3;745.6,326.0;762.1,360.9;718.0,386.6;618.8,419.7;600.4,485.9;571.0,526.3
57#707.4,710.3;718.8,615.0;718.8,512.2;650.3,512.2;619.8,516.0;619.8,588.4;684.6,512.2;657.9,409.4;657.9,405.6;640.8,335.1;760.7,371.3;772.2,398.0;707.4,386.5;604.6,424.6;581.7,489.4;566.5,546.5
58#714.1,713.6;714.1,621.7;706.4,518.2;648.9,510.5;629.8,552.7;610.6,617.8;679.6,510.5;648.9,407.1;648.9,407.1;639.3,336.2;763.9,395.6;767.7,414.7;694.9,391.7;595.3,422.4;564.6,483.7;564.6,541.2
59#704.8,701.2;715.5,615.2;694.0,515.0;636.7,507.8;622.4,525.7;615.2,633.1;665.4,511.4;643.9,407.6;643.9,404.0;638.5,341.4;754.9,414.8;747.7,432.7;694.0,396.9;593.8,418.3;547.2,472.0;565.1,511.4
60#697.9,677.9;721.6,582.8;680.9,508.0;626.5,511.4;619.7,559.0;619.7,650.7;653.7,511.4;643.5,409.5;643.5,409.5;638.4,346.7;759.0,433.3;735.2,446.9;691.1,402.8;592.6,416.3;538.2,457.1;555.2,467.3
61#695.0,650.8;726.4,572.3;673.0,503.1;619.6,509.4;622.7,588.0;622.7,666.6;647.9,509.4;638.4,412.0;638.4,402.6;646.3,357.0;745.3,462.3;729.6,456.0;691.9,408.9;585.0,415.1;531.6,437.1;544.2,434.0
62#705.9,614.2;731.4,550.5;667.7,502.7;616.7,509.1;619.9,591.9;626.3,674.7;642.2,509.1;642.2,413.5;642.2,410.3;653.4,354.6;747.3,474.0;734.6,461.3;693.2,413.5;594.4,410.3;537.1,407.2;559.4,388.0
63#713.0,585.6;745.3,528.1;669.8,510.1;615.8,520.9;615.8,610.8;630.2,700.7;644.6,520.9;648.2,409.3;648.2,412.9;664.4,346.4;748.9,510.1;745.3,466.9;698.6,416.5;594.2,398.5;543.9,384.2;570.9,353.6
64#721.2,562.4;750.7,496.0;673.2,507.1;617.9,518.1;617.9,632.5;629.0,713.7;647.4,518.1;654.8,407.5;654.8,411.2;671.4,339.2;739.6,481.3;754.4,459.1;706.4,418.5;610.5,392.7;562.5,359.5;568.1,346.6
65#724.6,550.8;750.2,469.8;673.5,503.9;622.3,516.7;622.3,623.3;622.3,712.8;643.6,508.2;664.9,401.6;664.9,405.9;677.7,337.6;754.5,452.8;771.5,452.8;716.1,414.4;618.0,384.5;575.4,341.9;581.8,301.4
66#731.8,542.2;749.2,463.7;679.4,494.2;627.0,507.3;622.6,625.2;618.3,712.5;657.5,503.0;666.3,398.2;666.3,406.9;683.7,341.4;753.6,433.1;775.4,437.5;709.9,411.3;622.6,380.7;579.0,341.4;581.2,286.9
67#743.3,560.3;761.4,484.5;696.3,506.1;634.9,520.6;620.4,625.4;616.8,708.5;663.8,509.7;671.0,401.3;667.4,405.0;683.7,341.7;739.7,423.0;775.8,426.6;718.0,408.6;624.1,386.9;577.1,354.4;582.5,341.7
68#786.1,646.5;771.8,528.3;696.6,506.8;635.7,514.0;621.4,625.0;617.8,710.9;664.4,514.0;668.0,403.0;668.0,410.2;680.5,340.4;710.9,388.7;761.0,410.2;710.9,410.2;625.0,395.9;567.7,385.1;585.6,352.9
69#748.7,632.9;759.8,552.0;697.3,507.9;638.5,515.3;620.1,614.5;627.4,702.7;667.9,511.6;664.2,405.0;664.2,412.3;669.7,344.3;700.9,371.9;737.7,401.3;712.0,408.7;620.1,401.3;576.0,412.3;587.0,382.9
70#742.6,656.4;749.6,576.0;693.7,506.2;644.8,509.7;606.4,604.0;630.8,691.3;669.2,509.7;662.3,404.9;658.8,411.9;664.0,347.3;679.7,356.0;707.7,377.0;704.2,404.9;613.4,408.4;581.9,432.9;588.9,397.9
71#741.0,680.7;734.0,597.5;692.4,503.8;647.3,503.8;588.4,594.0;630.0,670.3;668.1,503.8;654.3,410.2;654.3,410.2;654.3,344.2;643.9,431.0;671.6,434.4;689.0,410.2;612.6,410.2;584.9,451.8;588.4,444.8
72#741.6,697.5;715.4,604.1;685.5,510.6;640.7,506.9;569.6,574.2;629.4,656.4;663.1,506.9;640.7,413.4;636.9,406.0;640.7,349.9;633.2,428.4;651.9,439.6;674.3,409.7;599.5,417.2;584.6,465.8;592.1,443.3
73#746.8,704.2;708.9,616.8;682.3,510.5;632.9,510.5;553.2,552.3;610.1,616.8;655.7,510.5;625.3,411.8;625.3,411.8;621.5,343.4;642.4,330.2;657.6,337.8;663.3,400.4;587.4,423.2;568.4,472.5;530.4,472.5
74#733.0,704.3;711.0,619.8;666.9,517.0;619.1,517.0;538.3,531.7;593.4,597.8;644.9,517.0;615.5,417.8;615.5,421.4;604.4,355.3;646.7,331.4;646.7,331.4;655.9,403.1;578.7,425.1;545.7,491.2;523.6,487.6
75#715.9,692.6;712.5,619.1;655.7,522.2;599.0,525.6;538.9,512.2;575.6,582.4;629.0,522.2;602.3,422.0;602.3,425.4;595.6,361.9;654.1,353.6;640.7,353.6;649.1,408.7;558.9,432.1;515.5,458.8;545.5,452.1
76#694.9,653.2;713.6,609.5;645.0,528.4;592.0,528.4;545.2,512.8;557.7,578.3;620.0,528.4;595.1,434.9;595.1,434.9;585.7,372.5;663.7,397.4;666.8,422.4;638.8,425.5;554.5,434.9;501.5,447.3;523.3,444.2
77#673.4,632.4;712.3,596.5;634.5,539.5;577.5,542.5;532.6,512.6;547.6,584.5;604.5,536.5;592.5,440.7;592.5,440.7;574.5,383.7;658.4,419.7;670.4,446.7;634.5,437.7;550.6,440.7;508.6,434.7;508.6,431.7
78#665.3,613.5;695.3,576.0;622.8,543.5;567.7,546.0;515.2,528.5;537.7,606.0;597.8,543.5;585.2,448.4;587.7,448.4;577.7,393.3;655.3,433.4;667.8,465.9;625.3,448.4;545.2,445.9;515.2,425.9;539.0,387.1
79#657.9,607.6;667.9,555.0;615.3,542.5;557.7,545.0;515.1,547.5;537.7,615.1;585.2,542.5;587.7,454.8;587.7,454.8;587.7,402.3;667.9,462.4;665.4,492.4;630.3,459.9;542.7,447.3;520.1,394.8;512.6,419.8
80#646.8,603.9;644.4,549.6;617.2,547.2;555.6,549.6;511.2,569.4;530.9,638.4;585.2,547.2;590.1,463.3;590.1,463.3;592.6,409.0;669.0,500.3;654.2,515.1;634.5,468.2;543.2,460.8;523.5,448.5;521.0,416.4
81#638.9,603.1;636.5,555.9;621.5,560.9;559.4,568.3;512.1,585.7;532.0,655.3;589.2,563.3;594.2,473.8;594.2,471.3;596.7,414.2;668.8,531.0;651.4,531.0;636.5,473.8;546.9,471.3;519.6,466.4;507.2,453.9
82#613.7,628.8;632.2,549.5;621.7,557.5;568.8,560.1;523.9,599.8;531.8,676.4;595.2,557.5;592.6,472.9;592.6,472.9;597.9,417.4;671.9,528.4;658.7,533.7;637.5,475.6;547.7,467.6;494.8,480.8;516.0,459.7
83#624.2,666.5;626.9,597.4;629.5,552.2;576.4,554.9;533.8,605.4;531.2,690.4;603.0,552.2;595.0,475.1;595.0,475.1;596.3,423.3;637.5,533.6;658.8,528.3;640.2,475.1;544.5,469.8;496.6,499.0;531.2,523.0
84#618.5,683.7;626.5,624.8;639.9,547.0;586.3,544.3;538.0,606.0;535.3,678.4;610.4,544.3;599.7,474.6;599.7,474.6;593.0,425.0;642.6,536.3;672.1,525.5;645.3,474.6;554.1,471.9;508.5,517.5;503.2,522.8
85#618.5,695.8;627.0,627.2;641.4,544.2;589.8,544.2;546.9,590.0;546.9,658.6;615.6,544.2;604.2,475.5;604.2,478.4;591.3,416.9;670.0,501.3;687.1,512.7;649.9,475.5;561.2,472.6;526.9,515.6;535.5,538.5
86#617.2,712.3;637.9,644.5;640.8,547.1;593.6,544.2;561.2,564.8;564.1,629.7;614.3,547.1;608.4,470.5;608.4,476.4;595.1,415.9;688.0,491.1;702.7,494.1;655.6,467.5;564.1,470.5;531.7,517.6;534.6,547.1
87#627.4,724.4;643.3,651.0;636.9,542.5;589.1,539.3;569.9,568.0;582.7,600.0;614.6,539.3;611.4,465.9;611.4,472.3;606.6,413.3;694.4,443.6;710.3,469.1;656.1,459.5;566.7,469.1;528.4,510.6;538.0,555.3
88#638.6,731.7;641.9,648.7;638.6,572.4;585.5,555.8;578.8,532.5;548.9,595.6;608.7,572.4;615.3,459.5;615.3,466.1;610.4,408.0;731.6,432.9;714.9,449.5;658.5,456.1;568.9,462.8;522.4,499.3;532.3,512.6
89#642.5,706.9;645.7,628.4;632.6,543.3;583.6,536.8;649.0,598.9;541.0,598.9;609.7,540.1;616.3,455.0;616.3,461.5;617.9,397.8;727.5,451.7;707.9,458.3;662.1,455.0;570.5,455.0;518.1,484.4;531.2,481.2
90#643.7,685.4;661.9,615.2;630.7,534.7;583.9,534.7;641.1,558.1;651.5,630.8;607.3,534.7;617.7,451.6;617.7,454.2;621.6,408.7;732.0,454.2;708.6,464.5;659.3,451.6;576.2,451.6;526.8,464.5;542.4,462.0
91#648.3,654.1;680.2,597.6;626.2,528.9;586.9,533.8;638.5,565.7;645.9,644.3;606.6,533.8;618.9,447.9;621.3,445.4;627.4,414.7;736.7,465.1;704.8,467.5;658.1,447.9;579.6,443.0;540.3,443.0;584.5,430.7
92#655.6,630.9;691.7,575.5;627.9,520.0;586.3,528.3;641.7,589.3;647.3,639.2;605.7,528.3;625.1,445.1;625.1,453.4;634.8,399.3;741.6,481.2;702.8,478.4;663.9,447.9;586.3,439.6;605.7,486.7;591.8,406.3
93#672.9,602.9;694.6,548.6;634.9,513.4;591.5,526.9;640.4,597.5;656.6,668.0;613.2,521.5;629.5,445.5;629.5,448.3;640.4,396.7;735.3,497.1;700.0,486.2;664.8,448.3;594.2,434.7;587.5,392.6;603.7,387.2
94#686.3,570.5;695.6,514.9;633.9,514.9;603.0,533.4;633.9,610.6;652.4,684.6;618.4,524.2;636.9,440.9;636.9,443.9;644.7,399.2;738.8,511.8;707.9,493.3;677.1,447.0;599.9,440.9;609.2,477.9;674.0,564.3
95#688.7,547.7;691.9,493.2;653.4,512.4;611.7,522.1;627.7,615.1;643.8,688.8;627.7,515.6;647.0,438.7;647.0,441.9;667.8,395.4;733.6,515.6;711.1,490.0;685.5,445.1;605.3,435.5;570.0,438.7;589.3,435.5
96#712.4,575.5;689.3,558.2;672.0,514.9;625.8,526.4;631.6,604.4;634.5,682.3;648.9,514.9;654.7,442.7;657.6,442.7;676.3,386.4;738.4,535.1;726.8,500.4;700.9,445.6;608.5,436.9;571.0,457.1;596.9,468.7
97#720.8,590.6;689.8,570.9;684.1,500.4;639.0,508.9;630.6,596.2;627.8,669.5;661.6,500.4;670.0,438.4;670.0,444.0;685.5,386.3;737.7,548.3;740.5,500.4;712.3,446.9;627.8,435.6;582.7,461.0;574.2,475.0
98#719.0,599.1;683.5,580.0;691.7,503.5;645.2,509.0;628.8,593.7;623.4,662.0;667.1,500.8;680.8,437.9;680.8,437.9;695.8,390.1;738.1,511.7;751.8,484.4;721.7,446.1;637.0,432.5;587.9,451.6;587.9,473.4
99#716.8,605.9;688.7,575.5;696.0,506.0;649.9,509.6;628.4,586.4;622.2,654.0;671.6,504.2;687.8,435.7;687.8,436.6;699.6,388.0;749.9,479.6;763.4,471.1;728.3,443.0;646.2,430.4;595.0,446.6;608.2,456.7
100#714.6,612.7;694.0,571.0;700.2,508.4;654.7,510.3;628.0,579.1;620.9,646.1;676.1,507.5;694.8,433.6;694.8,435.3;703.3,385.8;761.6,447.6;775.0,457.9;735.0,439.8;655.5,428.2;602.0,441.7;628.5,440.1
101#712.4,619.5;699.2,566.5;704.5,510.9;659.4,510.9;627.6,571.8;619.7,638.1;680.6,510.9;701.8,431.4;701.8,434.0;707.1,383.7;773.4,415.5;786.6,444.6;741.6,436.7;664.7,426.1;609.1,436.7;648.8,423.4
102#690.5,633.3;696.0,573.0;709.7,515.5;665.9,507.3;633.0,559.4;627.6,625.1;687.8,512.8;704.2,430.7;704.2,433.4;709.7,381.4;783.6,406.0;780.9,430.7;742.6,433.4;665.9,422.4;619.3,427.9;652.2,406.0
103#675.1,639.7;702.6,579.2;724.6,499.5;680.6,491.2;636.6,540.7;628.4,601.2;702.6,499.5;705.4,425.2;705.4,433.5;709.5,377.1;782.4,408.7;776.9,428.0;743.9,430.7;666.9,417.0;628.4,433.5;647.6,414.2
104#681.9,633.0;713.3,579.8;735.0,500.1;689.1,485.6;640.8,526.7;643.2,577.4;710.9,490.4;708.4,425.2;708.4,425.2;709.7,382.9;778.5,422.8;780.9,442.1;747.1,425.2;669.8,418.0;636.0,447.0;640.8,439.7
105#693.1,631.5;724.1,576.8;738.3,497.1;693.2,483.6;642.7,528.3;641.4,582.2;714.6,488.4;713.1,423.8;713.5,423.8;714.4,379.9;783.0,425.4;786.1,443.0;752.0,424.1;674.7,416.9;639.0,444.8;644.1,439.2
106#704.3,630.1;734.8,573.9;741.6,494.0;697.4,481.7;644.7,529.9;639.6,587.0;718.3,486.5;717.9,422.4;718.5,422.4;719.1,377.0;787.5,428.1;791.2,443.9;757.0,423.0;679.5,415.9;641.9,442.7;647.3,438.8
107#715.5,628.6;745.6,570.9;744.9,491.0;701.5,479.7;646.6,531.5;637.8,591.8;722.0,484.5;722.6,421.0;723.6,421.0;723.8,374.0;792.0,430.7;796.4,444.8;761.9,421.9;684.4,414.8;644.9,440.5;650.6,438.3
108#726.8,627.1;756.4,568.0;748.1,488.0;705.6,477.8;648.5,533.1;636.1,596.5;725.7,482.5;727.3,419.5;728.7,419.5;728.6,371.1;796.4,433.3;801.5,445.6;766.8,420.9;689.2,413.8;647.8,438.3;653.9,437.9
109#738.0,625.6;767.2,565.0;751.4,485.0;709.7,475.8;650.4,534.7;634.3,601.3;729.4,480.5;732.0,418.1;733.8,418.1;733.3,368.1;800.9,435.9;806.7,446.5;771.7,419.8;694.1,412.7;650.8,436.1;657.2,437.4
110#749.2,624.2;777.9,562.1;754.7,481.9;713.9,473.9;652.4,536.3;632.5,606.1;733.1,478.6;736.8,416.7;738.8,416.7;738.0,365.2;805.4,438.6;811.8,447.4;776.7,418.7;698.9,411.7;653.7,434.0;660.4,437.0
111#760.4,622.7;788.7,559.1;758.0,478.9;718.0,471.9;654.3,537.9;630.7,610.9;736.8,476.6;741.5,415.3;743.9,415.3;742.7,362.2;809.9,441.2;817.0,448.3;781.6,417.6;703.8,410.6;656.7,431.8;663.7,436.5
112#752.4,637.6;769.2,570.3;762.0,481.4;723.6,471.8;665.9,536.7;632.3,611.1;742.8,476.6;745.2,406.9;745.2,409.4;744.0,362.5;805.3,423.8;826.9,431.0;783.7,409.4;711.6,406.9;663.5,428.6;680.4,426.2
113#748.2,635.2;758.8,568.8;766.8,481.2;729.6,475.9;665.9,536.9;655.3,603.3;748.2,475.9;748.2,404.2;748.2,406.9;740.2,356.5;793.3,380.3;822.5,406.9;785.3,404.2;716.3,401.6;676.5,417.5;700.4,412.2
114#755.7,624.3;768.9,563.1;768.6,479.6;731.3,476.0;671.0,537.0;665.8,600.8;749.6,475.4;747.5,405.5;747.5,407.8;741.4,359.1;794.0,388.0;820.2,411.1;784.1,405.2;714.8,403.6;678.6,422.9;700.8,417.2
115#763.1,613.3;779.1,557.5;770.4,478.1;733.0,476.1;676.0,537.1;676.3,598.4;751.1,474.9;746.9,406.8;746.9,408.8;742.7,361.6;794.7,395.8;818.0,415.4;783.0,406.2;713.2,405.6;680.6,428.4;701.3,422.2
116#770.6,602.4;789.2,551.8;772.2,476.5;734.7,476.2;681.1,537.2;686.8,595.9;752.5,474.4;746.2,408.1;746.2,409.7;743.9,364.2;795.4,403.5;815.7,419.6;781.8,407.2;711.7,407.6;682.7,433.8;701.7,427.2
117#778.0,591.4;799.4,546.2;773.9,474.9;736.3,476.2;686.2,537.3;697.3,593.4;754.0,473.8;745.5,409.5;745.5,410.6;745.1,366.7;796.2,411.2;813.5,423.8;780.7,408.3;710.2,409.5;684.7,439.2;702.2,432.1
118#785.5,580.5;809.5,540.5;775.7,473.3;738.0,476.3;691.3,537.4;707.8,590.9;755.4,473.3;744.8,410.8;744.8,411.5;746.3,369.3;796.9,418.9;811.2,428.0;779.5,409.3;708.7,411.5;686.8,444.6;702.6,437.1
119#792.9,569.5;819.7,534.9;777.5,471.8;739.7,476.4;696.3,537.5;718.3,588.5;756.9,472.8;744.2,412.1;744.2,412.5;747.6,371.8;797.6,426.7;809.0,432.3;778.4,410.3;707.1,413.5;688.8,450.1;703.1,442.1
120#800.4,558.6;829.8,529.2;779.3,470.2;741.4,476.5;701.4,537.6;728.8,586.0;758.3,472.3;743.5,413.4;743.5,413.4;748.8,374.4;798.3,434.4;806.7,436.5;777.2,411.3;705.6,415.5;690.9,455.5;703.5,447.1
121#808.6,547.2;840.3,507.0;781.2,475.4;738.9,477.5;698.8,542.9;732.6,602.1;760.1,477.5;747.4,416.3;747.4,418.4;754.8,375.1;798.1,428.9;817.1,437.4;781.2,414.1;711.5,418.4;681.9,445.8;698.8,447.9
122#818.8,533.3;836.3,483.1;777.4,476.6;738.1,483.1;703.2,552.9;729.4,609.7;757.7,480.9;749.0,417.7;749.0,419.9;761.0,375.1;810.1,428.6;827.5,430.8;786.1,415.5;714.1,415.5;672.6,432.9;687.9,435.1
123#725.9,621.1;743.6,510.1;776.4,477.3;736.0,482.3;713.3,555.5;725.9,621.1;756.2,477.3;753.6,414.2;753.6,419.2;766.3,371.3;849.5,406.6;836.9,424.3;789.0,411.7;718.3,411.7;670.4,419.2;688.0,421.8
124#720.4,623.2;763.6,582.6;777.2,482.6;733.9,479.8;728.5,566.4;717.7,623.2;755.5,479.8;758.2,409.5;758.2,417.6;771.8,368.9;839.4,404.1;831.3,420.3;793.4,409.5;725.8,406.8;682.5,404.1;674.4,404.1
125#743.3,620.6;759.9,579.2;782.0,482.7;737.8,488.2;726.8,565.4;724.0,617.8;759.9,485.5;757.1,408.2;757.1,413.8;770.9,366.9;839.9,411.0;837.1,424.8;793.0,411.0;724.0,402.7;682.7,394.5;657.9,380.7
126#755.3,594.2;769.6,551.7;782.4,471.0;739.2,475.4;730.6,542.5;734.6,593.0;761.1,472.9;757.9,405.1;757.3,409.5;768.5,364.5;834.0,427.8;828.2,429.2;793.6,408.3;724.2,399.5;685.6,394.0;658.0,385.5
127#767.2,567.9;779.2,524.1;782.7,459.4;740.7,462.5;734.4,519.5;745.1,568.2;762.4,460.3;758.8,402.0;757.5,405.2;766.0,362.2;828.0,444.6;819.3,433.6;794.2,405.5;724.3,396.2;688.4,393.5;658.0,390.2
128#779.2,541.5;788.9,496.6;783.1,447.7;742.1,449.7;738.2,496.6;755.7,543.4;763.6,447.7;759.6,398.9;757.7,400.9;763.6,359.8;822.1,461.4;810.4,438.0;794.8,402.8;724.5,393.0;691.3,393.0;658.1,395.0
129#778.2,546.4;788.0,499.6;784.1,435.1;747.0,435.1;747.0,507.4;721.6,524.9;764.6,435.1;754.8,392.1;754.8,398.0;753.8,356.0;825.1,452.7;815.3,431.2;789.9,396.0;715.7,390.2;686.4,396.0;653.2,398.0
130#774.1,548.3;786.4,496.2;786.7,430.2;741.0,430.2;738.9,492.8;724.8,518.1;762.1,430.2;752.7,387.1;753.4,393.2;751.0,350.4;819.0,453.4;814.7,424.7;788.4,390.4;715.1,385.8;681.2,395.5;652.5,399.0
131#769.9,550.3;784.7,492.9;789.2,425.2;735.1,425.2;730.7,478.2;728.0,511.4;759.7,425.2;750.6,382.1;752.1,388.4;748.1,344.8;813.0,454.2;814.0,418.2;786.8,384.8;714.5,381.5;675.9,394.9;651.9,399.9
132#765.8,552.2;783.1,489.5;791.8,420.3;729.1,420.3;722.6,463.6;731.2,504.6;757.2,420.3;748.5,377.1;750.7,383.6;745.3,339.2;806.9,454.9;813.4,411.7;785.3,379.2;713.9,377.1;670.7,394.4;651.2,400.9
133#804.3,484.9;772.6,473.0;772.6,423.5;727.0,423.5;715.1,477.0;719.1,522.6;752.8,421.5;748.8,368.0;750.8,371.9;751.8,329.3;796.4,445.3;812.3,401.7;782.5,370.0;713.1,366.0;671.5,383.8;645.7,405.6
134#770.6,510.8;748.9,480.4;764.1,426.2;718.6,426.2;709.9,484.7;716.4,525.9;742.4,426.2;746.8,359.0;746.8,365.5;758.7,318.9;790.1,426.2;809.6,391.5;779.3,365.5;712.1,354.7;664.4,376.4;649.2,395.9
135#782.6,501.2;768.0,459.4;757.5,417.7;715.8,419.8;707.4,478.2;711.6,526.2;734.6,417.7;749.2,352.9;749.2,350.9;762.8,316.4;786.8,415.6;803.5,380.1;778.4,359.2;715.8,344.6;667.8,359.2;671.9,359.2
136#774.6,500.3;768.8,449.6;751.2,400.7;712.1,402.7;706.3,473.0;708.2,525.7;729.7,402.7;745.3,342.1;747.3,340.2;763.9,306.0;782.4,408.5;798.1,377.3;776.6,348.0;714.1,336.3;657.4,346.0;673.1,346.0
137#692.8,558.4;737.6,527.6;743.2,387.4;712.4,390.3;698.4,499.6;684.4,558.4;729.2,387.4;743.2,339.8;743.2,339.8;767.1,285.1;774.1,482.7;768.5,435.1;771.3,342.6;709.6,328.6;664.8,325.8;622.7,443.5
138#NULL
139#NULL