1#647.8,553.8;765.5,617.8;799.2,503.4;745.4,530.3;721.8,624.5;641.0,550.5;772.3,516.8;698.2,389.0;705.0,395.7;661.2,341.8;684.8,261.1;715.1,301.5;738.6,368.8;657.9,409.1;604.0,355.3;563.6,304.8
2#648.9,549.0;761.4,616.5;796.8,500.7;742.1,526.5;719.6,626.1;642.5,552.2;767.8,513.6;693.9,388.2;697.1,394.6;655.3,343.2;690.7,262.8;713.2,311.1;732.5,365.7;655.3,410.7;603.9,356.1;565.3,307.8
3#644.5,548.0;759.0,618.0;787.7,503.5;733.6,528.9;714.5,621.2;641.3,551.2;759.0,516.2;682.7,385.8;689.0,395.3;647.7,341.2;689.0,264.9;705.0,306.2;720.9,363.5;641.3,404.8;596.8,360.3;561.8,306.2
4#642.5,548.0;745.8,619.1;762.0,499.6;713.5,519.0;707.1,625.6;639.2,548.0;736.1,509.3;671.5,383.3;678.0,393.0;636.0,341.3;684.5,260.5;700.6,305.7;710.3,360.7;626.3,402.7;587.5,360.7;561.7,305.7
5#633.4,552.0;716.3,615.1;739.6,502.2;683.2,528.8;686.5,631.7;633.4,545.4;709.7,515.5;656.6,382.8;663.3,389.4;623.4,339.6;683.2,256.7;699.8,316.4;699.8,362.9;610.2,396.1;577.0,359.5;557.1,306.5
6#710.5,674.8;684.1,613.1;719.4,510.8;659.4,528.4;652.3,616.6;675.3,674.8;687.6,514.3;641.8,376.7;645.3,376.7;606.5,334.4;684.1,263.8;701.7,320.3;684.1,362.6;599.4,390.8;564.2,359.1;557.1,306.2
7#685.6,671.5;625.1,589.7;699.8,490.0;639.3,507.8;603.8,596.8;655.4,684.0;667.8,497.1;628.7,376.1;632.2,379.7;593.1,322.8;682.0,269.4;703.4,322.8;667.8,365.5;582.4,386.8;550.4,358.4;553.9,308.5
8#667.7,645.6;613.4,562.6;678.9,473.8;618.3,489.1;568.8,553.9;622.1,638.4;647.3,480.4;605.9,363.6;607.3,363.8;571.3,308.1;677.7,271.5;691.2,321.7;647.3,351.2;559.1,374.8;538.3,357.3;547.9,314.8
9#649.8,619.6;601.7,535.5;658.1,457.6;597.3,470.4;533.8,511.0;588.9,592.8;626.8,463.8;583.2,351.2;582.4,347.8;549.5,293.4;673.4,273.6;679.0,320.7;626.8,336.9;535.9,362.9;526.2,356.2;541.9,321.1
10#631.8,593.7;590.0,508.4;637.2,441.5;576.4,451.7;498.8,468.2;555.6,547.2;606.4,447.1;560.4,338.7;557.4,331.9;527.6,278.6;669.0,275.8;666.8,319.6;606.4,322.7;512.6,350.9;514.1,355.2;536.0,327.5
11#613.9,567.8;578.3,481.3;616.4,425.3;555.4,433.0;463.8,425.3;522.3,501.6;585.9,430.4;537.6,326.2;532.5,316.0;505.8,263.9;664.7,277.9;654.6,318.5;585.9,308.4;489.3,338.9;502.0,354.1;530.0,333.8
12#560.8,489.9;575.0,497.0;596.3,404.7;525.2,426.0;440.0,385.7;487.4,461.5;553.7,423.6;518.1,312.3;513.4,298.1;485.0,250.8;570.2,295.8;605.7,307.6;560.8,293.4;468.4,324.2;440.0,338.4;487.4,454.4
13#620.1,357.6;599.4,385.3;562.5,387.6;498.0,392.2;498.0,366.8;479.5,385.3;530.2,389.9;491.1,300.0;488.8,286.1;472.6,235.4;615.5,240.1;583.2,295.4;534.8,283.8;447.3,306.9;412.7,311.5;426.5,346.1
14#598.1,381.3;585.3,399.3;545.0,402.0;480.9,405.3;486.6,382.5;466.1,402.3;513.3,403.3;480.8,312.6;479.3,298.6;466.1,248.0;601.5,258.4;572.8,311.2;524.9,298.7;437.3,318.0;404.5,326.1;423.4,356.5
15#576.0,405.0;571.3,413.3;527.6,416.5;463.9,418.5;475.2,398.1;452.7,419.4;496.3,416.6;470.5,325.2;469.9,311.2;459.7,260.5;587.5,276.6;562.4,327.1;514.9,313.7;427.2,329.1;396.3,340.7;420.2,366.8
16#554.0,428.7;557.2,427.3;510.1,430.9;446.8,431.6;463.9,413.8;439.3,436.4;479.4,430.0;460.1,337.8;460.4,323.7;453.2,273.1;573.5,294.9;552.0,342.9;505.0,328.6;417.2,340.2;388.1,355.3;417.1,377.2
17#531.9,452.4;543.2,441.3;492.6,445.3;429.8,444.8;452.5,429.5;425.9,453.5;462.5,443.3;449.8,350.4;451.0,336.3;446.8,285.7;559.5,313.1;541.6,358.8;495.1,343.5;407.1,351.3;379.9,369.9;414.0,387.6
18#509.9,476.1;529.1,455.3;475.2,459.8;412.7,457.9;441.1,445.2;412.5,470.5;445.6,456.7;439.5,363.0;441.5,348.8;440.3,298.3;545.5,331.4;531.2,374.6;485.2,358.5;397.1,362.4;371.7,384.5;410.8,397.9
19#487.8,499.9;515.1,469.2;457.7,474.2;395.7,471.1;429.7,460.8;399.0,487.6;428.6,470.0;429.2,375.5;432.1,361.4;433.9,310.8;531.6,349.6;520.7,390.5;475.2,373.4;387.0,373.4;363.4,399.0;407.7,408.3
20#465.8,523.6;501.0,483.2;440.3,488.7;378.6,484.2;418.3,476.5;385.6,504.6;411.7,483.4;418.9,388.1;422.6,373.9;427.4,323.4;517.6,367.9;510.3,406.3;465.3,388.4;377.0,384.5;355.2,413.6;404.5,418.6
21#443.7,547.3;487.0,497.2;422.8,503.1;361.6,497.4;406.9,492.2;372.2,521.7;394.8,496.7;408.6,400.7;413.2,386.5;421.0,336.0;503.6,386.1;499.9,422.2;455.4,403.3;366.9,395.6;347.0,428.2;401.4,429.0
22#421.7,571.0;472.9,511.2;405.3,517.5;344.5,510.5;395.6,507.9;358.8,538.7;377.9,510.1;398.2,413.3;403.7,399.0;414.5,348.6;489.6,404.4;489.5,438.0;445.5,418.2;356.9,406.7;338.8,442.8;398.3,439.4
23#399.6,594.7;458.8,525.2;387.9,532.0;327.4,523.6;384.2,523.5;345.4,555.8;360.9,523.5;387.9,425.9;394.2,411.6;408.1,361.1;475.6,422.6;479.1,453.9;435.5,433.2;346.9,417.8;330.6,457.4;395.1,449.7
24#377.6,618.4;444.8,539.2;370.4,546.4;310.4,536.8;372.8,539.2;332.0,572.8;344.0,536.8;377.6,438.5;384.8,424.1;401.6,373.7;461.6,440.9;468.7,469.7;425.6,448.1;336.8,428.9;322.4,472.0;392.0,460.1
25#382.8,634.7;445.7,556.7;367.7,551.6;312.3,539.1;377.7,531.5;397.9,594.4;342.5,549.1;382.8,448.5;385.3,430.9;404.2,379.3;425.5,493.8;438.1,503.8;430.6,461.1;337.5,438.4;304.8,481.2;377.7,473.7
26#385.1,666.6;440.3,572.9;374.1,542.5;316.2,534.3;382.4,545.3;412.7,611.5;343.8,537.0;385.1,443.2;387.9,432.2;408.6,375.7;459.6,520.5;440.3,523.2;432.0,459.8;341.0,437.7;307.9,487.4;354.8,501.2
27#392.5,687.9;437.6,588.7;374.5,540.5;323.3,531.5;398.5,564.6;404.6,672.9;350.4,534.5;395.5,438.3;395.5,429.3;412.1,367.6;455.7,528.5;446.7,519.5;437.6,456.3;350.4,423.2;323.3,477.4;374.5,504.5
28#404.2,698.6;441.6,617.5;382.3,533.3;332.4,524.0;394.8,564.5;397.9,695.5;357.4,527.1;397.9,427.3;401.0,421.0;418.2,363.3;482.1,527.1;454.1,517.7;444.7,449.1;354.2,408.6;329.3,467.8;360.5,502.1
29#423.0,709.8;450.6,620.3;429.9,534.3;347.3,520.5;416.2,548.1;399.0,596.2;374.9,520.5;409.3,420.7;409.3,420.7;424.8,357.1;488.4,548.1;464.3,513.6;450.6,444.8;368.0,403.5;340.5,372.5;371.4,386.3
30#439.6,702.6;450.2,617.3;428.9,532.0;357.8,514.2;418.2,546.2;400.4,613.7;386.2,521.3;414.7,418.2;414.7,414.7;427.1,348.9;471.5,549.7;475.1,500.0;460.9,436.0;364.9,400.5;341.8,348.9;384.5,341.8
31#454.3,690.6;468.8,607.0;436.1,534.3;374.3,508.8;421.5,552.5;410.6,632.4;417.9,523.4;421.5,410.7;417.9,410.7;428.8,341.6;483.3,537.9;476.1,490.7;468.8,428.9;370.7,392.5;348.9,338.0;376.1,325.3
32#471.8,665.4;493.3,566.6;428.9,506.4;377.3,506.4;433.1,558.0;407.4,648.2;403.1,506.4;424.6,399.0;424.6,399.0;433.1,338.9;497.6,502.1;480.4,480.7;467.5,416.2;381.6,386.1;360.1,330.3;390.2,278.7
33#475.4,641.1;508.9,553.2;425.1,511.3;374.9,511.3;441.9,578.3;408.4,674.7;400.0,511.3;425.1,389.8;425.1,394.0;437.7,331.1;534.1,461.0;508.9,461.0;467.0,402.3;387.4,377.2;366.5,326.9;387.4,268.3
34#487.1,604.5;527.5,532.7;428.8,514.7;379.4,514.7;428.8,591.0;406.4,689.7;406.4,514.7;433.3,389.1;433.3,384.6;433.3,321.8;545.4,420.5;527.5,442.9;478.1,398.1;392.9,375.6;361.5,339.8;397.4,290.4
35#487.9,570.3;545.3,502.1;444.8,509.3;394.5,505.7;408.9,606.2;401.7,692.4;416.1,509.3;437.6,383.6;434.0,383.6;435.8,320.8;538.1,387.2;541.7,419.5;484.3,390.8;390.9,372.9;371.2,328.0;392.7,320.8
36#498.5,539.7;554.9,472.0;457.2,505.9;404.5,498.4;404.5,596.1;393.2,678.8;434.6,498.4;442.1,378.0;438.4,374.3;436.5,312.2;532.4,348.0;551.2,393.1;491.0,381.8;389.5,374.3;383.8,319.8;393.2,329.2
37#490.4,530.8;422.2,580.0;467.6,496.7;418.4,496.7;407.0,587.6;384.3,674.8;441.1,496.7;441.1,375.4;441.1,375.4;441.1,307.2;516.9,318.6;551.0,375.4;490.4,379.2;388.1,375.4;376.7,375.4;407.0,337.5
38#396.6,650.0;423.7,576.4;477.9,495.1;419.8,495.1;408.2,580.3;396.6,661.6;450.8,495.1;443.1,371.1;443.1,371.1;450.8,309.2;512.8,289.8;524.4,340.1;489.5,371.1;400.5,375.0;365.6,355.6;419.8,340.1
39#415.4,566.6;422.5,555.9;475.7,481.4;426.0,488.5;418.9,563.0;408.3,641.1;450.9,481.4;443.8,371.4;443.8,364.3;454.4,307.5;513.0,270.2;518.3,325.2;489.9,367.8;397.6,378.5;387.0,428.2;387.0,396.2
40#523.1,525.7;442.1,522.4;485.9,471.7;428.6,475.1;435.3,529.1;428.6,610.1;455.6,475.1;448.8,370.5;448.8,363.7;452.2,306.4;516.3,269.2;519.7,316.5;496.1,360.4;398.2,377.2;388.1,427.9;415.1,424.5
41#507.5,548.7;542.7,460.7;484.1,460.7;422.5,460.7;443.0,504.7;443.0,583.9;454.7,460.7;445.9,366.8;445.9,355.1;451.8,299.3;522.2,287.6;525.1,334.5;501.7,355.1;393.1,375.6;387.3,443.1;410.7,437.2
42#514.5,559.4;517.2,480.4;473.6,447.7;421.8,455.9;454.5,477.7;446.4,551.3;449.1,447.7;446.4,360.5;446.4,349.7;449.1,292.4;528.1,303.3;530.8,349.7;495.4,349.7;394.6,368.7;383.7,431.4;372.8,461.4
43#509.0,576.4;543.2,481.5;469.4,455.1;411.4,465.7;474.7,457.8;472.0,510.5;440.4,460.4;445.7,357.6;445.7,344.4;448.3,286.4;527.4,312.7;548.5,360.2;498.4,347.0;390.3,362.8;374.5,431.4;408.8,428.7
44#511.6,582.6;530.3,491.2;467.5,444.4;410.1,451.4;442.9,470.2;439.0,511.6;438.8,448.9;445.5,345.0;445.5,335.1;447.7,278.2;519.7,343.2;538.0,366.5;497.3,340.0;392.9,347.4;365.7,397.3;386.4,394.4
45#514.3,588.8;517.3,500.8;465.6,433.6;408.7,437.2;411.0,482.5;406.0,512.6;437.2,437.5;445.2,332.3;445.2,325.8;447.1,270.0;512.1,373.6;527.4,372.8;496.1,332.9;395.4,331.9;356.8,363.2;364.1,360.2
46#516.9,595.0;504.4,510.5;463.7,422.9;407.4,422.9;379.2,494.9;373.0,513.7;435.6,426.0;445.0,319.7;445.0,316.5;446.5,261.8;504.4,404.1;516.9,379.1;495.0,325.9;398.0,316.5;348.0,329.1;341.7,325.9
47#510.6,577.1;504.2,492.9;466.5,411.4;411.6,412.4;396.7,477.7;396.4,513.3;439.1,414.4;446.3,312.8;446.3,309.7;448.3,252.1;503.2,394.1;515.4,377.4;497.9,320.8;396.7,307.8;349.9,309.5;346.2,293.4
48#504.3,559.1;503.9,475.2;469.2,399.9;415.9,401.8;414.2,460.4;419.8,512.8;442.6,402.9;447.7,305.9;447.7,303.0;450.1,242.4;502.1,384.0;513.9,375.7;500.8,315.7;395.5,299.1;351.9,289.8;350.8,260.9
49#498.0,541.2;503.7,457.6;472.0,388.4;420.1,391.3;431.7,443.2;443.2,512.4;446.1,391.3;449.0,299.0;449.0,296.2;451.9,232.7;500.9,374.0;512.4,374.0;503.7,310.6;394.2,290.4;353.8,270.2;355.3,228.4
50#490.3,532.5;505.5,450.2;484.2,389.2;429.3,392.3;435.4,462.4;441.5,541.6;456.7,389.2;453.7,303.8;453.7,303.8;455.2,238.3;514.6,398.4;520.7,370.9;508.5,316.0;398.8,297.7;347.0,291.6;351.5,244.4
51#486.9,539.4;496.2,461.9;493.1,399.8;440.3,402.9;437.2,474.3;440.3,548.7;465.2,402.9;452.8,313.0;452.8,309.9;451.2,246.3;514.8,387.4;524.1,375.0;508.6,325.4;400.0,309.9;350.4,309.9;353.5,266.5
52#488.8,556.1;491.6,481.9;494.3,413.3;444.9,413.3;433.9,479.2;444.9,545.1;469.6,413.3;455.9,322.6;458.6,317.1;449.0,266.3;532.8,410.5;527.3,377.6;508.1,328.1;401.0,319.9;354.3,330.9;354.3,284.2
53#488.2,572.5;491.1,490.9;496.9,423.9;450.3,426.8;429.9,470.5;450.3,543.3;473.6,423.9;456.1,342.3;456.1,339.4;448.8,276.7;496.9,415.1;508.6,391.8;505.7,348.1;403.7,339.4;354.1,348.1;354.1,304.4
54#486.0,583.4;486.0,495.6;511.5,444.7;460.6,444.7;420.9,470.2;446.4,552.2;483.2,444.7;457.7,362.6;460.6,359.8;450.7,304.6;474.7,441.9;497.4,410.7;503.0,365.5;406.8,357.0;355.9,368.3;353.0,323.0
55#490.8,591.7;479.0,503.1;517.4,458.9;473.1,458.9;422.9,506.1;452.4,585.8;493.7,458.9;461.3,379.2;461.3,376.2;453.9,312.8;479.0,455.9;505.5,423.5;505.5,388.0;411.1,373.3;360.9,388.0;352.1,343.8
56#498.9,590.1;470.6,520.9;530.4,489.4;480.0,492.6;420.3,533.5;454.9,621.6;505.2,489.4;470.6,395.0;467.5,391.9;461.2,325.8;373.1,366.7;505.2,445.4;511.5,407.6;417.1,391.9;363.6,404.5;354.2,363.6
57#506.6,576.9;460.0,526.9;549.9,510.3;486.6,510.3;416.7,553.6;453.3,640.2;513.3,510.3;473.3,413.7;473.3,407.0;465.0,335.5;470.0,433.7;509.9,460.3;513.3,417.0;420.0,407.0;370.1,423.7;356.8,383.7
58#490.4,583.9;463.3,577.1;554.9,522.8;480.2,522.8;409.0,577.1;453.1,658.5;514.2,516.0;476.8,414.3;476.8,414.3;461.6,344.7;466.7,492.3;510.8,465.2;517.5,421.0;425.9,410.9;371.7,438.0;354.7,400.7
59#515.6,569.6;482.3,556.2;542.2,523.0;472.3,536.3;412.4,592.8;452.4,676.1;508.9,526.3;482.3,416.5;479.0,413.1;464.0,351.6;525.6,473.0;568.8,469.7;532.2,413.1;429.1,416.5;375.8,453.1;352.5,416.5
60#513.2,600.7;482.7,556.6;533.6,526.0;469.1,532.8;431.8,610.9;452.1,692.4;503.0,526.0;482.7,414.0;482.7,403.8;464.0,347.8;564.1,427.6;574.3,448.0;530.2,407.2;428.4,417.4;387.6,461.5;353.7,434.4
61#499.5,628.9;470.0,584.6;529.0,521.9;466.3,536.7;440.5,617.8;440.5,695.2;499.5,525.6;477.3,407.6;477.3,400.2;468.1,335.7;488.4,474.0;525.3,455.5;525.3,400.2;422.0,415.0;388.8,466.6;352.0,444.5
62#501.9,633.2;486.7,553.7;543.5,504.5;471.6,523.5;433.8,606.7;445.1,686.1;509.4,512.1;471.6,398.6;471.6,394.8;460.2,330.5;513.2,334.3;539.7,372.1;520.8,383.5;422.4,413.8;384.6,470.5;350.5,459.1
63#494.7,641.7;482.8,518.4;546.4,490.6;486.7,502.5;423.1,570.1;450.9,661.6;518.5,498.5;466.8,391.2;466.8,391.2;454.9,327.5;506.6,256.0;510.6,315.6;514.6,375.3;423.1,411.0;387.3,470.7;343.6,470.7
64#486.8,650.9;468.6,545.2;559.7,501.5;497.8,508.7;406.7,548.8;446.8,629.0;526.9,501.5;457.7,392.1;457.7,392.1;446.8,326.5;494.1,275.5;505.1,315.6;501.4,370.3;417.6,410.3;384.8,472.3;344.7,483.2
65#483.8,689.7;473.1,579.2;548.0,511.5;473.1,507.9;391.1,525.7;437.5,597.0;515.9,507.9;448.2,397.4;448.2,397.4;426.8,329.7;482.0,299.4;508.8,326.1;494.5,372.5;401.8,418.8;376.9,479.4;341.2,497.2
66#477.0,700.8;484.4,600.8;532.6,511.8;454.8,511.8;380.7,508.1;421.4,563.7;499.2,511.8;436.3,404.4;436.3,404.4;410.3,337.7;486.3,317.3;510.4,352.5;480.7,385.9;384.4,426.6;362.2,489.6;336.2,515.6
67#471.5,724.8;486.2,629.4;489.9,515.6;416.5,515.6;376.1,467.9;383.5,567.0;456.9,515.6;416.5,412.9;420.2,409.2;390.8,343.2;480.7,330.3;515.6,379.9;471.5,398.2;368.8,434.9;361.4,497.3;332.1,534.0
68#464.3,733.5;471.3,638.8;481.9,523.1;411.7,523.1;362.7,516.1;460.8,726.4;443.3,523.1;408.2,421.4;408.2,417.9;381.9,349.6;478.4,354.8;506.4,396.9;453.8,403.9;352.1,439.0;338.1,505.6;317.1,544.1
69#462.6,717.4;459.2,631.0;466.1,527.4;403.9,537.8;448.8,627.6;455.7,720.8;431.5,530.9;393.6,430.8;393.6,427.3;374.6,356.5;476.4,372.1;493.7,416.9;448.8,416.9;334.9,444.6;317.6,510.2;314.1,562.0
70#445.2,730.6;445.2,639.6;441.8,531.1;368.2,527.6;441.8,629.1;371.8,594.1;399.8,527.6;378.8,433.1;378.8,429.6;370.0,357.9;469.8,398.1;487.2,436.6;431.2,422.6;322.8,443.6;294.8,503.1;301.8,559.1
71#430.6,719.4;430.6,634.6;430.6,549.8;355.5,533.4;336.0,549.8;368.6,611.7;391.4,543.2;368.6,432.3;368.6,432.3;353.9,388.3;463.2,409.5;469.7,445.4;414.2,425.8;319.7,442.1;260.9,487.8;300.1,546.5
72#421.9,713.6;418.7,630.3;396.2,524.5;328.9,530.9;364.2,623.9;370.6,627.1;364.2,527.7;354.6,434.8;354.6,434.8;356.2,375.5;453.9,441.2;453.9,463.6;405.9,431.6;306.5,438.0;242.4,473.2;300.1,505.3
73#416.4,701.2;422.6,620.7;385.4,521.6;323.5,527.8;329.7,580.4;373.0,642.4;354.5,527.8;345.2,434.8;345.2,425.6;343.6,377.5;447.4,456.5;438.1,475.1;394.7,431.7;298.7,437.9;227.4,453.4;239.8,453.4
74#417.9,686.8;424.3,595.1;380.0,522.4;316.8,522.4;329.5,598.3;370.5,658.3;345.3,519.3;338.9,430.8;338.9,430.8;337.4,366.0;443.2,465.6;421.1,478.2;389.5,430.8;288.4,430.8;222.0,437.1;256.8,430.8
75#422.4,663.1;428.7,575.3;369.1,512.6;312.7,512.6;325.2,609.8;369.1,675.6;340.9,512.6;331.5,424.8;331.5,428.0;336.2,357.5;444.3,478.1;416.1,471.9;378.5,428.0;278.2,421.7;221.8,412.3;271.9,371.6
76#421.5,641.0;435.5,556.7;365.3,507.5;309.1,514.5;326.6,623.4;368.8,693.7;337.2,514.5;330.1,419.7;326.6,426.7;337.2,356.4;442.6,472.4;418.0,465.3;375.8,426.7;277.4,412.6;224.7,384.5;275.7,351.1
77#427.6,611.5;443.8,534.7;363.0,506.5;306.5,530.7;326.7,635.7;363.0,708.4;334.7,518.6;326.7,413.6;326.7,425.7;338.8,348.9;435.7,470.1;427.6,458.0;375.1,421.6;278.2,401.4;229.7,361.0;264.1,314.6
78#422.8,578.5;448.6,509.5;358.2,509.5;302.1,526.8;332.3,634.5;358.2,716.4;328.0,518.2;328.0,406.1;323.7,414.8;345.2,350.1;418.5,453.5;452.9,453.5;371.1,419.1;280.6,393.2;241.8,341.5;261.2,292.0
79#408.2,558.4;454.2,487.4;358.1,504.1;308.0,525.0;324.7,629.4;341.4,717.2;333.0,512.5;328.8,399.7;324.7,403.8;345.6,345.4;399.9,445.6;454.2,441.4;370.6,412.2;282.9,383.0;249.5,332.8;249.5,278.5
80#399.2,548.6;452.4,473.2;368.1,513.1;310.5,535.3;310.5,628.4;328.2,717.0;337.1,517.5;328.2,397.8;328.2,402.3;341.5,340.2;461.2,428.9;447.9,428.9;377.0,406.7;283.9,380.1;252.8,335.8;239.5,287.0
81#402.2,547.2;451.6,473.0;373.3,510.1;315.6,526.6;299.1,629.6;315.6,712.1;344.5,514.3;328.0,403.0;328.0,407.1;336.2,341.2;459.8,419.5;447.5,423.6;377.4,407.1;278.5,386.5;233.2,349.4;239.4,306.1
82#400.4,559.1;456.2,488.5;367.0,510.8;315.0,525.7;289.0,618.5;300.1,707.7;341.0,522.0;326.1,406.8;326.1,406.8;326.1,343.6;422.7,421.7;448.7,417.9;374.4,406.8;281.6,399.4;225.8,369.6;231.4,323.2
83#407.2,587.8;462.0,514.7;374.3,518.4;315.9,533.0;283.0,620.7;286.7,712.0;345.1,522.0;326.8,408.8;326.8,408.8;319.5,343.1;392.6,419.8;443.7,419.8;370.7,405.2;283.0,405.2;224.6,390.6;235.5,343.1
84#405.8,611.8;464.0,539.0;373.0,517.2;311.2,528.1;278.4,615.4;289.3,706.4;343.9,528.1;325.7,411.7;322.1,411.7;313.0,344.3;373.0,382.6;427.6,411.7;369.4,408.0;278.4,411.7;223.9,408.0;234.8,364.4
85#403.0,627.9;459.5,553.7;367.7,521.9;314.7,532.5;272.3,613.7;290.0,702.0;339.4,529.0;321.8,412.4;321.8,416.0;312.9,347.1;350.0,363.0;395.9,394.8;371.2,408.9;275.9,412.4;222.9,423.0;237.0,377.1
86#400.5,647.8;447.3,565.0;364.6,518.3;310.6,518.3;263.8,604.6;281.8,698.1;335.8,518.3;321.4,399.5;321.4,403.1;294.4,336.6;396.9,525.5;386.2,457.1;368.2,388.7;271.0,413.9;220.7,431.9;235.1,392.3
87#401.1,660.9;431.3,570.3;355.8,513.8;303.0,513.8;246.5,593.0;276.6,683.5;329.4,513.8;306.8,400.6;306.8,400.6;287.9,344.0;295.5,321.4;329.4,347.8;348.3,389.3;265.3,408.2;223.8,445.9;231.4,408.2
88#397.9,674.1;402.2,576.5;351.3,496.0;296.2,508.7;228.3,576.5;266.5,661.3;325.8,504.4;291.9,394.2;291.9,394.2;279.2,334.8;275.0,300.9;313.1,334.8;334.3,381.5;249.5,402.7;224.1,449.3;241.0,415.4
89#404.6,679.4;384.8,588.4;353.1,489.5;289.8,501.4;206.7,548.9;258.2,628.0;321.5,497.4;277.9,382.7;277.9,382.7;262.1,319.3;270.0,283.7;297.7,323.3;317.5,366.8;238.4,394.5;226.5,453.9;238.4,422.2
90#414.6,672.7;377.6,594.7;340.7,475.7;287.4,483.9;188.9,525.0;246.3,594.7;307.9,479.8;262.7,369.0;258.6,373.2;246.3,311.6;270.9,270.6;287.4,315.7;303.8,352.6;221.7,389.6;221.7,447.0;213.5,426.5
91#407.5,665.4;365.9,578.7;317.3,474.7;258.4,481.6;168.3,502.4;230.7,568.3;286.1,478.2;251.5,374.2;251.5,370.7;230.7,308.3;348.5,478.2;327.7,412.3;293.1,360.3;209.9,384.6;182.1,450.4;144.0,457.4
92#392.1,649.9;362.0,562.9;298.4,469.2;241.6,482.6;161.3,475.9;218.1,546.2;268.3,475.9;241.6,368.8;238.2,368.8;211.5,308.6;331.9,482.6;311.8,419.0;285.1,352.1;191.4,385.6;161.3,425.7;208.1,419.0
93#353.4,627.3;356.4,555.4;284.5,483.5;233.5,495.5;158.6,462.6;200.6,534.5;260.5,483.5;221.6,372.7;221.6,372.7;202.1,308.3;272.5,318.7;299.5,366.7;272.5,360.7;176.6,381.7;131.7,414.6;194.6,534.5
94#337.5,602.6;357.6,545.1;274.2,487.5;216.7,499.0;159.1,455.9;176.4,536.4;248.3,496.2;210.9,381.1;210.9,378.2;193.7,317.8;274.2,332.2;282.8,375.3;254.1,372.5;164.9,386.8;116.0,395.5;124.6,395.5
95#312.1,579.1;361.0,532.7;265.6,499.2;196.0,501.8;144.5,465.7;170.3,550.7;229.6,499.2;198.6,388.3;198.6,378.0;183.1,323.9;273.4,360.0;286.3,393.5;245.0,380.6;154.8,390.9;111.0,380.6;167.7,372.9
96#290.2,562.4;335.1,517.5;245.3,493.8;184.7,499.1;139.8,493.8;168.8,575.6;211.0,491.1;192.6,388.2;192.6,385.6;179.4,330.2;266.5,377.7;279.6,409.3;237.4,388.2;145.1,385.6;118.7,359.2;135.8,310.4
97#271.6,546.2;308.2,495.5;243.5,487.0;178.7,487.0;147.7,503.9;167.4,588.4;204.0,487.0;187.1,388.5;187.1,388.5;178.7,332.1;268.8,391.3;274.5,422.3;232.2,391.3;142.1,385.6;116.7,357.5;116.7,315.2
98#268.3,542.1;287.6,476.0;232.5,481.5;171.8,487.0;152.6,517.3;166.3,600.0;202.2,489.8;185.6,390.6;185.6,385.1;177.4,329.9;273.8,398.8;273.8,426.4;232.5,390.6;136.0,385.1;102.9,363.0;119.5,327.2
99#262.3,538.6;280.0,482.5;235.7,482.5;173.7,482.5;153.1,529.8;167.8,612.4;203.2,482.5;188.5,388.1;188.5,385.1;182.6,326.1;223.9,435.3;265.2,435.3;235.7,388.1;141.3,385.1;94.0,376.3;114.7,346.8
100#239.7,546.8;284.9,483.6;236.7,462.5;173.4,471.5;152.4,531.7;167.4,613.1;206.6,468.5;188.5,381.2;188.5,381.2;182.5,320.9;230.7,432.4;263.8,435.4;236.7,378.1;140.3,381.2;89.1,390.2;113.2,363.1
101#240.3,571.2;246.3,499.4;234.3,445.7;180.5,454.6;153.6,529.3;162.6,604.0;210.4,451.6;189.5,370.9;189.5,373.9;176.0,312.7;240.3,439.7;261.2,418.8;234.3,370.9;144.7,370.9;96.9,403.8;111.8,370.9
102#239.1,586.2;245.2,510.1;242.2,437.1;190.4,437.1;160.0,510.1;166.1,586.2;217.8,437.1;193.5,364.0;193.5,367.1;176.7,304.7;251.3,434.0;266.5,403.6;233.0,364.0;147.8,364.0;105.2,409.7;117.4,388.4
103#237.5,594.3;240.4,513.1;252.0,431.9;196.8,434.8;162.0,475.4;176.5,550.8;220.1,434.8;196.8,359.4;193.9,359.4;172.2,308.6;260.7,431.9;286.8,391.3;240.4,356.5;150.4,359.4;112.7,411.6;118.5,397.1
104#238.0,608.8;244.5,531.6;254.1,447.8;196.2,447.8;160.7,451.0;186.5,512.2;225.2,447.8;199.4,351.2;199.4,354.4;181.7,291.6;315.3,380.2;279.9,364.1;241.3,344.8;151.1,357.6;122.1,409.2;138.2,399.5
105#244.9,611.3;251.9,513.6;254.6,443.4;197.8,444.7;171.1,456.6;197.2,519.8;226.3,443.4;201.5,344.9;201.5,348.1;185.4,285.1;312.1,388.1;283.3,363.1;243.9,339.7;153.6,350.0;126.2,388.9;142.1,380.4
106#251.8,613.7;259.2,495.7;255.1,438.9;199.5,441.5;181.6,462.2;207.9,527.3;227.3,438.9;203.6,338.6;203.6,341.8;189.0,278.6;308.9,396.1;286.7,362.2;246.4,334.6;156.1,342.5;130.4,368.5;145.9,361.2
107#258.7,616.2;266.6,477.7;255.6,434.4;201.1,438.4;192.0,467.8;218.6,534.9;228.4,434.4;205.7,332.2;205.7,335.5;192.7,272.1;305.7,404.0;290.1,361.2;249.0,329.5;158.6,334.9;134.5,348.2;149.8,342.1
108#265.6,618.7;274.0,459.7;256.1,430.0;202.8,435.2;202.5,473.4;229.3,542.4;229.5,430.0;207.9,325.9;207.9,329.3;196.4,265.5;302.5,411.9;293.5,360.2;251.5,324.5;161.1,327.4;138.7,327.9;153.7,323.0
109#272.4,621.1;281.4,441.7;256.7,425.6;204.4,432.1;212.9,479.1;240.0,550.0;230.6,425.6;210.0,319.6;210.0,323.0;200.1,259.0;299.2,419.8;296.8,359.3;254.1,319.4;163.5,319.8;142.8,307.5;157.6,303.9
110#279.3,623.6;288.8,423.8;257.2,421.1;206.0,429.0;223.3,484.7;250.7,557.6;231.6,421.1;212.1,313.2;212.1,316.7;203.8,252.5;296.0,427.8;300.2,358.3;256.6,314.3;166.0,312.2;147.0,287.2;161.4,284.8
111#286.2,626.0;296.1,405.8;257.7,416.7;207.7,425.8;233.8,490.3;261.4,565.1;232.7,416.7;214.2,306.9;214.2,310.4;207.4,246.0;292.8,435.7;303.6,357.4;259.2,309.2;168.5,304.7;151.2,266.8;165.3,265.6
112#293.1,628.5;303.5,387.8;258.2,412.2;209.3,422.7;244.2,495.9;272.1,572.7;233.8,412.2;216.3,300.6;216.3,304.1;211.1,239.5;289.6,443.6;307.0,356.4;261.7,304.1;171.0,297.1;155.3,246.5;169.2,246.5
113#269.9,584.8;263.1,499.8;263.1,411.4;208.7,411.4;239.3,506.6;269.9,581.4;239.3,411.4;229.1,302.6;225.7,306.0;241.0,246.5;297.1,408.0;310.7,370.6;276.7,309.4;178.1,295.8;130.5,302.6;154.3,282.2
114#266.6,581.9;266.6,506.9;273.4,425.0;222.2,431.8;239.3,517.1;263.2,581.9;249.5,425.0;239.3,305.5;235.9,309.0;241.0,245.8;338.2,401.1;317.8,363.5;283.7,309.0;191.5,302.1;154.0,319.2;143.8,322.6
115#254.7,558.8;261.7,499.4;282.6,401.7;237.3,419.2;237.3,509.9;254.7,579.7;254.7,412.2;247.7,307.5;247.7,307.5;253.0,239.4;338.5,412.2;331.5,363.3;289.6,311.0;202.4,304.0;157.0,342.4;129.1,345.9
116#284.2,464.4;280.8,481.6;291.1,392.3;236.1,406.0;232.7,498.7;246.4,570.8;263.6,399.1;256.7,306.4;256.7,306.4;270.5,244.6;346.0,392.3;339.1,357.9;301.4,306.4;212.1,303.0;167.4,340.8;143.4,364.8
117#333.8,496.5;289.3,486.2;306.4,397.2;248.2,410.9;237.9,496.5;244.7,568.4;275.6,407.5;272.1,304.8;272.1,301.4;280.7,238.0;340.6,369.8;357.7,349.3;320.1,308.2;227.6,301.4;169.4,332.2;200.2,349.3
118#293.3,492.9;318.5,442.5;315.3,407.8;255.4,411.0;242.8,489.8;246.0,559.1;290.1,407.8;287.0,303.8;287.0,306.9;285.4,245.5;403.6,347.9;362.6,322.7;327.9,303.8;239.7,300.6;176.6,322.7;205.0,316.4
119#295.5,517.7;322.8,448.0;331.9,387.3;271.2,384.3;253.0,475.3;247.0,545.0;298.5,384.3;295.5,299.4;295.5,302.4;297.0,237.2;377.4,284.2;407.7,320.6;334.9,299.4;250.0,296.3;183.3,314.5;207.5,305.4
120#304.9,532.7;324.5,464.1;327.8,379.0;275.5,379.0;262.4,457.5;255.9,526.2;301.6,375.8;311.4,297.3;308.2,294.0;301.6,235.2;389.9,251.5;403.0,290.8;353.9,297.3;268.9,294.0;193.7,303.9;233.0,267.9
121#312.8,539.2;334.7,467.3;353.5,389.0;287.8,379.7;269.0,429.7;269.0,495.4;319.1,379.7;319.1,292.1;316.0,295.2;305.0,231.0;397.3,238.9;397.3,279.5;362.9,292.1;269.0,288.9;209.6,292.1;237.7,260.8
122#326.5,538.8;351.7,463.2;361.1,397.1;295.0,368.8;272.9,412.9;282.4,469.5;326.5,381.4;329.6,290.1;326.5,293.2;312.3,228.7;398.9,252.3;408.3,286.9;373.7,290.1;282.4,283.8;222.6,293.2;244.6,271.2
123#341.8,532.4;371.1,459.2;391.6,400.6;312.5,380.1;268.6,388.9;292.0,450.4;353.6,391.8;336.0,292.2;333.0,295.1;314.0,238.0;403.4,262.9;420.9,298.1;377.0,292.2;289.1,283.4;230.5,303.9;248.1,292.2
124#363.3,508.0;394.2,443.4;402.6,378.9;310.0,362.1;267.9,370.5;293.1,437.8;343.7,362.1;338.0,289.1;338.0,291.9;328.2,231.5;413.8,280.7;433.5,308.7;383.0,289.1;296.0,286.3;248.2,308.7;245.4,308.7
125#378.0,490.4;414.7,428.7;396.6,373.9;315.5,361.0;265.5,377.6;289.9,450.3;348.1,360.2;346.0,287.9;346.0,287.2;339.9,228.8;417.6,296.6;439.2,317.8;390.3,288.7;302.8,286.0;253.2,314.4;265.7,315.3
126#392.8,472.7;435.2,414.1;390.7,368.9;321.0,360.0;263.0,384.7;286.6,462.9;352.5,358.2;353.9,286.6;353.9,282.5;351.5,226.0;421.5,312.6;444.9,327.0;397.7,288.3;309.5,285.7;258.1,320.2;285.9,321.9
127#407.5,455.1;455.7,399.4;384.7,363.9;326.5,358.9;260.6,391.8;283.4,475.4;356.9,356.3;361.9,285.4;361.9,277.8;363.2,223.3;425.3,328.5;450.6,336.1;405.0,287.9;316.3,285.4;263.1,325.9;306.2,328.5
128#418.1,456.9;467.5,391.2;390.7,355.5;335.9,350.1;264.7,404.9;286.6,487.1;366.1,355.5;371.6,278.8;371.6,270.6;367.4,217.2;434.6,328.1;462.0,330.9;420.9,284.3;322.2,278.8;270.2,319.9;289.3,336.4
129#416.9,470.3;467.7,396.9;399.9,351.8;343.5,351.8;272.9,411.0;289.9,495.7;371.7,348.9;377.3,269.9;374.5,267.1;375.9,212.1;453.5,306.6;462.0,309.4;428.1,272.7;326.5,269.9;278.6,303.8;284.2,334.8
130#414.6,489.9;459.7,411.7;408.6,342.5;348.5,342.5;291.3,414.7;294.3,498.9;381.5,342.5;381.5,258.3;381.5,255.3;383.0,193.6;477.8,291.4;471.8,288.3;429.7,255.3;336.4,255.3;285.3,288.3;312.4,294.4
131#418.0,505.3;444.1,430.3;421.3,342.3;362.6,335.8;307.2,407.5;290.9,489.0;391.9,339.0;388.7,241.2;388.7,244.5;380.5,174.4;499.5,267.3;476.7,257.5;431.0,238.0;346.3,241.2;287.6,273.8;323.5,273.8
132#417.4,504.3;431.3,427.9;427.9,337.5;375.7,334.0;309.7,389.6;313.2,462.6;400.1,334.0;393.1,226.3;396.6,222.9;382.7,163.8;459.1,247.2;490.4,229.8;434.8,222.9;351.4,226.3;299.3,257.6;334.0,257.6
133#434.7,494.2;444.9,417.0;435.8,330.1;382.6,328.2;316.1,377.4;331.5,445.9;407.3,328.2;393.8,222.5;396.7,219.7;381.9,161.0;466.1,256.3;486.9,227.8;435.7,218.2;352.2,224.4;308.4,257.3;342.1,255.3
134#452.0,484.1;458.4,406.1;443.6,322.7;389.5,322.3;322.4,365.2;349.8,429.3;414.5,322.3;394.4,218.7;396.7,216.4;381.2,158.2;473.1,265.4;483.4,225.9;436.6,213.5;353.1,222.6;317.4,256.9;350.2,253.1
135#469.4,473.9;472.0,395.3;451.4,315.4;396.5,316.5;328.8,352.9;368.1,412.6;421.6,316.5;395.1,214.9;396.8,213.2;380.4,155.5;480.1,274.5;479.8,223.9;437.6,208.9;353.9,220.7;326.4,256.6;358.2,250.8
136#486.7,463.8;485.6,384.4;459.3,308.0;403.4,310.7;335.1,340.7;386.4,395.9;428.8,310.7;395.7,211.1;396.9,210.0;379.6,152.7;487.1,283.6;476.3,221.9;438.5,204.2;354.8,218.8;335.5,256.3;366.3,248.5
137#504.0,453.7;499.1,373.5;467.1,300.6;410.3,304.8;341.4,328.5;404.7,379.3;436.0,304.8;396.4,207.3;396.9,206.7;378.9,149.9;494.1,292.7;472.8,220.0;439.4,199.5;355.6,217.0;344.6,255.9;374.4,246.3
138#521.3,443.6;512.7,362.6;475.0,293.2;417.2,299.0;347.8,316.3;423.0,362.6;443.2,299.0;397.0,203.5;397.0,203.5;378.1,147.1;501.1,301.8;469.3,218.0;440.3,194.8;356.5,215.1;353.6,255.6;382.5,244.0
139#530.5,427.3;519.0,346.8;475.8,286.4;418.3,295.0;355.0,332.4;426.9,387.1;444.2,295.0;395.3,202.9;395.3,202.9;373.7,144.0;493.1,274.9;464.3,240.3;438.4,191.4;355.0,214.5;357.9,263.4;383.8,249.0
140#530.8,410.8;528.1,335.4;474.3,281.7;423.2,297.8;366.7,357.0;436.7,408.1;447.4,289.7;396.3,201.0;393.6,198.3;373.5,148.5;490.4,260.1;471.6,217.1;434.0,190.2;350.6,214.4;358.7,265.5;382.9,249.4
141#533.0,394.9;535.8,324.7;468.4,279.9;423.6,296.7;370.3,364.0;437.6,420.1;446.0,288.3;395.5,204.1;392.7,201.3;382.9,141.0;485.3,257.4;474.1,223.8;437.6,192.9;350.7,215.4;347.8,268.7;373.1,257.4
142#537.8,375.1;543.8,309.6;469.3,291.7;421.6,309.6;379.9,375.1;439.5,434.7;445.5,297.6;397.8,208.3;397.8,205.3;387.4,144.2;463.3,232.1;493.1,229.1;439.5,196.4;356.1,217.2;335.3,261.9;359.1,255.9
143#535.3,357.6;544.9,290.7;465.3,290.7;417.5,309.8;395.2,389.5;446.1,453.2;439.8,303.5;401.6,207.9;401.6,211.1;396.8,149.0;478.0,211.1;506.7,217.5;443.0,198.3;357.0,217.5;315.5,249.3;341.0,252.5
144#522.8,335.5;536.0,269.4;463.3,289.2;417.0,322.3;410.4,395.0;446.8,464.4;440.2,305.8;403.8,209.9;403.8,213.2;403.8,150.4;519.5,209.9;499.7,206.6;443.5,200.0;367.5,216.5;301.4,236.4;331.1,236.4
145#446.9,468.5;443.4,388.9;460.7,288.6;415.7,312.8;426.1,395.8;440.0,468.5;440.0,302.4;408.8,209.0;412.3,215.9;412.3,146.7;478.0,167.4;481.5,195.1;446.9,202.0;370.7,212.4;298.1,215.9;318.8,195.1
146#437.2,466.0;444.5,400.0;459.2,293.7;411.5,301.0;426.2,396.4;429.8,466.0;433.5,301.0;411.5,209.3;411.5,213.0;415.2,150.6;488.5,315.7;510.5,202.0;451.8,209.3;374.8,209.3;316.1,198.3;305.1,168.9
147#443.0,458.3;439.7,381.6;466.3,281.6;413.0,301.6;423.0,394.9;439.7,461.6;436.3,291.6;413.0,204.9;413.0,214.9;409.7,151.6;479.7,318.3;503.0,268.3;453.0,201.6;373.0,201.6;323.0,184.9;296.3,161.6
148#470.0,351.5;501.7,294.3;463.6,278.4;412.8,294.3;422.3,386.5;447.7,443.7;438.2,278.4;415.9,205.4;415.9,214.9;409.6,154.5;470.0,322.9;495.4,218.1;457.3,205.4;371.5,205.4;330.1,199.0;295.2,176.8
149#466.7,376.0;494.7,303.1;466.7,280.7;407.8,277.9;421.8,370.4;449.8,423.6;438.6,283.5;416.2,210.6;419.0,219.0;412.0,158.8;519.9,241.4;497.5,235.8;458.2,210.6;374.2,210.6;326.5,213.4;292.9,199.4
150#463.9,394.9;478.8,322.8;456.4,273.1;409.2,275.6;419.2,350.1;386.9,372.5;434.1,273.1;416.7,216.0;416.7,220.9;413.0,165.0;513.6,260.7;498.7,248.3;458.9,213.5;374.5,218.5;332.2,228.4;295.0,218.5
151#469.8,408.7;476.8,334.1;451.1,268.8;404.5,275.8;411.5,334.1;430.2,385.4;427.8,273.4;416.2,219.8;416.2,226.8;408.0,174.3;521.1,280.4;493.1,254.8;455.8,217.5;374.2,222.1;329.9,245.5;297.2,236.1
152#474.7,436.3;477.1,367.9;455.2,287.4;403.9,287.4;399.0,328.9;423.4,382.6;433.2,287.4;413.7,233.7;413.7,241.0;400.2,188.5;521.1,294.7;494.2,267.8;457.6,231.2;372.2,238.5;328.2,267.8;296.5,258.1
153#475.3,453.5;477.6,383.1;477.6,289.8;398.0,292.1;420.8,383.1;386.7,435.3;425.3,289.8;414.0,246.7;409.4,248.9;401.5,216.0;518.5,335.3;489.0,273.9;454.9,237.6;370.8,253.5;320.7,287.6;416.2,376.2
154#477.6,463.0;475.3,389.4;487.1,315.8;401.7,289.7;394.6,337.2;413.6,406.0;423.1,285.0;408.8,251.8;408.8,256.5;391.0,217.4;518.0,325.3;489.5,280.2;451.5,249.4;366.1,254.1;325.8,294.5;294.9,289.7
155#471.8,455.6;461.2,386.4;461.2,314.6;400.0,314.6;392.0,367.8;415.9,426.3;426.6,314.6;402.6,250.7;405.3,256.1;393.3,204.2;474.5,311.9;485.1,280.0;445.2,240.1;365.4,253.4;325.5,282.7;293.6,301.3
156#463.7,444.0;452.5,385.6;441.4,327.3;391.4,330.0;396.9,385.6;413.6,438.4;416.4,327.3;402.5,246.7;405.3,252.2;395.6,192.5;483.1,316.1;483.1,274.5;447.0,241.1;360.8,249.4;321.9,277.2;299.7,307.8
157#477.0,428.3;447.5,392.9;438.7,328.0;385.6,330.9;394.4,392.9;415.1,443.0;415.1,330.9;400.3,242.5;400.3,248.4;395.9,187.9;480.0,313.2;480.0,269.0;444.6,239.5;356.1,245.4;314.8,269.0;294.2,307.3
158#466.9,407.0;450.7,387.6;437.8,323.1;386.2,332.8;389.4,403.8;415.2,455.4;412.0,332.8;395.8,235.9;395.8,242.4;397.5,176.2;479.8,300.5;479.8,265.0;437.8,232.7;350.6,239.1;302.2,265.0;295.8,336.0
159#505.5,398.0;458.8,391.3;438.7,321.2;385.3,327.9;385.3,411.4;415.3,468.2;412.0,324.5;398.7,234.4;398.7,237.7;393.6,165.9;465.4,271.1;502.2,271.1;442.1,231.0;351.9,231.0;301.8,247.7;321.8,261.1
160#509.4,409.9;474.5,385.5;429.2,315.8;376.9,315.8;387.3,402.9;408.3,472.7;404.8,315.8;394.3,228.6;390.8,232.1;396.1,160.6;488.4,256.5;491.9,260.0;436.1,225.1;349.0,225.1;293.2,239.1;324.6,246.1
161#472.3,426.2;444.4,383.7;410.8,309.8;395.3,308.7;414.8,395.3;406.0,468.1;403.7,309.8;392.1,220.9;389.8,225.5;388.7,159.6;438.9,226.9;430.9,243.0;432.5,218.6;348.2,219.7;346.4,229.0;357.1,218.9
162#435.1,442.5;414.4,381.9;392.4,303.9;413.8,301.6;442.4,387.7;403.7,463.4;402.5,303.9;389.9,213.2;388.7,218.9;381.4,158.5;389.3,197.4;370.0,225.9;429.0,212.0;347.4,214.3;399.6,219.0;389.5,191.6
163#398.0,458.8;384.3,380.1;374.0,297.9;432.2,294.5;469.9,380.1;401.4,458.8;401.4,297.9;387.7,205.5;387.7,212.3;374.0,157.5;339.8,167.8;309.0,208.9;425.4,205.5;346.6,208.9;452.8,208.9;422.0,164.4
164#451.7,435.4;444.8,363.1;431.0,294.3;379.4,301.2;382.8,383.8;396.6,452.6;403.5,297.7;386.3,208.3;386.3,208.3;369.1,153.2;413.8,160.1;444.8,211.7;424.1,204.8;345.0,208.3;324.3,204.8;345.0,167.0
165#447.7,449.0;430.2,365.1;426.7,288.1;381.3,288.1;384.8,382.5;398.7,452.5;402.2,284.6;384.8,204.2;381.3,204.2;367.3,137.8;423.2,263.7;444.2,246.2;423.2,197.2;346.3,207.7;356.8,242.7;349.8,169.3
166#449.5,457.0;452.8,376.8;429.4,286.6;382.6,289.9;386.0,386.8;406.0,450.3;406.0,289.9;379.3,199.7;379.3,189.6;364.3,124.5;446.1,266.5;442.8,229.7;419.4,196.3;345.9,206.3;355.9,239.8;389.3,276.5
