1#848.4,786.4;844.5,716.2;914.8,626.5;868.0,638.2;821.1,708.4;852.3,802.0;891.4,626.5;852.3,501.7;852.3,505.6;832.8,443.2;852.3,396.4;875.8,431.5;887.5,497.8;813.3,513.4;809.4,454.9;821.1,408.1
2#821.0,722.2;860.0,690.9;906.9,624.6;860.0,636.3;824.9,714.4;852.2,804.2;879.6,624.6;848.3,507.4;848.3,507.4;828.8,445.0;860.0,398.1;875.7,437.1;887.4,499.6;809.3,515.2;805.4,456.7;821.0,405.9
3#878.9,669.2;859.9,661.6;890.3,615.9;848.5,627.3;829.5,711.0;852.3,798.6;871.3,623.5;848.5,494.2;848.5,494.2;829.5,440.9;856.1,402.9;875.1,433.3;886.5,486.6;810.4,501.8;799.0,452.3;818.1,406.7
4#866.6,681.9;915.4,599.4;889.1,610.7;836.6,621.9;829.1,711.9;840.4,801.9;862.9,610.7;844.1,483.2;844.1,483.2;836.6,423.2;855.4,393.2;877.9,434.4;885.4,479.4;806.6,486.9;795.4,449.4;817.9,404.4
5#877.3,641.8;894.4,582.0;877.3,586.3;821.8,594.9;809.0,684.6;830.3,778.5;851.7,594.9;843.1,466.7;843.1,471.0;843.1,402.6;851.7,389.8;877.3,428.3;881.6,466.7;800.4,471.0;800.4,445.4;817.5,406.9
6#866.7,646.7;863.3,588.1;870.2,570.9;818.5,577.8;780.6,639.8;818.5,726.0;842.6,574.3;835.7,446.8;835.7,446.8;832.3,381.3;846.1,401.9;859.9,433.0;873.6,443.3;797.8,443.3;794.4,436.4;815.0,419.2
7#861.0,646.3;854.7,570.0;861.0,551.0;803.9,560.5;743.5,585.9;800.7,671.7;832.5,560.5;829.3,430.3;826.1,430.3;819.8,370.0;848.3,385.8;864.2,414.4;873.8,427.1;781.7,430.3;813.4,427.1;832.5,385.8
8#860.3,645.1;847.7,566.6;854.0,535.1;797.4,535.1;718.9,532.0;778.6,616.8;825.7,538.3;810.0,406.3;810.0,406.3;800.6,349.7;854.0,387.4;888.6,428.3;847.7,403.1;769.1,412.6;784.9,453.4;825.7,440.9
9#858.0,645.9;848.1,569.7;841.5,516.8;788.5,513.5;702.4,483.7;752.1,559.8;818.3,513.5;798.4,394.3;795.1,387.7;775.2,328.1;867.9,400.9;897.7,414.1;844.8,377.7;752.1,404.2;748.8,450.6;778.5,443.9
10#858.0,650.2;847.9,573.1;834.5,489.3;774.1,492.6;700.4,438.9;737.3,516.1;804.3,489.3;787.6,378.6;784.2,375.2;759.1,309.8;881.5,402.1;908.3,381.9;837.9,361.8;740.6,385.3;693.7,428.9;717.1,496.0
11#860.2,638.6;842.9,558.8;818.6,475.6;763.1,475.6;690.3,406.3;714.6,486.0;790.9,475.6;777.0,361.2;773.5,361.2;752.7,295.4;912.2,357.8;867.1,350.8;822.1,350.8;728.5,364.7;673.0,378.6;686.9,375.1
12#850.3,628.8;836.6,546.5;805.7,464.2;754.3,457.3;685.7,416.2;716.6,491.6;778.3,460.8;761.1,340.7;761.1,344.2;747.4,282.4;798.9,275.6;843.4,309.9;805.7,337.3;716.6,351.0;661.7,337.3;709.7,289.3
13#830.5,611.9;826.6,525.9;795.3,455.6;744.5,455.6;682.0,428.2;728.9,510.3;768.0,455.6;748.4,334.4;748.4,338.4;744.5,275.8;771.9,240.7;810.9,287.5;791.4,326.6;705.4,342.3;658.5,303.2;697.6,248.5
14#813.9,585.2;810.5,505.4;786.2,460.4;723.8,460.4;682.2,453.4;730.7,529.7;755.0,460.4;741.1,328.6;741.1,332.1;737.7,273.2;744.6,221.2;775.8,273.2;782.7,318.2;696.1,332.1;668.3,280.1;685.7,221.2
15#791.9,557.8;785.1,480.2;761.5,453.1;707.4,453.1;677.0,470.0;731.1,544.3;734.4,453.1;731.1,328.2;731.1,331.6;737.8,270.8;731.1,230.3;758.1,280.9;771.6,331.6;690.5,321.4;663.5,270.8;683.8,216.8
16#762.3,524.1;768.3,467.3;747.4,452.3;696.6,461.3;669.7,485.2;726.5,560.0;720.5,458.3;726.5,326.7;726.5,329.7;738.4,272.9;732.4,255.0;756.4,308.8;765.3,332.7;684.6,320.8;645.7,278.9;686.1,226.6
17#723.2,505.8;732.0,455.8;732.0,464.6;679.1,461.7;670.2,502.8;708.5,564.6;705.5,464.6;726.1,332.2;726.1,332.2;737.9,276.3;730.5,257.2;743.8,302.8;764.4,341.1;682.0,323.4;643.8,291.0;689.4,251.3
18#745.8,481.8;737.1,470.2;716.8,470.2;661.8,467.3;650.2,504.9;687.9,591.8;690.8,470.2;719.7,342.7;719.7,339.8;740.0,284.8;740.0,319.6;754.5,331.1;760.3,354.3;679.2,331.1;644.4,308.0;692.2,274.7
19#660.2,506.9;710.0,454.4;710.0,478.0;655.0,472.8;626.2,478.0;647.1,554.0;678.6,475.4;710.0,352.2;710.0,349.6;725.8,294.6;731.0,333.9;754.6,344.4;754.6,365.3;668.1,341.7;647.1,328.6;693.0,290.6
20#658.0,515.1;697.9,497.1;693.9,477.2;636.1,469.2;608.2,429.3;632.1,515.1;668.0,469.2;701.9,359.5;705.9,349.5;712.9,304.7;719.9,341.6;741.8,421.3;737.8,365.5;662.0,349.5;646.1,349.5;688.0,309.7
21#638.5,452.7;695.1,485.9;693.2,489.8;636.5,480.1;589.7,396.1;613.1,441.0;669.7,485.9;648.3,478.1;665.8,478.1;689.3,446.9;693.2,491.8;722.5,452.7;702.9,478.1;607.2,470.3;599.4,458.6;607.2,444.9
22#641.4,564.4;675.6,503.9;672.9,475.0;617.7,464.5;588.8,377.8;604.6,443.5;644.0,472.4;683.5,364.6;686.1,359.3;695.3,300.2;699.2,404.0;722.9,425.1;728.2,372.5;636.1,351.5;638.8,388.3;662.4,390.9
23#636.8,597.6;661.8,528.2;672.9,472.6;614.6,464.3;595.2,364.3;603.5,436.5;647.9,467.1;678.5,358.7;681.3,347.6;693.8,304.6;711.8,406.0;725.7,430.9;722.9,369.8;631.3,347.6;623.0,392.1;647.9,397.6
24#630.6,608.1;658.3,537.4;676.8,460.6;621.4,448.3;664.5,525.1;649.1,574.3;649.1,460.6;673.7,349.9;673.7,343.7;684.4,286.9;716.7,405.2;729.0,420.6;722.9,359.1;624.5,340.7;606.1,399.1;646.0,396.0
25#640.7,614.3;660.5,538.6;673.6,459.6;624.3,446.4;670.4,528.7;650.6,607.7;650.6,449.7;670.4,344.4;670.4,331.2;678.6,273.6;713.1,410.2;736.2,413.5;719.7,351.0;624.3,331.2;604.5,374.0;604.5,416.8
26#650.1,618.9;663.6,541.4;673.7,460.6;623.2,447.1;603.0,450.5;646.7,490.9;646.7,447.1;670.3,336.0;670.3,325.9;678.7,270.4;714.1,423.6;741.0,413.5;720.8,346.1;623.2,325.9;606.3,379.8;653.5,393.3
27#650.6,621.0;667.3,540.8;674.0,460.6;620.5,447.2;600.5,437.2;633.9,484.0;647.3,447.2;670.7,333.6;670.7,320.2;682.4,271.8;717.5,450.6;737.5,410.5;717.5,347.0;623.9,323.6;627.2,373.7;654.0,407.1
28#653.0,622.4;666.8,542.7;673.7,456.2;621.8,442.3;601.0,435.4;642.6,490.8;649.5,445.8;673.7,331.5;670.3,328.0;678.9,264.0;722.2,459.6;739.5,404.2;718.7,341.9;625.3,317.6;607.9,283.0;644.3,270.9
29#653.9,623.5;668.5,535.6;679.5,455.0;620.9,440.3;602.6,447.7;635.5,520.9;650.2,444.0;668.5,326.8;668.5,326.8;674.0,259.1;727.1,429.4;756.4,392.7;716.1,334.1;624.6,315.8;608.1,259.1;637.4,251.8
30#663.0,625.4;673.8,542.7;681.0,449.3;623.5,438.5;616.3,456.5;637.9,539.1;648.7,445.7;670.2,327.1;670.2,330.7;675.6,260.6;724.1,402.6;774.5,373.8;717.0,334.3;627.1,312.7;610.9,267.8;603.8,260.6
31#662.7,625.7;689.7,535.5;676.2,449.9;622.1,436.4;626.6,481.4;640.2,558.1;649.2,445.4;676.2,328.2;676.2,332.7;676.2,265.1;761.9,368.7;784.4,359.7;725.8,332.7;631.1,319.1;608.6,256.0;617.6,197.4
32#671.0,611.1;707.0,526.9;679.0,446.8;626.9,438.8;638.9,498.9;634.9,583.0;650.9,446.8;679.0,326.5;679.0,330.6;679.0,270.4;771.2,330.6;795.2,346.6;727.1,334.6;634.9,322.5;598.8,262.4;602.8,206.3
33#675.0,590.8;724.1,507.7;682.6,458.7;629.7,454.9;644.8,519.1;629.7,602.1;656.1,458.7;682.6,334.1;678.8,337.8;686.3,277.4;739.2,292.5;795.8,330.3;731.6,337.8;633.5,326.5;592.0,285.0;603.3,228.4
34#683.6,562.4;728.9,486.8;687.3,467.9;630.6,464.1;642.0,535.9;626.9,626.6;657.1,467.9;683.6,335.6;679.8,343.2;691.1,278.9;755.4,275.2;789.4,320.5;728.9,343.2;638.2,328.1;596.6,305.4;608.0,252.5
35#691.7,530.6;747.3,464.6;691.7,464.6;639.6,464.6;625.8,548.0;618.8,634.8;667.4,464.6;681.3,343.1;681.3,346.6;691.7,280.6;759.5,268.4;778.6,308.4;726.5,343.1;636.2,332.7;604.9,322.2;606.7,275.4
36#696.8,512.8;731.9,454.2;696.8,465.9;642.1,462.0;622.5,551.9;606.9,633.9;673.3,462.0;681.1,340.8;681.1,340.8;689.0,282.2;755.4,247.0;771.0,301.7;728.0,344.7;638.1,340.8;606.9,344.7;610.8,297.8
37#624.2,590.2;681.6,519.5;703.7,475.4;655.1,475.4;619.8,554.9;597.7,634.3;677.2,475.4;681.6,347.3;681.6,351.7;681.6,285.5;752.3,232.5;765.5,294.3;725.8,347.3;637.5,347.3;602.1,369.4;606.6,325.2
38#626.7,571.3;721.1,461.1;709.3,472.9;654.2,472.9;622.8,547.6;599.2,630.3;681.8,472.9;677.8,347.0;677.8,351.0;673.9,288.0;748.6,229.0;756.5,292.0;725.0,347.0;634.6,354.9;603.1,390.3;603.1,343.1
39#636.1,552.4;677.4,507.4;711.1,477.4;654.9,477.4;621.1,533.6;609.9,623.6;684.9,481.1;673.6,357.5;673.6,357.5;666.1,297.5;744.8,233.8;748.6,293.7;718.6,350.0;624.9,368.7;609.9,417.4;609.9,372.5
40#656.9,529.0;701.7,460.2;705.2,484.3;653.5,484.3;626.0,511.8;626.0,601.3;681.1,487.7;667.3,367.2;667.3,360.3;660.4,301.8;753.4,253.6;746.5,305.2;712.0,353.4;619.1,377.5;608.7,432.6;612.2,391.3
41#676.3,536.8;720.2,481.2;699.7,490.0;644.1,490.0;623.7,495.9;638.3,571.9;673.4,490.0;658.8,373.0;658.8,367.2;652.9,308.7;749.4,279.5;749.4,332.1;705.5,358.4;612.0,384.7;600.3,449.1;609.1,434.5
42#671.7,555.8;715.2,489.4;689.6,494.5;635.9,494.5;623.1,479.1;638.5,525.2;664.1,489.4;651.3,379.4;651.3,369.2;648.7,310.4;745.9,297.6;748.4,353.9;702.4,366.7;605.2,387.1;589.9,445.9;605.2,428.0
43#667.1,571.9;700.2,497.4;678.1,483.6;628.5,483.6;614.7,497.4;650.6,522.2;653.3,486.4;647.8,373.3;647.8,367.8;642.3,309.9;749.8,315.4;747.1,365.0;694.7,365.0;598.2,384.3;581.6,447.8;606.4,431.2
44#667.6,589.9;703.1,510.8;667.6,478.1;613.1,475.4;624.0,464.5;667.6,543.6;640.4,478.1;643.1,371.8;643.1,360.9;641.7,310.4;749.4,330.9;744.0,377.2;692.2,363.6;594.0,380.0;569.5,431.8;594.0,423.6
45#670.6,567.4;704.2,487.9;667.4,458.0;613.9,455.7;628.0,451.2;663.4,529.3;640.7,458.0;645.2,352.2;645.2,342.2;646.1,290.9;747.8,331.7;740.6,364.4;693.4,346.7;597.1,357.2;569.0,400.4;592.8,386.1
46#673.6,544.9;705.4,465.1;667.3,437.8;614.7,436.0;631.9,437.8;659.1,515.0;641.0,437.8;647.3,332.6;647.3,323.5;650.5,271.3;746.2,332.5;737.2,351.6;694.5,329.9;600.1,334.5;568.4,369.0;591.5,348.6
47#676.6,522.5;706.6,442.2;667.1,417.7;615.4,416.4;635.9,424.5;654.9,500.6;641.3,417.7;649.5,313.1;649.5,304.9;654.8,251.8;744.7,333.2;733.8,338.8;695.7,313.0;603.2,311.7;567.9,337.6;590.3,311.1
48#679.6,500.0;707.7,419.3;666.9,397.6;616.2,396.7;639.8,411.2;650.7,486.3;641.6,397.6;651.6,293.5;651.6,286.2;659.2,232.3;743.1,334.0;730.4,326.0;696.9,296.1;606.3,288.9;567.4,306.2;589.1,273.6
49#682.6,477.5;708.9,396.5;666.8,377.4;617.0,377.0;643.8,397.8;646.4,472.0;641.9,377.4;653.7,273.9;653.7,267.5;663.6,212.7;741.5,334.8;727.0,313.2;698.0,279.3;609.3,266.2;566.8,274.8;587.8,236.1
50#685.6,455.0;710.0,373.6;666.6,357.3;617.8,357.3;647.7,384.5;642.2,457.7;642.2,357.3;655.8,254.3;655.8,248.8;668.0,193.2;739.9,335.6;723.6,300.4;699.2,262.4;612.4,243.4;566.3,243.4;586.6,198.6
51#686.4,408.0;710.2,330.5;677.4,336.5;623.7,336.5;641.6,381.2;641.6,458.7;647.6,336.5;662.5,229.1;662.5,226.1;674.4,169.5;749.0,300.7;737.1,273.8;710.2,241.0;620.8,220.2;573.0,244.0;582.0,196.3
52#650.4,451.3;677.5,388.0;686.6,312.5;632.3,312.5;638.3,375.9;641.3,457.4;662.5,312.5;671.5,206.9;668.5,203.9;676.0,145.1;750.0,258.2;771.1,267.3;716.8,212.9;623.2,197.9;578.0,234.1;584.0,194.8
53#651.4,442.6;677.0,372.2;696.2,285.8;641.8,285.8;641.8,362.6;641.8,449.0;670.6,285.8;677.0,176.9;677.0,173.7;681.8,117.7;795.4,224.9;769.8,212.1;721.8,180.1;629.0,173.7;590.6,224.9;584.2,189.7
54#695.9,326.3;705.7,313.2;699.1,257.5;646.7,257.5;646.7,336.1;643.4,427.9;672.9,257.5;679.5,152.6;679.5,149.3;681.1,85.4;790.9,169.0;787.6,165.7;728.6,149.3;630.3,155.9;597.5,211.6;587.7,188.7
55#695.5,336.2;723.3,265.3;701.7,240.6;646.2,243.7;649.3,305.4;643.1,388.7;674.0,243.7;680.1,135.8;677.0,129.6;681.7,69.5;743.4,69.5;781.9,120.4;732.6,129.6;627.7,138.9;590.7,200.5;581.4,188.2
56#691.8,345.1;723.1,263.8;691.8,226.3;644.9,232.6;654.3,260.7;654.3,348.3;666.8,229.5;673.1,116.9;673.1,110.6;673.1,51.2;752.8,30.9;766.9,79.4;723.1,107.5;623.0,126.3;594.9,191.9;582.4,188.8
57#692.6,346.2;718.4,265.6;689.4,210.8;641.1,210.8;657.2,239.8;663.6,297.8;663.6,210.8;666.8,104.5;666.8,101.2;663.6,40.0;765.1,25.5;760.3,52.9;715.2,88.3;618.5,117.3;592.7,185.0;583.0,188.2
58#693.1,354.0;723.1,263.8;686.4,203.6;632.9,203.6;582.8,203.6;632.9,243.7;659.6,203.6;659.6,93.3;659.6,93.3;646.3,26.5;748.2,21.5;766.6,49.9;709.8,76.6;606.2,110.0;576.1,193.6;602.8,166.8
59#699.6,363.6;709.9,281.3;682.4,195.5;624.1,195.5;637.8,188.6;627.5,246.9;651.6,195.5;648.1,82.2;648.1,82.2;639.5,18.7;761.4,47.9;761.4,68.5;696.2,68.5;600.1,99.4;572.6,164.6;579.5,212.6
60#710.0,361.1;696.7,271.8;676.9,189.1;624.0,189.1;637.2,222.1;710.0,354.5;647.1,189.1;640.5,79.9;640.5,69.9;635.5,18.7;746.4,43.5;756.3,79.9;690.1,66.6;594.2,89.8;571.0,152.7;587.6,195.7
61#716.3,350.1;709.6,262.9;666.0,182.5;615.8,185.8;635.9,246.2;639.2,286.4;642.6,185.8;645.9,75.2;642.6,68.5;640.9,13.2;746.5,61.8;749.8,98.7;692.8,71.9;595.6,85.3;558.8,132.2;599.0,155.7
62#717.1,336.1;726.6,248.1;657.4,185.3;616.6,182.1;670.0,207.3;644.9,279.6;638.6,185.3;648.0,78.4;644.9,65.9;646.4,14.0;742.3,94.1;732.9,119.3;692.0,75.3;600.9,78.4;550.6,116.1;604.0,122.4
63#727.2,318.0;741.9,235.6;653.7,188.5;618.4,182.6;674.3,226.8;650.8,291.5;636.1,185.6;650.8,85.6;650.8,76.8;658.1,22.3;744.9,109.1;733.1,138.5;694.9,85.6;606.6,82.6;547.8,94.4;571.3,94.4
64#738.6,295.0;756.1,213.2;659.7,192.8;621.7,192.8;680.1,239.5;656.8,309.6;639.2,192.8;656.8,90.5;656.8,81.7;661.2,36.4;721.1,146.0;724.0,154.8;700.6,99.3;615.9,78.8;560.4,70.0;612.9,46.7
65#747.3,270.4;767.6,192.7;662.9,199.5;629.1,202.9;683.2,256.9;656.2,334.6;646.0,199.5;662.9,94.8;662.9,94.8;666.3,30.6;686.6,179.2;713.6,162.3;703.4,104.9;622.4,84.7;578.5,50.9;620.7,18.8
66#745.1,245.9;762.2,173.9;676.6,201.3;638.9,204.8;683.4,269.9;669.7,348.6;656.0,201.3;666.3,98.6;666.3,95.1;676.6,36.9;686.9,173.9;710.8,160.2;704.0,108.8;632.0,84.9;601.2,36.9;609.8,18.1
67#737.7,231.6;761.5,163.6;673.1,190.8;642.5,197.6;673.1,279.2;669.7,357.3;659.5,194.2;673.1,99.1;673.1,95.7;676.5,37.9;741.1,150.0;724.1,160.2;703.7,105.9;645.9,88.9;628.9,51.5;620.4,22.6
68#732.0,225.1;748.8,161.2;678.1,191.4;647.9,198.2;658.0,282.2;671.4,356.2;664.7,194.8;674.8,100.6;674.8,100.6;674.8,40.1;745.4,144.3;728.6,157.8;705.0,107.3;647.9,87.2;671.4,120.8;698.3,120.8
69#734.7,235.1;747.8,176.1;685.5,195.8;656.1,195.8;665.9,277.6;659.3,353.0;669.2,195.8;679.0,97.5;679.0,100.8;685.5,45.1;760.9,136.8;724.8,159.7;705.2,110.6;649.5,77.8;623.3,41.8;624.9,20.5
70#743.5,243.3;758.5,180.7;666.1,210.5;651.2,207.5;681.0,279.0;657.1,356.5;666.1,207.5;689.9,121.1;689.9,109.2;701.8,55.5;776.3,153.9;758.5,162.8;698.8,133.0;707.8,130.0;758.5,159.8;776.3,153.9
71#757.4,260.5;760.4,191.6;685.5,212.5;655.6,212.5;679.5,284.4;634.6,344.4;667.6,212.5;688.5,119.6;688.5,119.6;700.5,68.7;781.4,176.6;727.5,167.6;712.5,131.6;661.6,107.7;619.6,89.7;637.6,47.7
72#764.2,277.0;761.6,213.1;695.0,223.8;660.4,229.1;676.4,290.3;620.5,346.2;676.4,229.1;687.0,133.3;687.0,130.6;700.3,82.7;777.5,205.2;737.6,183.9;711.0,146.6;663.1,120.0;623.1,106.7;644.4,72.0
73#773.3,296.6;763.2,236.1;702.8,243.7;667.5,248.7;665.0,299.1;604.5,344.5;685.1,246.2;682.6,147.9;685.1,145.4;695.2,100.1;763.2,233.6;735.5,200.9;710.3,160.5;657.4,137.9;627.2,130.3;647.3,100.1
74#782.4,319.6;774.8,253.7;708.8,256.2;670.7,258.8;642.8,312.0;594.6,360.2;688.5,258.8;683.4,170.0;686.0,162.3;688.5,114.1;746.9,251.1;724.0,213.1;711.3,175.0;660.6,164.9;637.8,149.7;658.1,119.2
75#788.9,343.7;783.6,277.8;715.1,280.5;673.0,272.6;630.8,317.3;591.3,372.7;694.0,272.6;683.5,188.2;683.5,183.0;680.9,135.5;733.6,277.8;715.1,230.4;709.9,196.1;659.8,183.0;644.0,175.1;654.5,148.7
76#791.4,371.7;788.7,303.8;718.1,295.6;677.4,292.9;628.5,317.4;582.3,377.1;699.1,292.9;682.8,208.8;682.8,197.9;677.4,154.5;688.2,227.8;709.9,252.2;707.2,214.2;661.1,206.0;650.2,189.8;661.1,159.9
77#796.5,383.8;788.5,321.9;721.2,308.5;678.1,305.8;629.7,327.3;581.2,381.1;699.7,305.8;683.5,227.7;680.8,214.3;680.8,171.2;713.1,319.2;705.0,273.5;705.0,233.1;662.0,222.3;656.6,211.6;667.4,190.1
78#801.0,395.7;788.4,332.7;722.9,320.1;682.6,315.1;632.2,335.2;586.8,388.2;705.3,320.1;685.1,242.0;685.1,229.4;680.1,189.1;712.8,332.7;702.7,289.9;710.3,247.1;662.4,237.0;664.9,226.9;672.5,196.7
79#805.3,403.9;787.0,343.8;727.0,330.7;687.8,330.7;635.6,346.4;599.0,403.9;706.1,330.7;690.4,255.0;687.8,244.6;685.2,202.8;721.8,346.4;703.5,302.0;716.5,260.2;664.3,249.8;672.1,231.5;674.7,215.9
80#807.1,417.4;789.4,356.5;728.4,336.2;687.8,336.2;642.1,361.5;606.6,417.4;708.1,338.7;692.9,265.1;692.9,254.9;685.3,211.7;736.0,353.9;713.2,315.8;720.8,270.1;670.0,257.4;667.5,244.7;670.0,224.4
81#811.2,425.3;790.6,368.7;731.4,348.1;692.8,348.1;649.1,373.8;610.4,430.4;710.8,348.1;700.5,270.8;700.5,265.7;690.2,221.9;754.6,350.6;728.9,319.7;728.9,276.0;674.8,268.3;669.7,247.7;677.4,227.1
82#815.5,435.1;795.2,376.8;736.9,354.0;698.8,356.5;655.7,384.4;617.7,437.7;719.1,356.5;709.0,277.9;706.5,275.4;696.3,229.8;785.0,343.9;749.5,323.6;736.9,283.0;681.1,275.4;673.5,255.1;681.1,239.9
83#818.3,446.0;801.3,387.5;750.1,363.2;708.7,370.5;664.9,394.8;623.5,448.4;728.2,368.1;716.0,287.7;713.6,282.8;703.9,239.0;794.0,326.6;774.5,324.2;745.3,290.1;689.2,285.2;679.5,268.2;684.4,260.9
84#823.0,456.7;808.5,398.3;759.8,376.5;713.6,378.9;672.3,403.2;633.4,456.7;735.5,378.9;725.8,296.2;723.4,288.9;713.6,250.0;796.3,303.5;796.3,318.1;755.0,296.2;696.6,296.2;684.4,303.5;699.0,286.5
85#829.3,467.5;815.0,410.2;769.7,381.6;726.7,384.0;679.0,405.5;648.0,458.0;748.2,384.0;736.3,302.8;733.9,300.4;724.3,259.9;800.7,283.7;822.2,312.4;769.7,302.8;705.2,305.2;690.9,319.5;705.2,307.6
86#831.6,480.1;819.7,418.0;776.7,391.8;736.1,394.2;683.5,406.1;669.2,461.0;757.6,394.2;745.6,312.9;748.0,310.5;731.3,269.9;793.4,265.2;819.7,296.2;779.1,308.2;714.6,312.9;697.9,332.0;714.6,324.9
87#834.7,488.5;826.6,431.9;783.5,396.8;745.8,396.8;691.9,402.2;691.9,461.5;764.7,396.8;756.6,318.7;756.6,318.7;735.0,283.6;786.2,256.7;810.5,283.6;786.2,313.3;724.2,326.8;708.1,345.6;724.2,318.7
88#835.2,499.2;827.1,442.1;791.7,401.3;750.9,404.0;696.5,401.3;704.6,455.7;769.9,404.0;756.3,322.4;756.3,322.4;740.0,287.0;775.4,240.7;797.1,278.8;783.5,311.5;729.1,333.2;718.2,357.7;729.1,338.7
89#834.5,505.8;825.6,452.8;793.2,402.8;749.1,402.8;699.1,393.9;713.8,449.9;772.6,402.8;757.9,326.2;757.9,332.1;740.3,293.9;768.2,254.1;787.4,267.4;784.4,314.5;731.4,338.0;722.6,367.4;734.4,346.8
90#838.4,509.5;821.7,456.8;791.2,398.6;749.7,401.4;699.8,382.0;716.4,434.7;771.8,398.6;752.4,323.8;752.4,323.8;733.0,285.0;759.4,261.5;782.9,265.6;777.4,307.2;724.7,334.9;719.2,379.2;710.9,426.4
91#835.4,500.0;821.1,446.9;784.0,393.3;744.8,396.6;697.5,376.5;735.3,445.7;765.7,393.9;746.8,319.3;746.8,318.7;729.2,279.6;761.3,259.6;782.7,270.7;773.0,304.3;719.2,329.4;705.2,362.7;695.9,398.1
92#832.4,490.4;820.4,436.9;776.7,388.0;739.9,391.8;695.1,371.1;754.1,456.8;759.5,389.2;741.2,314.8;741.2,313.5;725.4,274.3;763.2,257.6;782.4,275.8;768.5,301.5;713.8,324.0;691.2,346.1;680.9,369.8
93#829.5,480.9;819.8,426.9;769.5,382.7;734.9,387.1;692.8,365.6;773.0,467.8;753.4,384.6;735.6,310.2;735.6,308.4;721.5,268.9;765.2,255.7;782.2,280.8;764.1,298.6;708.3,318.5;677.3,329.6;665.9,341.4
94#826.5,471.4;819.1,417.0;762.2,377.4;730.0,382.3;690.5,360.1;791.9,478.8;747.3,379.9;730.0,305.7;730.0,303.2;717.7,263.6;767.1,253.8;782.0,285.9;759.7,295.8;702.8,313.1;663.3,313.1;650.9,313.1
95#818.5,458.7;812.6,405.1;756.9,373.3;725.2,381.2;691.4,369.3;715.2,419.0;741.0,379.3;725.2,301.8;725.2,301.8;719.2,262.1;767.9,257.1;774.8,287.9;755.0,297.8;695.4,303.8;655.6,291.9;693.4,278.0
96#805.6,443.2;803.6,392.5;754.8,376.8;713.8,378.8;688.4,374.9;715.7,425.7;735.3,378.8;721.6,302.6;721.6,304.6;719.6,263.6;758.7,263.6;772.4,294.8;747.0,302.6;692.3,302.6;657.1,277.2;686.4,253.8
97#790.6,426.4;790.6,375.6;753.5,375.6;714.4,381.5;689.0,385.4;716.4,432.2;733.9,377.6;720.3,301.4;720.3,301.4;718.3,264.3;765.2,272.1;773.0,303.3;749.6,301.4;692.9,299.4;667.5,270.1;676.3,237.9
98#777.8,410.8;779.7,369.8;752.4,369.8;715.3,377.6;689.9,389.3;717.2,442.1;734.8,375.6;721.1,301.4;721.1,301.4;721.1,262.4;764.1,281.9;775.8,313.1;748.5,303.4;693.8,297.5;674.2,264.3;671.3,239.9
99#768.0,398.8;780.9,381.5;752.9,368.6;712.0,377.2;692.6,398.8;716.3,452.6;733.5,375.1;722.8,299.7;722.8,301.8;727.1,263.1;770.2,304.0;776.6,321.2;748.6,304.0;696.9,293.2;673.2,269.5;671.1,243.7
100#736.6,405.2;785.4,381.8;752.2,366.2;717.1,374.0;693.6,407.2;715.1,461.9;732.7,374.0;724.9,297.8;724.9,297.8;728.8,260.7;767.9,295.9;769.8,327.1;750.3,301.7;697.5,291.9;664.3,270.5;669.2,251.9
101#747.3,406.4;786.3,377.1;751.2,365.4;718.0,371.2;698.4,408.3;710.2,461.1;735.6,367.3;727.7,295.0;727.7,295.0;732.6,255.0;737.5,324.3;759.0,328.2;751.2,298.9;700.4,289.2;663.3,279.4;666.2,258.9
102#701.8,427.0;713.5,393.8;750.6,362.5;719.4,362.5;695.9,399.6;707.6,452.4;735.0,362.5;731.1,294.2;729.1,288.3;736.0,260.0;736.9,331.3;758.4,329.3;756.5,298.1;699.8,290.3;664.7,286.4;669.6,263.9
103#740.6,436.3;744.6,385.6;754.3,358.2;723.1,360.2;689.9,383.6;709.4,438.3;738.7,358.2;734.8,287.9;734.8,285.9;741.6,245.9;758.2,323.1;773.9,330.9;760.2,291.8;707.4,284.0;666.4,293.8;670.3,276.2
104#741.0,472.3;749.0,410.3;761.0,360.4;723.0,358.4;681.0,370.4;711.0,420.3;743.0,358.4;739.0,286.4;737.0,280.4;742.0,253.5;765.0,320.4;788.9,320.4;767.0,290.4;709.0,282.4;669.1,298.4;669.1,280.4
105#736.3,489.5;751.3,431.9;766.2,361.4;727.8,359.3;676.6,350.8;712.9,402.0;744.9,361.4;742.7,291.0;742.7,286.7;739.5,255.8;787.6,316.6;815.3,318.7;772.6,293.1;712.9,286.7;672.3,305.9;670.2,286.7
106#730.7,490.8;751.0,441.0;766.9,373.1;726.1,368.6;685.4,343.7;708.0,393.5;746.5,373.1;744.2,296.1;744.2,293.9;743.1,256.5;803.1,314.2;818.9,318.8;773.7,296.1;714.8,296.1;674.1,318.8;674.1,300.7
107#735.1,477.5;737.2,437.1;771.2,381.8;732.9,377.5;688.3,343.5;713.8,398.8;752.1,379.6;745.7,305.2;745.7,300.9;742.5,259.5;798.9,318.0;820.1,326.5;777.6,305.2;715.9,305.2;675.5,330.7;673.4,313.7
108#710.8,465.2;725.6,439.8;761.6,393.3;731.9,382.7;687.5,357.3;706.6,408.1;748.9,387.0;746.7,315.0;746.7,308.7;742.5,268.5;797.5,332.0;820.8,340.4;776.4,315.0;715.0,315.0;681.2,342.5;676.9,319.3
109#705.6,479.9;725.2,442.8;766.2,397.9;733.0,388.1;684.1,370.5;695.9,425.2;750.6,394.0;748.6,325.6;748.6,317.8;746.6,278.7;801.3,341.2;817.0,349.1;781.8,323.7;717.4,325.6;688.1,356.9;678.3,333.4
110#712.5,489.3;710.5,454.1;769.1,413.1;730.1,401.4;681.2,389.7;681.2,448.3;751.6,407.3;749.6,336.9;751.6,329.1;752.5,293.0;812.1,356.5;821.9,360.4;780.9,336.9;718.4,336.9;691.0,370.1;679.3,342.8
111#697.8,507.1;709.5,466.1;768.1,425.1;734.9,415.4;680.2,407.5;674.4,470.0;752.5,419.3;750.6,352.9;752.5,345.0;759.3,305.0;801.3,368.5;820.9,376.3;783.8,352.9;719.3,350.9;688.1,382.1;680.2,354.8
112#690.9,526.1;698.7,477.2;765.1,440.1;726.1,434.3;683.1,438.2;671.4,494.8;747.6,438.2;749.5,369.8;749.5,363.9;764.2,323.9;782.7,360.0;815.9,393.2;780.8,369.8;720.2,367.9;679.2,393.2;677.2,367.9
113#691.9,542.9;693.8,486.2;762.2,460.8;723.1,456.9;680.1,456.9;672.3,517.5;740.7,458.9;748.5,386.6;750.5,382.7;768.0,341.7;779.8,384.7;813.0,412.0;779.8,390.5;719.2,384.7;672.3,402.2;672.3,382.7
114#698.6,550.2;700.6,481.9;759.2,479.9;720.1,478.0;675.2,472.1;671.3,530.7;739.6,478.0;745.5,405.7;747.5,401.8;767.0,362.7;792.4,425.2;810.0,437.0;776.8,411.6;716.2,401.8;673.2,419.4;673.2,394.0
115#711.3,554.2;701.5,499.6;762.1,499.6;723.0,495.6;668.3,487.8;670.3,544.5;742.6,497.6;742.6,425.3;742.6,421.4;762.1,380.4;783.6,448.8;803.1,454.6;773.8,429.2;709.4,421.4;676.1,433.1;674.2,407.8
116#721.2,558.4;717.3,511.6;756.3,517.4;719.2,511.6;664.5,497.9;668.4,550.6;738.7,513.5;738.7,441.2;738.7,439.3;758.3,400.2;779.8,454.9;805.1,472.5;768.0,447.1;705.5,437.3;672.3,441.2;674.3,417.8
117#665.4,560.6;663.5,507.8;743.6,531.3;706.4,525.4;663.5,509.8;665.4,562.5;727.9,525.4;735.7,455.1;735.7,455.1;751.4,414.1;671.3,425.8;806.1,486.4;763.1,459.0;704.5,449.2;669.3,449.2;673.2,425.8
118#721.9,573.5;776.6,550.0;741.5,540.3;706.3,540.3;665.3,520.7;661.4,575.4;723.9,540.3;731.7,470.0;731.7,468.0;745.4,430.9;772.7,489.5;798.1,497.3;761.0,471.9;700.4,462.1;671.1,458.2;673.1,434.8
119#656.4,585.8;662.2,535.0;703.3,546.7;734.5,546.7;664.2,535.0;656.4,589.7;718.9,548.7;730.6,480.3;728.6,480.3;744.3,443.2;672.0,443.2;670.1,468.6;701.3,474.5;759.9,482.3;795.1,509.6;674.0,441.3
120#657.3,590.8;661.2,541.9;733.5,563.4;694.4,561.5;663.2,543.9;659.3,596.6;715.9,561.5;725.7,489.2;725.7,489.2;741.3,452.1;671.0,450.1;669.1,475.5;692.5,481.4;696.4,481.4;669.1,473.6;673.0,448.2
121#714.0,594.9;741.3,559.7;731.6,569.5;692.5,565.6;663.2,549.9;657.3,602.7;712.0,569.5;723.7,497.2;725.7,493.3;739.4,460.1;760.9,479.6;760.9,503.1;751.1,503.1;694.4,487.4;667.1,477.7;673.0,456.2
122#723.6,596.9;739.3,569.6;729.5,573.5;690.4,569.6;661.1,555.9;657.2,610.6;711.9,571.5;725.6,501.2;727.6,497.3;739.3,462.1;758.8,483.6;747.1,530.5;752.9,507.1;698.3,491.4;667.0,481.7;672.9,460.2
123#721.6,602.8;739.2,563.7;733.4,569.6;694.3,569.6;661.1,561.8;657.2,616.5;713.8,571.6;729.5,501.2;729.5,497.3;741.2,462.2;772.4,509.1;758.8,536.4;754.9,509.1;702.1,491.5;668.9,485.6;672.8,464.1
124#717.9,609.9;717.9,588.4;733.5,568.8;700.3,564.9;667.1,572.7;657.3,625.5;717.9,568.8;733.5,496.6;733.5,496.6;745.2,459.5;739.4,523.9;760.9,533.7;758.9,504.4;708.1,490.7;671.0,488.8;674.9,471.2
125#723.7,609.0;741.3,556.3;741.3,562.2;708.1,556.3;674.9,575.8;661.2,626.6;723.7,560.2;739.4,491.9;739.4,489.9;749.1,450.8;739.4,517.2;768.7,530.9;766.7,499.7;714.0,486.0;674.9,493.8;674.9,476.2
126#725.8,614.6;745.7,563.3;746.8,556.0;711.9,550.5;689.2,578.0;673.9,631.2;728.6,554.5;742.0,484.8;742.0,483.9;750.2,443.1;753.8,496.0;782.5,513.5;771.5,490.1;715.1,480.9;679.1,495.2;676.3,480.3
127#727.9,620.2;750.1,570.4;752.3,549.8;715.6,544.6;703.5,580.1;686.6,635.8;733.5,548.8;744.7,477.7;744.7,477.8;751.2,435.3;768.2,474.7;796.3,496.1;776.2,480.5;716.3,475.9;683.4,496.6;677.8,484.4
128#730.0,625.9;754.6,577.4;757.9,543.6;719.4,538.8;717.8,582.3;699.2,640.4;738.4,543.1;747.4,470.6;747.4,471.8;752.3,427.6;782.6,453.5;810.1,478.7;781.0,470.9;717.5,470.9;687.6,498.0;679.2,488.5
129#732.1,631.5;759.0,584.5;763.4,537.4;723.1,533.0;732.1,584.5;711.9,645.0;743.3,537.4;750.0,463.5;750.0,465.8;753.4,419.8;797.0,432.2;823.9,461.3;785.8,461.3;718.6,465.8;691.8,499.4;680.6,492.6
130#735.4,637.9;758.8,585.2;761.7,529.5;723.7,520.7;732.5,588.1;714.9,646.6;744.2,523.7;753.0,456.3;753.0,456.3;753.0,409.5;808.6,403.6;814.4,441.7;782.2,453.4;720.8,459.3;691.5,491.5;679.8,494.4
131#745.3,642.3;757.8,582.9;764.1,526.6;726.5,517.2;729.7,586.0;723.4,639.2;742.2,520.3;754.7,445.2;754.7,448.3;754.7,401.4;807.9,398.3;814.1,429.6;786.0,442.1;720.3,451.5;682.7,482.8;673.3,498.4
132#753.7,632.1;763.6,579.0;763.6,522.6;720.5,519.3;733.8,585.7;720.5,655.3;740.4,522.6;753.7,443.1;753.7,446.4;753.7,393.3;806.7,406.6;820.0,436.4;783.5,433.1;720.5,446.4;674.1,469.6;690.6,466.3
133#757.5,621.1;763.3,573.2;765.3,517.9;722.6,515.2;732.2,580.2;718.8,648.6;742.4,518.0;753.8,439.5;753.8,441.8;754.1,390.5;808.4,409.7;820.8,436.3;783.6,430.6;720.8,442.5;675.9,466.8;690.8,462.6
134#761.4,610.2;763.1,567.4;767.0,513.1;724.6,511.1;730.5,574.7;717.2,641.9;744.4,513.5;753.9,436.0;753.9,437.3;754.4,387.6;810.0,412.9;821.6,436.2;783.6,428.2;721.0,438.7;677.8,464.1;690.9,458.9
135#765.2,599.2;762.8,561.6;768.6,508.4;726.7,507.0;728.9,569.2;715.5,635.2;746.5,508.9;754.0,432.4;754.0,432.7;754.8,384.8;811.7,416.0;822.5,436.1;783.7,425.7;721.3,434.8;679.6,461.3;691.1,455.2
136#769.0,588.2;762.5,555.8;770.3,503.6;728.7,502.9;727.2,563.7;713.8,628.5;748.5,504.3;754.1,428.9;754.1,428.1;755.2,381.9;813.4,419.1;823.3,436.0;783.7,423.2;721.6,431.0;681.4,458.5;691.2,451.5
137#772.8,577.2;762.2,550.0;772.0,498.9;730.8,498.8;725.6,558.2;712.1,621.8;750.5,499.8;754.2,425.3;754.2,423.6;755.5,379.1;815.1,422.3;824.1,435.9;783.8,420.7;721.9,427.1;683.2,455.7;691.4,447.8
138#776.7,566.3;762.0,544.3;773.7,494.1;732.8,494.8;723.9,552.6;710.5,615.2;752.5,495.2;754.3,421.8;754.3,419.0;755.9,376.2;816.7,425.4;824.9,435.7;783.8,418.3;722.1,423.3;685.1,453.0;691.5,444.0
139#780.5,555.3;761.7,538.5;775.4,489.4;734.9,490.7;722.3,547.1;708.8,608.5;754.5,490.7;754.4,418.2;754.4,414.5;756.2,373.4;818.4,428.6;825.7,435.6;783.9,415.8;722.4,419.4;686.9,450.2;691.7,440.3
140#784.3,544.3;761.4,532.7;777.1,484.6;736.9,486.6;720.6,541.6;707.1,601.8;756.5,486.1;754.5,414.7;754.5,409.9;756.6,370.5;820.1,431.7;826.5,435.5;783.9,413.3;722.7,415.6;688.7,447.4;691.8,436.6
141#788.1,533.3;761.1,526.9;778.7,479.9;739.0,482.5;719.0,536.1;705.4,595.1;758.6,481.5;754.6,411.1;754.6,405.3;757.0,367.7;821.8,434.8;827.4,435.4;784.0,410.8;723.0,411.7;690.5,444.6;692.0,432.9
142#792.0,522.4;760.9,521.1;780.4,475.2;741.0,478.4;717.3,530.6;703.8,588.4;760.6,477.0;754.7,407.6;754.7,400.8;757.3,364.9;823.4,438.0;828.2,435.3;784.0,408.4;723.2,407.8;692.4,441.9;692.1,429.2
143#795.8,511.4;760.6,515.3;782.1,470.4;743.1,474.3;715.7,525.1;702.1,581.7;762.6,472.4;754.8,404.0;754.8,396.2;757.7,362.0;825.1,441.1;829.0,435.2;784.1,405.9;723.5,404.0;694.2,439.1;692.3,425.5
144#781.8,523.1;754.1,512.3;780.1,470.8;742.3,473.0;709.4,515.1;701.1,572.5;761.5,472.2;756.3,402.0;756.3,395.5;759.8,360.1;824.7,415.5;829.6,420.2;786.8,403.4;724.4,402.7;691.3,429.7;697.0,412.2
145#767.9,534.8;747.7,509.2;778.1,471.1;741.6,471.8;703.1,505.0;700.1,563.4;760.5,472.1;757.8,400.0;757.8,394.8;761.9,358.1;824.4,389.9;830.2,405.1;789.5,400.9;725.2,401.4;688.4,420.2;701.8,399.0
146#753.9,546.4;741.2,506.2;776.0,471.4;740.8,470.5;696.7,495.0;699.2,554.2;759.4,471.9;759.4,398.0;759.4,394.1;764.0,356.1;824.0,364.2;830.9,390.1;792.2,398.5;726.0,400.0;685.4,410.8;706.5,385.8
147#740.0,558.1;734.8,503.2;774.0,471.8;740.0,469.2;690.4,484.9;698.2,545.0;758.3,471.8;760.9,396.0;760.9,393.4;766.1,354.2;823.6,338.6;831.5,375.1;794.9,396.0;726.9,398.7;682.5,401.3;711.3,372.5
148#739.5,570.8;733.9,515.3;770.1,481.9;736.7,476.4;689.5,476.4;700.6,534.7;753.4,481.9;758.9,395.8;758.9,398.6;767.3,357.0;822.8,334.7;825.6,370.8;792.3,398.6;728.4,395.8;692.3,390.3;714.5,357.0
149#737.2,585.6;739.9,527.9;772.8,484.0;737.2,478.5;690.5,462.0;706.9,522.4;756.4,481.2;759.1,396.1;759.1,401.6;764.6,360.4;822.3,346.7;825.0,379.6;792.1,398.8;728.9,393.3;693.2,390.6;712.4,363.1
150#736.2,602.7;747.8,544.4;768.2,486.2;733.2,477.4;695.4,454.1;707.0,509.5;750.7,483.3;759.5,398.8;762.4,401.7;759.5,361.0;823.5,361.0;829.3,393.0;791.5,398.8;724.5,398.8;689.6,407.5;710.0,378.4
151#740.5,608.6;755.5,554.6;770.5,500.5;737.5,488.5;704.5,443.5;713.5,509.5;752.5,491.5;764.5,404.5;740.5,485.5;754.0,354.9;824.5,368.4;830.5,401.5;785.5,401.5;722.5,476.5;707.5,464.5;713.5,503.5
152#747.5,607.0;763.0,552.8;770.8,483.1;734.6,475.4;716.6,516.7;708.8,503.8;752.7,480.6;755.3,400.6;757.9,403.2;755.3,356.7;819.8,382.5;830.1,410.9;788.8,400.6;724.3,395.4;698.5,434.1;706.3,410.9
153#751.2,594.6;773.2,540.8;770.8,479.7;726.8,474.8;717.0,533.5;712.1,521.2;748.8,477.2;756.1,401.4;753.7,401.4;757.3,351.3;819.7,394.1;827.0,421.0;790.4,401.4;721.9,401.4;697.4,447.9;702.3,423.4
154#759.8,575.9;787.5,524.6;769.7,473.4;730.3,467.4;702.6,477.3;708.6,540.4;752.0,471.4;753.9,398.4;753.9,390.5;752.9,361.9;817.1,406.3;824.9,430.0;789.4,398.4;720.4,398.4;704.6,441.8;704.6,430.0
155#768.8,577.4;794.8,525.2;776.2,473.4;736.7,468.8;708.9,476.4;719.9,538.3;758.3,471.9;757.9,398.4;757.9,391.2;755.9,361.0;817.7,401.4;826.9,426.1;793.1,397.6;724.3,398.9;709.9,440.0;711.0,426.3
156#777.8,578.9;802.0,525.9;782.7,473.4;743.1,470.1;715.2,475.6;731.2,536.2;764.6,472.3;761.9,398.4;761.9,391.9;759.0,360.1;818.4,396.4;829.0,422.1;796.7,396.8;728.2,399.4;715.3,438.1;717.4,422.7
157#786.8,580.4;809.3,526.5;789.3,473.5;749.6,471.5;721.5,474.7;742.4,534.0;770.8,472.8;765.9,398.4;765.9,392.6;762.0,359.2;819.0,391.5;831.0,418.2;800.4,396.0;732.1,400.0;720.6,436.3;723.7,419.0
158#795.8,581.9;816.6,527.1;795.8,473.5;756.0,472.8;727.8,473.8;753.7,531.9;777.1,473.3;769.9,398.4;769.9,393.3;765.1,358.3;819.6,386.5;833.0,414.3;804.1,395.2;736.0,400.5;725.9,434.4;730.1,415.3
159#804.8,583.4;823.9,527.8;802.3,473.5;762.4,474.2;734.1,473.0;765.0,529.8;783.4,473.7;773.9,398.4;773.9,394.0;768.1,357.4;820.2,381.6;835.0,410.3;807.8,394.4;739.9,401.0;731.2,432.6;736.5,411.6
160#813.8,585.0;831.1,528.4;808.8,473.5;768.8,475.5;740.4,472.1;776.3,527.7;789.7,474.2;778.0,398.3;778.0,394.8;771.2,356.4;820.9,376.6;837.1,406.4;811.4,393.6;743.7,401.5;736.6,430.7;742.9,408.0
161#822.8,586.5;838.4,529.1;815.3,473.5;775.2,476.9;746.7,471.3;787.6,525.6;796.0,474.6;782.0,398.3;782.0,395.5;774.2,355.5;821.5,371.7;839.1,402.4;815.1,392.8;747.6,402.0;741.9,428.9;749.3,404.3
162#831.8,588.0;845.7,529.7;821.8,473.5;781.6,478.2;753.0,470.4;798.9,523.5;802.3,475.1;786.0,398.3;786.0,396.2;777.3,354.6;822.1,366.7;841.1,398.5;818.8,392.0;751.5,402.5;747.2,427.0;755.7,400.6
163#840.8,589.5;853.0,530.3;828.4,473.6;788.1,479.6;759.3,469.5;810.1,521.3;808.5,475.6;790.0,398.3;790.0,396.9;780.3,353.7;822.7,361.8;843.1,394.6;822.5,391.2;755.4,403.1;752.5,425.2;762.0,396.9
164#849.8,591.0;860.2,531.0;834.9,473.6;794.5,480.9;765.6,468.7;821.4,519.2;814.8,476.0;794.0,398.3;794.0,397.6;783.4,352.8;823.4,356.9;845.2,390.6;826.1,390.4;759.3,403.6;757.9,423.4;768.4,393.3
165#858.8,592.5;867.5,531.6;841.4,473.6;800.9,482.3;771.9,467.8;832.7,517.1;821.1,476.5;798.0,398.3;798.0,398.3;786.4,351.9;824.0,351.9;847.2,386.7;829.8,389.6;763.2,404.1;763.2,421.5;774.8,389.6
166#864.1,592.0;882.3,528.1;842.8,479.5;803.3,488.6;785.1,473.4;833.7,525.1;824.6,482.5;797.2,403.5;797.2,406.6;788.1,354.9;824.6,364.0;848.9,400.5;824.6,397.5;766.9,412.6;766.9,443.0;791.2,421.8
167#868.7,578.6;898.5,517.1;846.9,483.4;807.2,493.3;791.4,495.3;829.1,548.9;825.1,489.3;795.3,410.0;793.3,400.0;784.4,373.2;827.1,382.2;852.9,411.9;825.1,400.0;763.6,419.9;771.5,455.6;785.4,431.8
168#877.6,564.8;918.4,507.7;845.1,481.3;810.4,495.5;796.2,513.8;828.8,575.0;828.8,489.4;800.2,414.0;798.2,401.8;793.1,372.3;832.8,393.7;857.3,426.3;832.8,401.8;765.6,424.2;775.8,465.0;792.1,446.6
169#891.3,554.3;933.5,499.5;849.2,484.7;813.3,497.4;804.9,543.7;832.3,602.8;832.3,495.3;804.9,417.3;802.8,404.7;799.6,378.3;836.5,434.2;863.9,434.2;838.6,406.8;769.1,425.7;771.2,474.2;783.8,455.2
170#912.1,545.2;943.1,487.9;852.4,487.9;816.6,507.0;809.5,559.5;833.3,619.2;833.3,497.4;807.1,418.7;807.1,411.5;803.5,362.6;847.6,430.6;876.3,435.4;840.5,409.1;771.3,428.2;757.0,478.3;773.7,449.7
171#926.1,533.5;940.9,476.8;852.2,491.6;817.7,508.8;817.7,570.5;834.9,634.5;837.4,499.0;812.7,420.1;812.7,412.7;806.6,362.2;859.6,420.1;894.1,425.0;849.7,410.2;775.8,427.5;746.2,469.4;758.5,454.6
172#923.6,526.7;939.4,469.0;860.7,492.6;826.6,511.0;826.6,576.6;834.4,644.8;842.3,503.1;818.7,416.6;816.1,411.3;809.5,373.3;871.2,395.6;905.3,411.3;852.8,408.7;779.4,424.4;734.8,455.9;758.4,437.5
173#907.1,524.2;934.5,464.1;866.2,499.6;830.6,518.8;833.4,584.3;827.9,649.9;849.8,507.8;822.4,414.9;822.4,412.2;821.1,367.1;897.6,372.6;912.6,404.0;863.4,406.7;784.2,420.4;729.5,442.3;745.9,412.2
174#897.0,524.7;928.2,462.4;869.0,499.8;828.6,509.1;828.6,583.8;828.6,652.3;850.3,506.0;828.6,415.7;828.6,415.7;828.6,362.8;912.6,384.6;918.8,412.6;865.9,406.4;788.1,418.8;732.0,418.8;732.0,381.5
175#888.1,535.1;917.9,472.3;868.3,502.1;828.6,515.3;831.9,584.8;835.2,654.2;845.1,505.4;835.2,416.0;835.2,422.6;831.9,369.7;917.9,399.5;924.5,429.3;871.6,416.0;798.8,419.3;745.9,402.8;729.3,369.7
176#877.7,551.0;916.9,485.6;861.3,502.0;822.1,508.5;838.4,587.0;841.7,655.6;841.7,505.2;838.4,423.5;838.4,426.8;841.7,374.5;910.4,413.7;916.9,446.4;874.4,423.5;802.5,420.2;750.2,410.4;733.8,377.7
177#881.6,570.8;907.7,504.1;858.4,504.1;820.8,509.9;843.9,576.6;846.8,649.1;841.0,507.0;843.9,428.8;841.0,428.8;849.7,376.6;919.3,434.6;910.6,463.6;878.7,431.7;806.3,425.9;751.2,425.9;733.8,394.0
178#881.5,584.8;903.0,520.6;862.8,507.2;822.6,517.9;846.7,563.4;849.4,635.7;841.4,515.2;844.0,432.2;844.0,429.5;854.8,384.0;916.3,456.3;908.3,472.4;881.5,434.9;806.6,429.5;753.0,434.9;734.3,405.4
179#882.6,598.0;899.7,533.1;860.9,504.0;820.3,512.0;844.7,550.6;841.0,614.5;840.2,510.2;843.8,431.0;843.8,428.2;852.8,382.3;913.2,460.8;906.9,474.3;881.7,433.7;806.0,429.2;752.8,440.1;733.9,414.9
180#883.7,611.2;896.4,545.7;859.1,500.7;818.1,506.2;842.7,537.9;832.5,593.2;839.1,505.3;843.6,429.7;843.6,427.0;850.9,380.5;910.0,465.4;905.5,476.3;881.9,432.5;805.4,428.8;752.5,445.4;733.4,424.5
181#884.8,624.4;893.1,558.2;857.2,497.5;815.8,500.3;840.7,525.1;824.1,572.0;837.9,500.3;843.4,428.5;843.4,425.7;848.9,378.8;906.9,469.9;904.1,478.2;882.1,431.3;804.8,428.5;752.3,450.6;733.0,434.0
182#888.6,624.6;883.6,557.3;851.2,490.0;808.8,492.5;846.2,510.0;831.3,544.9;831.3,492.5;843.7,425.2;843.7,422.7;845.0,376.6;916.0,497.5;903.5,475.1;881.1,427.7;803.8,422.7;746.5,447.7;734.1,442.7
183#896.5,623.0;876.3,554.6;845.9,483.7;800.4,481.2;838.3,504.0;818.1,549.5;823.1,481.2;840.9,412.9;840.9,412.9;847.2,358.4;901.6,473.6;899.1,466.0;878.8,417.9;802.9,405.3;759.9,435.6;739.6,438.2
184#897.2,615.9;875.5,545.4;832.1,474.8;791.3,474.8;834.8,518.2;804.9,569.8;813.1,474.8;837.5,401.5;837.5,398.8;849.7,348.5;894.5,472.1;899.9,455.8;875.5,409.6;799.5,396.0;750.6,425.9;739.8,450.3
185#898.6,605.9;876.5,536.9;824.1,465.1;785.5,467.9;821.3,531.4;793.7,594.8;804.8,467.9;835.1,390.6;835.1,387.9;847.6,339.6;895.9,476.2;898.6,448.6;871.0,398.9;796.5,382.3;738.5,409.9;735.8,459.6
186#898.6,598.1;875.9,527.3;824.9,459.4;782.4,459.4;807.9,533.0;799.4,606.6;802.3,459.4;830.6,382.9;833.4,374.4;849.0,330.5;895.7,473.5;895.7,439.5;867.4,391.4;793.8,371.6;731.5,391.4;771.1,385.7
187#904.5,592.0;870.4,521.0;824.9,447.1;782.3,452.8;790.8,538.0;790.8,606.2;805.0,449.9;827.7,370.4;830.6,367.5;849.1,315.0;893.1,461.3;887.4,430.0;867.5,381.7;790.8,359.0;731.1,361.8;768.1,339.1
188#898.5,583.5;868.5,514.5;823.5,442.6;784.5,445.6;778.5,532.5;784.5,601.5;805.5,442.6;823.5,355.6;823.5,361.6;837.0,303.1;886.5,448.6;880.5,415.6;859.5,370.6;790.5,340.6;742.6,325.6;771.0,303.1
189#889.3,571.7;866.4,503.0;820.5,427.8;784.6,431.0;781.3,522.6;774.7,597.9;800.9,431.0;817.3,346.0;817.3,349.3;830.4,300.2;882.7,427.8;869.6,401.6;846.7,359.1;787.8,332.9;774.7,287.1;792.7,259.3
190#871.3,556.4;861.7,486.4;817.2,419.7;782.3,426.0;782.3,518.2;769.5,588.2;798.2,422.9;801.3,349.7;804.5,343.4;817.2,289.3;877.6,416.5;849.0,384.7;826.8,349.7;782.3,346.5;782.3,403.8;779.1,457.8
191#851.8,546.5;861.3,477.4;814.1,414.6;779.6,424.0;782.7,515.1;767.0,581.0;795.3,420.9;795.3,345.5;798.4,339.2;817.3,285.8;873.8,408.3;829.9,383.2;817.3,345.5;776.5,348.6;795.3,402.0;867.5,408.3
