1#745.4,650.9;765.0,562.9;872.6,592.2;897.0,611.8;823.7,724.3;867.7,831.8;882.4,602.0;848.1,474.8;848.1,479.7;828.6,401.5;777.2,340.3;838.4,386.8;872.6,455.3;818.8,479.7;725.9,455.3;672.1,401.5
2#745.4,650.9;765.0,562.8;872.7,592.2;897.2,611.8;823.7,724.4;867.8,832.1;882.5,602.0;848.2,474.7;848.2,479.6;828.6,401.2;777.2,340.0;838.4,386.5;872.7,455.1;818.8,479.6;725.8,460.0;667.0,406.1
3#746.5,653.0;756.5,562.8;856.6,592.9;886.6,617.9;816.5,728.0;866.6,838.2;871.6,607.9;841.6,472.7;841.6,477.7;816.5,402.7;774.0,335.1;836.6,387.6;866.6,452.7;811.5,482.8;721.4,457.7;666.4,402.7
4#741.6,650.8;731.6,561.0;846.3,590.9;861.3,620.9;811.4,725.6;866.3,835.4;851.3,605.9;831.4,471.2;831.4,476.2;811.4,401.4;779.0,334.0;836.4,386.4;861.3,451.3;796.5,476.2;711.7,461.2;666.8,411.4
5#741.3,651.3;711.1,560.6;816.9,585.8;821.9,616.0;816.9,726.9;862.3,832.7;816.9,605.9;816.9,464.9;816.9,464.9;796.8,394.3;781.6,338.9;842.1,384.2;852.2,449.7;776.6,474.9;701.0,464.9;665.7,409.4
6#740.4,651.2;710.2,560.7;815.8,585.8;820.8,621.0;815.8,726.5;861.0,832.1;815.8,605.9;815.8,465.2;815.8,465.2;795.7,394.9;780.6,339.6;840.9,379.8;850.9,445.1;775.6,475.3;700.2,465.2;665.0,409.9
7#739.4,652.2;674.2,561.8;779.6,566.8;804.7,591.9;814.8,707.4;844.9,827.9;799.7,581.9;799.7,451.3;794.7,451.3;774.6,381.0;774.6,335.8;839.9,381.0;829.8,431.2;759.5,466.4;689.2,466.4;664.1,411.1
8#737.2,650.3;671.1,562.6;768.9,551.4;783.9,574.7;772.3,678.6;816.2,793.2;782.1,565.8;776.2,436.4;772.1,435.2;753.0,364.8;759.4,326.6;824.4,367.8;809.0,416.1;736.2,452.5;668.8,459.5;650.9,404.6
9#734.9,648.4;667.9,563.4;758.2,536.1;763.1,557.5;729.8,649.9;787.6,758.5;764.5,549.7;752.7,421.4;749.4,419.0;731.3,348.6;744.3,317.3;809.0,354.5;788.1,400.9;713.0,438.5;648.4,452.7;637.6,398.1
10#732.7,646.6;664.8,564.2;747.5,520.8;742.4,540.4;687.4,621.1;759.0,723.7;747.0,533.6;729.3,406.5;726.8,402.9;709.7,332.4;729.1,308.1;793.5,341.2;767.3,385.8;689.8,424.6;628.1,445.8;624.4,391.7
11#730.5,644.7;661.6,565.0;736.8,505.4;721.6,523.2;644.9,592.3;730.3,689.0;729.4,517.5;705.8,391.5;704.1,386.8;688.0,316.2;713.9,298.8;778.1,328.0;746.5,370.7;666.5,410.7;607.7,438.9;611.1,385.2
12#728.2,642.8;658.5,565.8;726.1,490.0;700.8,506.0;602.4,563.6;701.6,654.3;711.8,501.4;682.3,376.6;681.5,370.6;666.4,300.0;698.8,289.6;762.6,314.8;725.6,355.5;643.2,396.7;587.3,432.1;597.9,378.7
13#726.0,640.9;655.3,566.6;715.4,474.7;680.0,488.8;559.9,534.8;673.0,619.6;694.2,485.3;658.8,361.6;658.8,354.5;644.7,283.8;683.6,280.3;747.2,301.5;704.8,340.4;620.0,382.8;566.9,425.2;584.6,372.2
14#724.2,659.8;663.6,572.3;693.9,481.3;646.8,484.7;518.8,494.8;609.7,589.1;670.4,488.1;640.1,356.8;640.1,346.7;621.5,284.4;614.8,284.4;695.6,284.4;683.8,333.2;596.3,370.2;522.2,393.8;545.8,329.8
15#720.2,668.8;675.2,587.8;670.8,475.3;621.2,479.8;490.8,461.8;549.2,565.3;639.2,479.8;612.2,349.3;612.2,344.8;594.2,277.3;576.2,209.8;634.8,259.3;648.2,331.3;571.8,367.3;490.8,358.3;495.2,290.8
16#707.3,671.5;672.6,592.3;642.9,493.3;578.6,493.3;459.8,438.8;494.4,542.8;613.2,493.3;583.5,349.8;583.5,349.8;573.6,275.5;548.9,201.3;583.5,255.7;623.1,334.9;539.0,359.7;474.6,325.0;459.8,255.7
17#702.4,678.4;649.2,585.4;618.2,488.0;556.2,492.4;432.2,421.5;454.3,527.8;582.8,492.4;551.8,355.1;551.8,350.6;547.4,284.2;529.6,222.2;569.5,275.3;591.7,346.2;507.5,355.1;449.9,324.1;445.5,262.0
18#702.7,679.0;649.4,585.7;618.4,488.1;556.2,492.5;431.9,421.5;454.1,528.0;582.9,488.1;551.8,354.9;551.8,350.4;547.3,283.9;529.6,221.7;569.5,275.0;591.7,346.0;507.4,354.9;449.7,323.8;445.2,261.7
19#688.8,673.8;631.6,584.1;586.8,514.7;525.6,514.7;407.2,416.8;415.4,514.7;554.1,514.7;525.6,359.7;525.6,363.7;509.2,294.4;533.7,257.7;566.4,294.4;570.4,347.4;484.8,371.9;431.7,359.7;448.0,290.3
20#661.2,664.9;612.6,571.4;560.2,526.6;485.4,522.8;410.6,425.6;388.2,507.9;526.6,526.6;504.1,380.7;496.6,373.2;481.7,309.6;521.0,270.4;556.5,324.6;545.3,365.7;463.0,391.9;418.1,451.8;455.5,317.1
21#368.5,493.6;593.3,546.5;514.0,522.7;455.8,525.3;384.4,430.1;358.0,506.8;487.5,525.3;479.6,390.5;477.0,377.2;458.5,327.0;529.9,295.2;553.7,356.1;524.6,379.9;429.4,393.1;445.2,451.3;432.0,379.9
22#570.2,640.2;575.7,534.8;484.2,537.6;417.7,537.6;362.2,437.8;342.8,518.2;450.9,534.8;456.5,404.5;456.5,396.2;445.4,337.9;531.4,321.3;545.2,385.1;500.9,398.9;406.6,404.5;414.9,460.0;428.7,390.6
23#527.0,633.3;550.4,529.4;467.3,547.6;391.9,542.4;337.4,448.9;342.6,532.0;425.7,542.4;436.1,420.3;433.5,407.3;430.9,347.6;529.6,345.0;532.2,407.3;480.3,415.1;386.7,417.7;391.9,469.7;410.1,448.9
24#526.9,634.7;550.2,528.3;467.2,546.5;392.0,543.9;335.0,447.9;342.7,536.1;433.5,543.9;433.5,419.4;433.5,406.4;430.9,349.4;529.5,346.8;532.1,406.4;480.2,414.2;386.8,419.4;392.0,468.7;410.2,447.9
25#490.3,638.4;519.4,535.1;440.0,561.6;368.5,551.0;315.5,463.6;469.1,627.8;408.2,553.7;418.8,426.6;416.1,413.3;416.1,355.1;530.0,370.9;516.8,429.2;469.1,423.9;365.8,423.9;365.8,479.5;400.2,458.3
26#469.5,662.7;487.6,551.6;409.5,569.6;349.4,557.6;319.4,485.5;451.5,650.7;379.4,563.6;406.5,434.4;406.5,425.4;406.5,359.3;532.6,398.4;508.6,446.5;454.5,434.4;358.4,434.4;322.4,419.4;367.4,401.4
27#469.6,672.8;457.6,564.6;388.4,576.7;331.3,561.6;415.5,567.6;340.3,603.7;361.4,570.6;397.4,438.4;397.4,429.4;400.5,363.2;532.7,417.3;499.6,465.4;445.5,444.4;349.4,426.4;295.2,402.3;358.4,375.3
28#459.7,676.3;450.4,567.9;379.2,580.3;320.3,577.2;329.6,530.7;345.1,629.9;351.3,580.3;385.4,437.8;385.4,431.6;394.7,366.6;531.0,437.8;487.6,481.2;434.9,453.3;335.8,425.4;286.3,385.1;332.7,344.9
29#442.9,670.0;442.9,559.8;377.5,573.5;312.0,570.1;315.5,546.0;349.9,656.2;346.5,573.5;380.9,442.6;380.9,435.7;394.7,370.3;532.5,459.8;480.8,490.8;432.6,459.8;329.3,425.4;291.4,366.8;322.4,304.8
30#442.9,670.0;442.9,559.8;377.5,573.5;312.0,570.1;318.9,546.0;349.9,656.2;346.5,573.5;380.9,442.6;380.9,435.7;394.7,370.3;532.5,459.8;480.8,490.8;432.6,459.8;329.3,425.4;291.4,366.8;322.4,304.8
31#430.6,651.2;440.8,538.2;375.8,582.8;307.3,575.9;293.6,599.9;345.0,675.2;345.0,582.8;382.6,442.4;382.6,439.0;396.3,373.9;533.3,476.6;481.9,507.4;430.6,462.9;334.7,421.8;307.3,363.6;298.7,290.0
32#421.0,631.7;441.0,531.9;384.4,591.8;324.5,581.8;301.2,608.4;347.8,698.3;354.4,581.8;391.1,452.0;391.1,438.7;407.7,372.1;534.2,488.6;480.9,515.2;437.6,465.3;344.5,422.0;304.5,365.5;299.5,300.6
33#421.8,610.1;450.6,517.2;415.4,574.9;360.9,574.9;312.8,603.7;348.1,712.7;386.5,578.1;405.8,453.1;409.0,440.2;421.8,372.9;537.2,504.3;485.9,526.8;457.0,469.1;360.9,424.2;296.8,389.0;298.4,342.5
34#339.9,717.8;449.9,570.0;429.3,580.3;367.4,580.3;339.9,645.6;353.7,731.6;398.3,580.3;422.4,456.6;425.8,435.9;439.6,370.6;539.3,521.9;498.0,535.6;470.5,470.3;370.8,429.1;298.7,408.4;300.4,341.4
35#351.8,736.0;467.2,568.1;435.7,578.6;386.8,582.1;362.3,662.6;351.8,746.5;411.3,578.6;435.7,445.7;439.2,431.7;453.2,368.7;544.2,529.6;509.2,540.1;488.2,466.7;383.3,428.2;306.3,421.2;301.1,360.0
36#351.8,735.9;467.2,568.1;435.7,578.6;386.8,582.1;362.3,662.5;351.8,746.4;411.3,578.6;435.7,445.7;439.2,431.8;453.2,368.8;544.1,529.7;509.2,540.1;488.2,466.7;383.3,428.3;306.4,421.3;301.1,360.1
37#480.3,599.6;544.0,539.5;466.2,571.3;409.6,581.9;381.3,666.8;346.0,748.1;441.4,578.4;452.0,444.0;452.0,422.8;457.4,361.0;554.6,550.1;529.8,521.8;505.1,454.7;399.0,426.4;317.7,440.5;307.1,383.9
38#479.8,615.8;458.6,598.1;490.4,569.8;437.3,580.4;384.2,661.9;355.9,750.4;465.6,573.3;462.1,438.8;462.1,421.1;460.3,355.6;547.1,513.1;564.8,509.6;518.8,445.9;405.4,431.7;334.6,460.0;306.3,406.9
39#483.0,643.2;469.1,570.0;503.9,566.6;451.7,570.0;385.5,643.2;371.6,747.6;479.6,570.0;469.1,441.2;465.6,423.8;463.9,355.9;538.8,458.6;584.0,483.0;524.8,437.7;413.4,437.7;347.2,476.0;308.9,427.3
40#489.5,660.8;462.4,579.5;506.5,562.6;465.8,562.6;381.1,626.9;381.1,732.0;489.5,562.6;472.6,437.2;472.6,423.6;470.9,354.1;557.3,413.5;591.2,443.9;526.8,427.0;411.6,440.6;357.4,484.6;309.9,447.3
41#488.4,686.9;465.2,594.0;511.6,567.5;461.8,564.1;372.2,610.6;385.5,713.5;488.4,567.5;471.8,434.7;471.8,424.8;473.5,356.7;526.6,356.7;584.6,401.5;524.9,418.1;422.0,441.4;365.6,497.8;309.2,471.2
42#489.5,687.2;466.2,594.1;512.8,567.5;462.9,564.2;373.2,610.7;386.4,713.8;489.5,567.5;472.9,434.5;472.9,424.6;474.5,356.4;527.7,356.4;582.6,401.3;522.7,417.9;419.7,441.2;363.2,497.7;310.0,471.1
43#489.1,706.1;464.6,604.9;510.0,566.5;461.1,563.0;363.4,587.5;384.4,688.7;489.1,563.0;468.1,426.9;468.1,430.4;471.6,360.6;525.7,334.4;565.8,364.1;513.5,406.0;422.7,444.4;370.4,507.2;311.1,493.2
44#485.1,732.0;468.4,627.5;510.2,564.8;460.1,564.8;363.9,564.8;380.7,660.9;481.0,564.8;464.2,431.1;464.2,431.1;468.4,360.0;535.3,280.6;547.8,343.3;510.2,406.0;418.3,447.8;368.1,514.7;305.4,514.7
45#487.0,751.4;478.1,657.2;505.0,563.1;460.1,554.1;361.5,536.2;374.9,630.3;482.5,558.6;455.6,428.5;455.6,433.0;455.6,361.3;536.4,285.0;549.8,347.8;500.5,401.6;410.8,451.0;365.9,518.2;307.6,531.7
46#486.1,758.6;482.1,665.0;494.3,563.3;445.4,563.3;465.8,665.0;372.2,604.0;469.9,559.2;445.4,429.0;445.4,433.1;445.4,355.8;532.9,309.0;563.4,368.0;490.2,408.7;396.6,449.4;355.9,518.5;307.1,542.9
47#496.5,771.0;492.6,677.0;488.7,563.5;426.0,559.6;461.3,673.1;359.5,583.1;457.4,563.5;441.7,430.5;441.7,434.4;433.9,356.1;529.8,342.4;563.0,395.2;488.7,414.8;390.8,450.0;343.8,512.6;296.9,532.2
48#496.5,771.0;492.6,677.0;488.7,563.5;426.0,559.6;461.3,673.1;359.5,583.1;457.4,563.5;441.7,430.5;441.7,434.4;433.9,356.1;529.8,342.4;563.0,395.2;488.7,414.8;390.8,450.0;343.8,512.6;296.9,532.2
49#508.9,770.5;488.9,674.6;480.9,574.7;421.0,570.7;473.0,678.6;345.1,582.7;453.0,570.7;437.0,438.9;437.0,430.9;431.0,356.9;526.9,364.9;556.9,418.9;484.9,422.9;381.0,450.8;329.1,506.8;301.1,494.8
50#516.3,763.6;496.0,674.2;471.7,580.8;418.8,576.7;341.7,511.7;337.6,605.2;443.2,576.7;435.1,438.6;435.1,430.5;437.1,355.3;524.5,385.8;552.9,442.7;487.9,430.5;382.3,446.7;313.2,487.4;313.2,442.7
51#519.9,753.1;501.7,666.1;465.5,575.4;411.1,564.5;327.6,528.3;334.9,633.4;436.4,568.2;440.1,434.0;440.1,423.1;438.3,356.0;523.5,408.6;545.2,463.0;490.8,430.3;385.7,434.0;309.5,444.8;331.3,390.4
52#516.8,742.9;505.4,644.0;463.5,567.9;406.5,564.1;326.6,541.3;334.2,647.8;433.1,564.1;440.7,434.7;440.7,423.3;444.5,354.8;524.4,430.9;547.2,480.4;494.0,438.5;387.4,423.3;322.8,404.3;366.5,345.3
53#506.7,726.0;506.7,627.9;459.7,576.9;400.8,561.2;330.2,565.1;334.1,671.0;432.2,569.0;447.9,431.7;447.9,419.9;451.8,357.1;526.4,439.5;549.9,490.5;495.0,443.5;396.9,423.8;345.9,376.8;361.6,325.7
54#506.6,725.7;506.6,627.7;459.6,576.8;400.9,561.1;330.3,565.0;334.3,670.8;432.2,569.0;447.9,431.8;447.9,420.1;455.7,357.4;526.2,439.7;549.7,490.6;494.9,443.6;396.9,424.0;346.0,377.0;361.7,326.1
55#499.0,714.8;511.0,606.8;463.0,574.8;403.0,570.8;334.9,594.8;330.9,694.8;431.0,570.8;455.0,438.7;455.0,426.7;467.0,362.7;551.1,442.7;551.1,498.7;503.0,454.7;407.0,422.7;379.0,362.7;375.0,294.6
56#489.2,690.2;511.8,592.1;462.8,588.3;402.4,577.0;345.7,626.0;330.6,716.7;432.6,584.5;466.5,444.8;466.5,433.5;477.9,369.3;564.7,459.9;553.4,509.0;511.8,463.7;417.5,425.9;391.0,369.3;387.3,312.7
57#332.7,726.8;354.5,643.1;405.4,574.0;456.4,584.9;514.6,574.0;481.8,672.2;430.9,581.2;478.2,457.5;478.2,443.0;492.8,381.1;394.5,337.4;398.2,399.3;434.5,435.7;525.5,475.7;558.3,526.7;565.5,490.3
58#475.7,656.7;518.4,568.1;472.5,600.9;420.0,594.4;364.2,650.2;324.8,732.2;446.2,594.4;485.6,466.4;488.9,453.3;502.0,390.9;393.7,368.0;403.5,427.0;442.9,450.0;531.5,479.5;551.2,545.2;564.3,515.6
59#441.4,652.2;419.7,639.7;497.4,602.4;438.3,590.0;369.9,639.7;338.8,729.9;469.4,593.1;494.3,478.0;494.3,468.7;503.6,403.4;559.6,530.9;547.2,562.0;540.9,493.6;447.7,459.4;401.0,443.8;394.8,384.8
60#441.4,652.1;419.7,639.7;497.4,602.4;438.3,590.0;370.0,639.7;338.9,732.9;469.4,593.1;494.3,478.1;494.3,468.8;503.6,403.5;559.5,530.9;547.1,562.0;540.9,493.6;447.7,459.4;401.0,443.9;394.8,384.9
61#433.3,678.6;448.4,606.0;505.9,609.0;454.4,609.0;375.8,627.1;363.7,723.9;481.7,609.0;493.8,488.0;496.8,475.9;505.9,415.4;554.3,551.5;551.2,581.7;545.2,503.1;448.4,472.8;393.9,460.7;390.9,406.3
62#431.7,694.0;456.4,603.4;516.8,611.7;461.9,617.1;379.5,608.9;393.2,713.3;492.1,617.1;497.6,499.1;497.6,482.6;500.3,422.2;522.3,551.2;558.0,576.0;547.0,510.0;448.2,485.3;390.5,477.1;390.5,422.2
63#404.3,680.3;416.3,610.3;524.9,622.4;469.4,627.2;387.4,603.1;418.7,702.0;498.3,622.4;498.3,506.6;498.3,489.7;493.5,434.2;536.9,564.5;565.9,581.4;546.6,513.8;452.5,497.0;394.6,494.5;387.4,441.5
64#414.4,678.6;470.7,611.6;529.6,633.0;476.0,641.1;379.6,606.3;430.5,708.0;500.1,635.7;500.1,517.9;497.4,499.1;494.8,440.2;540.3,571.4;572.4,574.1;548.3,515.2;451.9,507.2;406.4,512.5;387.7,464.3
65#440.3,721.1;479.3,625.0;526.1,635.4;484.5,635.4;406.6,648.4;435.1,739.3;507.9,635.4;502.7,515.9;500.1,502.9;497.5,445.8;546.8,552.3;583.2,562.7;552.0,518.5;453.3,515.9;409.2,526.3;388.4,484.8
66#440.4,721.0;479.3,625.0;528.6,635.4;484.5,635.4;406.6,648.4;435.2,739.2;507.9,635.4;502.7,516.0;500.1,503.0;498.8,442.0;546.8,552.3;583.1,560.1;552.0,518.6;453.3,516.0;409.2,526.4;388.4,484.8
67#519.6,669.0;492.8,652.9;535.7,639.5;487.4,642.1;420.3,666.3;436.4,760.3;511.6,639.5;503.5,524.0;500.8,505.2;494.1,444.8;554.5,529.3;592.1,542.8;549.2,518.6;455.2,521.3;414.9,545.5;388.0,510.5
68#497.3,687.9;490.6,651.2;527.3,637.9;487.3,637.9;434.0,691.2;434.0,771.1;507.3,637.9;500.6,521.4;500.6,511.4;495.6,446.5;527.3,474.8;587.2,514.7;547.3,511.4;454.0,524.7;414.1,561.3;387.4,528.0
69#515.0,704.2;496.8,653.4;529.5,635.3;489.6,638.9;438.8,696.9;427.9,784.0;511.3,635.3;500.5,519.2;496.8,508.3;496.8,446.7;529.5,439.4;569.4,479.3;540.4,504.7;453.3,530.1;409.8,573.6;384.4,544.6
70#509.4,723.0;496.4,675.5;526.6,636.6;487.8,636.6;431.6,701.4;427.3,792.2;505.0,636.6;492.1,520.0;492.1,511.3;492.1,450.8;531.0,403.3;556.9,455.2;531.0,502.7;448.9,532.9;405.7,584.8;384.1,563.2
71#503.7,740.2;492.7,662.8;525.8,629.6;485.3,629.6;426.3,688.6;430.0,777.1;503.7,629.6;481.6,526.4;481.6,511.6;477.9,452.6;533.2,401.0;551.7,456.3;518.5,504.2;437.3,537.4;407.8,596.4;382.0,581.7
72#503.7,740.3;492.7,662.8;525.9,629.6;485.3,629.6;426.3,688.7;430.0,773.5;503.7,629.6;481.6,526.3;481.6,511.6;477.9,452.5;533.3,400.9;551.7,456.2;518.5,504.2;437.3,537.4;407.8,596.4;382.0,581.7
73#500.9,760.7;483.5,673.7;511.4,632.0;469.6,632.0;417.4,677.2;434.8,757.2;490.5,632.0;469.6,527.5;469.6,520.6;459.2,457.9;521.8,416.2;556.6,464.9;507.9,506.7;427.9,544.9;403.5,607.6;375.7,597.1
74#501.8,775.8;484.1,690.9;508.9,634.4;466.4,637.9;409.9,652.1;431.1,729.8;487.7,637.9;459.4,531.9;452.3,521.3;441.7,464.7;526.5,439.9;561.9,482.4;498.3,510.7;417.0,549.5;399.3,613.2;374.5,613.2
75#493.5,791.1;486.8,717.5;496.8,640.6;450.0,640.6;480.1,720.9;493.5,794.4;473.4,643.9;443.3,536.9;440.0,526.9;423.3,470.1;511.9,458.4;550.3,500.2;486.8,513.5;399.9,557.0;389.8,620.5;363.1,630.6
76#493.6,810.4;483.4,725.6;476.6,640.8;432.5,644.2;459.6,718.8;473.2,796.8;456.3,640.8;429.1,539.1;422.4,525.5;408.8,471.3;510.5,488.3;537.6,522.2;469.8,518.8;381.7,559.5;378.3,620.5;368.1,647.6
77#486.7,811.7;476.8,732.1;463.5,649.3;423.8,652.6;456.9,735.5;473.5,801.7;440.3,649.3;417.1,539.9;410.5,526.6;395.6,472.0;503.3,506.8;523.2,546.5;463.5,520.0;367.4,556.5;357.5,622.8;360.8,655.9
78#486.7,811.6;476.8,732.1;463.5,649.3;423.8,652.6;456.9,735.4;473.5,801.7;440.3,649.3;417.2,540.0;410.5,526.7;395.6,472.1;503.3,506.8;523.2,546.6;463.5,520.1;367.5,556.5;357.5,622.8;357.5,652.6
79#479.3,810.2;471.5,729.4;448.2,650.8;408.4,651.9;433.8,717.1;441.5,781.4;426.1,650.8;409.6,540.2;404.0,526.9;392.4,471.0;499.2,525.8;510.3,561.3;456.0,526.9;358.6,551.2;336.4,605.4;349.8,623.0
80#471.8,808.8;466.3,726.7;433.0,652.4;393.0,651.3;410.8,698.9;409.6,761.0;411.9,652.4;401.9,540.3;397.5,527.0;389.2,469.9;495.2,544.9;497.3,575.9;448.5,533.7;349.8,545.8;315.3,587.9;342.0,593.5
81#464.4,807.4;461.0,724.0;417.7,653.9;377.6,650.6;387.7,680.6;377.6,740.7;397.7,653.9;394.3,540.5;391.0,527.2;386.0,468.8;491.1,563.9;484.4,590.6;441.0,540.5;340.9,540.5;294.2,570.5;334.3,563.9
82#461.4,793.7;461.4,707.3;405.9,654.9;365.8,651.8;390.5,682.6;378.1,750.5;384.3,651.8;387.4,540.8;387.4,528.4;385.8,474.5;483.0,580.9;473.7,599.4;436.7,543.9;334.9,534.6;279.4,537.7;334.9,509.9
83#456.9,785.8;466.7,697.1;391.2,651.2;358.4,647.9;394.5,687.3;371.5,766.1;374.8,651.2;384.7,542.8;384.7,529.7;384.7,477.1;489.7,595.3;463.5,608.5;430.6,552.7;338.7,529.7;286.2,510.0;338.7,470.6
84#457.0,785.9;466.8,697.2;391.2,651.2;358.3,647.9;394.5,687.3;371.5,766.2;374.8,651.2;384.6,542.7;384.6,529.5;384.6,476.9;489.8,595.3;463.5,608.4;430.7,552.6;338.6,529.5;286.0,509.8;338.6,470.4
85#450.9,765.0;475.3,681.4;377.8,646.6;339.5,646.6;391.7,705.8;367.4,789.4;363.9,646.6;381.3,542.1;381.3,535.2;381.3,479.4;485.8,618.7;454.4,611.8;423.1,552.6;339.5,528.2;301.2,489.9;327.3,449.8
86#443.5,746.9;478.3,663.4;380.9,653.0;342.7,656.5;380.9,722.5;363.5,809.5;360.1,656.5;380.9,545.2;380.9,538.3;377.4,482.7;478.3,635.6;453.9,625.2;419.2,555.7;342.7,531.3;318.3,482.7;316.6,439.2
87#435.7,726.9;482.0,652.0;382.2,659.2;343.0,659.2;360.8,737.6;360.8,826.7;357.3,659.2;378.7,548.7;378.7,541.5;371.5,480.9;460.6,655.6;449.9,616.4;417.9,555.8;343.0,534.4;310.9,480.9;312.7,436.4
88#428.9,706.1;479.6,635.2;388.4,655.5;341.2,665.6;341.2,760.1;358.1,827.6;364.8,658.9;378.3,547.5;374.9,540.7;371.6,486.7;422.2,615.0;452.6,611.6;418.8,554.2;334.4,530.6;297.3,500.2;312.5,454.7
89#419.3,695.7;474.3,624.4;390.1,653.5;338.3,663.3;335.0,757.2;331.8,831.8;364.2,660.0;370.7,543.4;370.7,543.4;364.2,488.3;422.5,579.0;451.7,595.2;412.8,553.1;335.0,540.1;292.9,514.2;310.7,464.0
90#419.3,695.8;474.5,624.4;390.1,653.6;338.2,663.3;334.9,757.4;331.7,828.9;364.1,660.1;370.6,543.2;370.6,543.2;364.1,488.0;422.6,578.9;451.8,595.1;412.8,552.9;334.9,540.0;292.7,514.0;312.2,468.5
91#412.7,697.3;464.4,625.9;384.4,656.9;332.6,666.1;326.9,753.8;322.7,825.4;358.5,663.0;364.4,547.1;364.4,546.8;359.1,492.3;415.6,579.0;443.8,596.5;406.0,556.2;328.6,543.9;287.0,518.4;305.1,473.2
92#406.0,698.9;454.3,627.4;378.7,660.2;327.0,668.9;319.0,750.2;313.6,821.8;352.8,665.9;358.2,550.9;358.2,550.4;354.1,496.7;408.6,579.1;435.7,597.9;399.3,559.4;322.3,547.9;281.3,522.8;298.1,477.8
93#399.4,700.4;444.2,628.9;372.9,663.4;321.5,671.7;311.0,746.6;304.6,818.3;347.2,668.7;352.0,554.8;352.0,554.0;349.1,501.0;401.6,579.1;427.7,599.3;392.5,562.7;316.1,551.8;275.6,527.2;291.1,482.5
94#392.7,702.0;434.1,630.4;367.2,666.7;315.9,674.5;303.1,743.0;295.5,814.7;341.5,671.6;345.8,558.6;345.8,557.6;344.1,505.4;394.6,579.2;419.6,600.6;385.8,565.9;309.8,555.7;269.9,531.6;284.0,487.1
95#386.1,703.5;424.0,631.9;361.5,670.0;310.3,677.3;295.1,739.4;286.5,811.2;335.9,674.5;339.7,562.5;339.7,561.2;339.1,509.7;387.7,579.3;411.6,602.0;379.0,569.2;303.5,559.7;264.2,536.0;276.9,491.8
96#379.4,705.1;413.9,633.4;355.8,673.3;304.7,680.1;287.2,735.8;277.4,807.6;330.2,677.4;333.5,566.4;333.5,564.8;334.1,514.1;380.7,579.4;403.6,603.4;372.2,572.4;297.2,563.6;258.5,540.4;269.9,496.4
97#372.8,706.6;403.8,634.9;350.0,676.6;299.1,682.9;279.2,732.2;268.4,804.1;324.6,680.2;327.3,570.2;327.3,568.4;329.1,518.4;373.7,579.5;395.5,604.8;365.5,575.7;291.0,567.5;252.8,544.8;262.8,501.1
98#366.1,708.2;393.7,636.4;344.3,679.8;293.6,685.7;271.3,728.6;259.3,800.5;318.9,683.1;321.1,574.1;321.1,572.0;324.1,522.8;366.7,579.5;387.5,606.2;358.7,578.9;284.7,571.4;247.1,549.2;255.8,505.7
99#359.4,709.8;383.6,637.8;338.6,683.1;288.0,688.6;263.3,725.1;250.3,797.0;313.2,686.0;314.9,578.0;314.9,575.6;319.0,527.1;359.7,579.6;379.5,607.6;351.9,582.2;278.4,575.4;241.3,553.5;248.8,510.4
100#352.8,711.3;373.5,639.3;332.9,686.4;282.4,691.4;255.3,721.5;241.3,793.5;307.6,688.9;308.7,581.8;308.7,579.2;314.0,531.4;352.7,579.7;371.4,609.0;345.2,585.5;272.1,579.3;235.6,557.9;241.7,515.1
101#346.1,712.8;363.4,640.8;327.1,689.7;276.8,694.2;247.4,717.9;232.2,789.9;302.0,691.7;302.5,585.7;302.5,582.8;309.0,535.8;345.7,579.8;363.4,610.4;338.4,588.7;265.9,583.2;229.9,562.3;234.6,519.7
102#339.5,714.4;353.3,642.3;321.4,693.0;271.2,697.0;239.4,714.3;223.2,786.4;296.3,694.6;296.3,589.5;296.3,586.4;304.0,540.1;338.7,579.9;355.3,611.7;331.7,592.0;259.6,587.2;224.2,566.7;227.6,524.4
103#332.9,715.9;343.2,643.8;315.7,696.3;265.6,699.8;231.5,710.7;214.1,782.8;290.7,697.5;290.2,593.4;290.2,590.0;299.0,544.5;331.8,580.0;347.3,613.1;324.9,595.2;253.3,591.1;218.5,571.1;220.6,529.0
104#326.2,717.5;333.1,645.3;310.0,699.5;260.1,702.6;223.5,707.1;205.1,779.3;285.0,700.4;284.0,597.3;284.0,593.6;294.0,548.8;324.8,580.0;339.3,614.5;318.1,598.5;247.0,595.0;212.8,575.5;213.5,533.7
105#319.6,719.0;323.0,646.8;304.2,702.8;254.5,705.4;215.6,703.5;196.0,775.7;279.4,703.2;277.8,601.1;277.8,597.2;289.0,553.2;317.8,580.1;331.2,615.9;311.4,601.7;240.8,599.0;207.1,579.9;206.4,538.3
106#312.9,720.6;312.9,648.3;298.5,706.1;248.9,708.2;207.6,699.9;187.0,772.2;273.7,706.1;271.6,605.0;271.6,600.8;284.0,557.5;310.8,580.2;323.2,617.3;304.6,605.0;234.5,602.9;201.4,584.3;199.4,543.0
107#178.2,778.1;253.9,708.8;299.3,702.3;256.1,702.3;202.0,719.7;178.2,791.1;277.7,702.3;271.2,609.3;273.4,602.8;288.5,557.4;314.5,594.1;323.2,630.9;308.0,613.6;236.6,605.0;195.5,596.3;199.8,553.0
108#178.3,777.9;253.9,708.8;299.2,702.3;256.0,702.3;202.0,719.6;178.3,790.8;277.6,702.3;271.2,607.2;273.3,602.9;288.4,557.5;314.4,594.3;323.0,631.0;307.9,613.7;236.6,605.1;195.6,594.3;199.9,553.2
109#167.5,798.6;274.6,698.9;294.6,703.9;252.2,703.9;202.4,743.8;172.5,808.6;274.6,701.4;274.6,609.2;277.1,604.2;292.1,556.9;312.0,606.7;324.5,641.6;309.5,614.2;239.8,601.7;194.9,606.7;202.4,569.3
110#273.9,731.4;264.3,700.4;293.0,700.4;254.7,700.4;207.0,752.9;168.8,812.6;273.9,700.4;276.2,607.2;278.6,600.0;291.8,553.5;331.2,633.5;324.0,645.4;312.1,609.6;238.0,604.8;197.4,619.2;202.2,580.9
111#276.4,752.8;278.8,710.1;300.1,695.9;264.5,691.2;210.0,755.2;169.7,809.7;281.1,693.5;281.1,605.8;283.5,594.0;294.2,552.5;326.2,631.9;340.4,646.1;316.7,605.8;243.2,603.4;205.2,629.5;202.9,594.0
112#277.9,766.0;277.9,716.3;304.0,690.2;270.8,687.8;211.5,751.8;171.2,808.7;289.8,690.2;285.0,604.8;287.4,588.2;295.7,551.5;320.6,614.3;358.5,630.9;325.3,602.4;242.3,602.4;213.9,638.0;204.4,607.2
113#278.2,773.8;275.8,718.6;307.0,694.6;268.6,689.8;211.0,737.8;184.6,807.5;290.2,689.8;287.8,603.4;290.2,586.6;296.2,551.8;333.4,601.0;369.4,613.0;326.2,596.2;244.6,603.4;223.0,651.4;206.2,622.6
114#278.8,783.0;278.2,723.4;306.3,693.9;268.2,687.6;214.3,728.9;193.6,797.2;288.8,689.7;288.3,601.0;290.9,586.7;298.0,547.9;336.3,576.6;367.5,598.1;326.3,594.1;245.0,604.1;225.4,652.7;205.9,629.3
115#279.3,792.2;280.6,728.2;305.5,693.2;267.8,685.4;217.5,720.1;202.5,786.8;287.5,689.5;288.7,598.6;291.6,586.7;299.8,544.1;339.2,552.1;365.7,583.1;326.4,592.0;245.3,604.8;227.7,653.9;205.6,636.1
116#279.9,801.4;283.0,733.0;304.8,692.5;267.4,683.2;220.8,711.2;211.5,776.5;286.1,689.4;289.2,596.2;292.3,586.8;301.6,540.2;342.1,527.7;363.8,568.2;326.5,589.9;245.7,605.5;230.1,655.2;205.3,642.8
117#282.8,814.7;285.8,750.4;301.2,692.2;261.3,686.1;270.5,750.4;267.5,808.6;279.7,689.1;288.9,597.2;292.0,585.0;301.2,539.1;353.2,514.6;356.3,560.5;322.6,588.1;246.0,603.4;227.7,655.4;200.1,655.4
118#284.1,826.4;290.3,761.1;296.5,695.9;256.1,686.6;268.6,751.8;265.4,817.1;274.8,689.7;284.1,590.2;287.2,584.0;299.6,531.2;349.3,521.9;358.7,565.4;324.5,580.9;243.7,599.6;218.8,649.3;194.0,655.5
119#289.4,831.7;292.2,760.6;292.2,689.4;255.2,683.7;263.7,757.7;272.3,817.5;275.1,686.5;283.7,586.8;283.7,578.3;296.5,531.3;349.2,535.6;357.7,578.3;320.7,575.5;243.8,589.7;209.6,638.1;195.4,663.7
120#289.4,831.8;292.2,760.6;292.2,689.4;255.2,683.7;263.7,757.8;272.3,817.6;275.1,686.5;283.7,586.8;283.7,578.2;296.5,531.2;349.2,538.3;357.8,578.2;320.7,575.4;243.8,589.6;209.6,638.1;195.3,663.7
121#300.0,828.2;297.3,755.0;289.2,684.5;254.0,681.8;270.2,752.3;281.1,809.2;272.9,684.5;281.1,581.5;281.1,576.1;293.3,531.3;348.8,551.7;354.3,589.6;316.3,578.8;240.4,584.2;202.4,622.1;218.7,624.8
122#312.6,817.1;312.6,747.3;285.7,680.1;250.8,674.7;285.7,739.2;288.4,803.6;266.9,677.4;280.3,583.4;283.0,575.4;295.1,533.8;347.5,564.6;347.5,602.2;312.6,580.7;242.7,580.7;199.8,604.9;240.1,604.9
123#330.3,800.0;326.8,728.2;283.6,676.4;250.7,673.7;290.6,728.9;289.8,796.3;266.7,674.6;284.4,581.4;286.2,573.5;298.1,530.5;348.3,575.9;346.6,610.5;315.5,581.4;248.8,576.1;208.9,587.0;248.8,580.1
124#348.0,783.0;341.1,709.1;281.5,672.8;250.7,672.7;295.4,718.6;291.1,788.9;266.5,671.9;288.4,579.5;289.3,571.5;301.2,527.1;349.2,587.1;345.7,618.9;318.3,582.0;255.0,571.6;217.9,569.2;257.6,555.2
125#365.7,765.9;355.3,690.0;279.4,669.1;250.6,671.7;300.3,708.3;292.5,781.6;266.3,669.1;292.5,577.5;292.5,569.6;304.2,523.8;350.0,598.4;344.8,627.2;321.2,582.7;261.1,567.0;227.0,551.3;266.3,530.4
126#365.6,765.8;355.2,690.0;279.4,669.1;250.7,671.7;300.3,708.3;292.5,781.5;266.3,669.1;289.9,577.6;292.5,569.8;304.2,524.0;350.0,598.5;344.7,627.3;321.2,582.8;261.1,567.2;224.5,551.5;266.3,530.6
127#375.7,744.5;360.8,670.4;286.7,664.5;251.2,664.5;298.6,717.9;289.7,792.0;268.9,664.5;292.7,572.6;295.6,569.6;304.5,519.2;354.9,608.2;346.0,628.9;325.3,581.5;263.0,560.7;233.4,537.0;266.0,510.3
128#368.9,741.0;359.6,668.8;292.3,664.5;256.3,664.9;297.0,719.8;288.8,793.2;274.2,664.5;297.1,571.4;299.7,569.2;308.3,519.0;353.2,599.7;348.2,619.9;329.3,579.6;267.1,560.2;238.3,535.8;268.0,507.1
129#362.1,737.5;358.3,667.3;297.8,664.5;261.4,665.3;295.4,721.7;287.8,794.4;279.6,664.5;301.5,570.2;303.7,568.8;312.0,518.7;351.4,591.2;350.5,610.8;333.4,577.7;271.1,559.7;243.2,534.5;270.1,503.9
130#355.4,734.1;357.1,665.7;303.4,664.5;266.5,665.7;293.7,723.6;286.9,795.6;284.9,664.5;305.9,569.0;307.8,568.4;315.8,518.5;349.7,582.7;352.8,601.8;337.4,575.8;275.1,559.2;248.1,533.3;272.1,500.7
131#348.6,730.6;355.8,664.2;309.0,664.4;271.7,666.1;292.1,725.5;286.0,796.8;290.3,664.4;310.4,567.8;311.8,568.0;319.6,518.2;348.0,574.2;355.0,592.8;341.4,573.9;279.2,558.6;252.9,532.1;274.2,497.5
132#341.8,727.1;354.6,662.6;314.6,664.4;276.8,666.5;290.5,727.3;285.1,798.0;295.6,664.4;314.8,566.7;315.9,567.6;323.3,518.0;346.3,565.7;357.2,583.7;345.4,572.1;283.2,558.1;257.8,530.9;276.2,494.3
133#335.0,723.6;353.4,661.0;320.1,664.4;281.9,666.9;288.9,729.2;284.1,799.2;301.0,664.4;319.2,565.5;319.9,567.2;327.1,517.8;344.5,557.2;359.5,574.7;349.4,570.2;287.3,557.6;262.7,529.6;278.2,491.1
134#328.3,720.2;352.1,659.5;325.7,664.4;287.0,667.3;287.2,731.1;283.2,800.4;306.3,664.4;323.6,564.3;324.0,566.8;330.8,517.5;342.8,548.7;361.8,565.6;353.5,568.3;291.4,557.1;267.6,528.4;280.3,487.9
135#321.5,716.7;350.9,657.9;331.3,664.4;292.1,667.7;285.6,733.0;282.3,801.6;311.7,664.4;328.0,563.1;328.0,566.4;334.6,517.3;341.1,540.2;364.0,556.6;357.5,566.4;295.4,556.6;272.5,527.2;282.3,484.7
136#325.5,733.3;331.9,701.7;338.2,673.2;297.1,673.2;284.5,736.4;281.3,796.5;319.2,673.2;328.7,572.1;331.9,572.1;331.9,524.7;347.7,550.0;366.6,575.2;360.3,581.6;300.3,562.6;271.8,537.3;281.3,496.2
137#319.9,745.2;334.2,716.6;342.7,682.2;302.7,679.4;279.8,733.7;279.8,790.9;322.7,679.4;334.2,579.3;334.2,576.5;339.9,530.7;334.2,602.2;357.0,616.5;362.8,585.0;302.7,573.6;274.1,550.7;282.7,513.5
138#319.9,748.2;334.2,708.1;342.8,682.3;302.7,679.4;279.8,733.9;279.8,791.2;322.8,679.4;334.2,579.2;334.2,576.3;340.0,530.4;334.2,602.1;357.1,616.4;362.9,584.9;302.7,573.4;274.0,550.5;282.6,513.3
139#320.3,756.0;331.3,715.0;347.7,690.3;309.4,687.6;271.1,725.9;279.3,788.8;328.5,687.6;336.7,586.3;336.7,583.6;342.2,539.8;339.5,605.5;358.6,627.4;366.8,591.8;303.9,583.6;273.8,564.5;282.0,526.1
140#323.6,776.2;330.7,719.3;352.0,690.8;318.8,690.8;266.6,716.9;283.2,778.6;335.4,690.8;335.4,595.9;337.8,588.7;342.5,546.0;344.9,614.8;363.9,633.8;368.6,598.2;302.2,588.7;273.7,574.5;286.8,535.3
141#313.3,791.1;326.3,726.1;352.3,697.5;328.9,694.9;258.7,700.1;282.1,767.7;339.3,694.9;339.3,601.2;339.3,596.0;341.9,549.2;347.1,622.0;367.9,635.0;370.5,603.8;305.5,593.4;271.7,585.6;284.7,551.8
142#338.1,793.1;323.2,738.5;353.0,703.8;325.7,696.4;256.3,684.0;283.6,750.9;338.1,701.4;340.6,604.7;338.1,597.3;341.8,551.4;355.5,624.5;377.8,636.9;372.8,604.7;305.9,599.7;273.7,599.7;286.1,562.6
143#313.9,816.5;326.7,755.0;357.5,701.1;324.2,696.0;257.5,673.0;285.7,737.0;339.5,698.6;339.5,606.3;339.5,601.2;338.2,553.8;362.6,616.6;385.7,637.1;372.8,601.2;308.8,603.8;280.6,619.1;285.7,580.7
144#314.9,816.4;325.2,754.9;358.4,698.6;325.2,696.0;258.6,673.0;286.8,737.0;340.5,696.0;340.5,606.4;340.5,601.3;339.2,553.9;363.6,616.6;384.1,637.1;373.8,601.3;307.2,603.8;281.6,616.6;284.2,580.8
145#315.9,828.2;328.7,759.0;356.9,697.5;321.0,689.8;251.8,648.7;287.7,725.7;339.0,694.9;341.5,602.6;339.0,594.9;330.0,552.6;372.3,618.0;392.8,638.5;372.3,597.4;305.6,605.1;290.3,628.2;292.8,594.9
146#323.7,824.3;329.0,754.9;363.7,682.8;326.4,680.1;256.9,648.1;310.3,824.3;342.4,682.8;331.7,600.0;334.4,589.4;330.4,542.6;361.1,613.4;395.8,629.4;369.1,589.4;297.0,600.0;297.0,642.8;310.3,632.1
147#319.1,822.2;335.0,753.2;366.8,681.5;332.3,681.5;252.7,657.6;292.5,721.3;350.9,681.5;337.6,588.6;335.0,580.7;331.0,539.5;366.8,615.2;396.0,615.2;369.5,580.7;303.1,596.6;295.2,641.7;295.2,607.2
148#312.8,813.0;328.1,741.9;366.2,680.9;333.1,670.8;254.4,678.4;295.0,744.4;348.4,675.8;333.1,584.4;333.1,571.7;259.5,564.0;381.4,622.5;399.2,594.5;363.6,571.7;302.6,586.9;287.4,635.2;267.1,619.9
149#317.5,807.0;331.1,736.2;366.5,665.4;331.1,665.4;260.4,689.9;293.0,755.3;350.2,665.4;331.1,578.3;333.9,570.1;335.2,530.7;377.4,594.6;404.7,570.1;363.8,567.4;303.9,581.0;282.1,635.5;282.1,608.3
150#318.5,807.0;332.1,736.2;367.5,668.2;332.1,665.4;261.4,689.9;294.0,755.3;351.2,665.4;332.1,578.3;334.9,570.1;336.2,530.7;359.4,559.2;402.9,570.1;367.5,567.4;304.9,581.0;280.4,635.5;280.4,608.3
151#328.3,805.3;336.0,735.3;369.8,662.7;333.5,660.1;268.6,693.8;294.5,763.8;351.6,662.7;343.8,571.9;343.8,564.1;339.9,523.9;365.9,529.1;408.7,548.6;375.0,561.5;312.7,577.1;268.6,590.1;297.1,564.1
152#342.0,803.8;345.1,733.2;369.7,656.4;339.0,653.3;274.5,699.4;296.0,773.1;354.3,656.4;345.1,564.3;345.1,561.2;345.1,512.1;368.1,495.2;403.4,524.4;375.8,555.1;323.6,567.4;283.7,567.4;308.3,536.7
153#363.5,802.5;356.6,730.1;373.8,650.9;339.4,647.5;291.2,712.9;294.6,781.8;356.6,647.5;349.7,551.1;353.2,554.5;363.5,506.3;394.5,471.9;397.9,506.3;373.8,547.6;329.1,551.1;301.5,544.2;322.2,513.2
154#387.4,788.8;367.9,723.8;377.6,645.8;338.6,645.8;302.9,707.6;289.9,782.3;361.4,645.8;338.6,545.1;348.4,548.3;354.9,493.1;402.0,465.5;345.1,538.6;335.4,545.1;315.9,548.3;328.9,519.1;345.1,496.3
155#405.5,787.3;383.6,718.6;386.7,643.7;352.4,643.7;305.6,699.9;290.0,774.8;368.0,643.7;364.9,546.9;364.9,546.9;371.1,493.9;403.9,470.5;418.0,512.6;393.0,543.8;327.4,550.1;318.1,543.8;346.2,506.4
156#405.5,787.3;383.7,718.6;386.8,643.7;352.4,643.7;305.6,699.9;290.0,774.9;368.0,643.7;364.9,546.9;364.9,546.9;371.2,493.8;404.0,470.4;418.0,512.5;393.0,543.7;327.4,550.0;318.1,543.7;346.2,506.3
157#416.2,786.2;398.5,715.4;398.5,638.6;363.1,635.6;301.0,685.8;306.9,762.6;380.8,638.6;369.0,547.0;371.9,547.0;374.9,499.8;400.0,480.6;422.1,517.5;404.4,538.2;336.5,550.0;321.7,547.0;339.4,535.2
158#426.8,784.4;415.1,719.9;409.2,643.6;374.0,640.7;300.7,667.1;426.8,784.4;388.7,646.5;376.9,549.7;376.9,546.8;376.9,494.0;400.4,494.0;423.9,526.3;412.1,538.0;341.7,552.7;330.0,558.5;344.7,520.4
159#433.9,777.1;424.2,712.5;411.5,640.5;376.2,639.4;305.7,668.6;424.6,776.0;391.5,643.7;378.7,548.6;378.7,544.4;378.1,494.1;404.3,502.9;427.9,532.3;413.7,537.9;343.3,551.8;330.9,563.7;344.8,526.2
160#441.0,769.8;433.3,705.0;413.9,637.3;378.4,638.0;310.8,670.1;422.3,767.7;394.4,640.8;380.4,547.4;380.4,541.9;379.4,494.2;408.3,511.8;432.0,538.4;415.3,537.7;344.9,551.0;331.7,569.0;345.0,532.1
161#448.1,762.5;442.4,697.6;416.2,634.2;380.6,636.7;315.8,671.6;420.1,759.3;397.2,638.0;382.2,546.3;382.2,539.5;380.6,494.3;412.2,520.7;436.0,544.4;416.9,537.6;346.5,550.1;332.6,574.2;345.1,537.9
162#455.1,755.1;451.6,690.1;418.6,631.1;382.7,635.4;320.9,673.0;417.8,751.0;400.1,635.1;384.0,545.2;384.0,537.0;381.9,494.3;416.2,529.7;440.1,550.4;418.4,537.4;348.1,549.3;333.4,579.4;345.3,543.7
163#462.2,747.8;460.7,682.7;420.9,628.0;384.9,634.1;325.9,674.5;415.6,742.6;402.9,632.3;385.8,544.1;385.8,534.6;383.1,494.4;420.1,538.6;444.1,556.4;420.0,537.3;349.7,548.4;334.3,584.6;345.4,549.5
164#469.3,740.5;469.8,675.2;423.3,624.8;387.1,632.7;331.0,676.0;413.3,734.3;405.8,629.4;387.5,542.9;387.5,532.1;384.4,494.5;424.1,547.5;448.2,562.5;421.6,537.1;351.3,547.6;335.1,589.9;345.6,555.4
165#476.4,733.2;478.9,667.8;425.6,621.7;389.3,631.4;336.0,677.5;411.1,725.9;408.6,626.6;389.3,541.8;389.3,529.7;385.6,494.6;428.0,556.4;452.2,568.5;423.2,537.0;352.9,546.7;336.0,595.1;345.7,561.2
166#473.7,722.1;478.8,657.0;423.9,621.9;387.5,632.1;345.5,683.1;409.8,733.4;406.6,627.7;390.6,539.6;390.6,529.3;389.4,492.7;435.6,545.2;458.6,561.6;425.0,536.4;354.7,542.9;330.8,581.1;338.5,546.0
167#471.0,711.1;478.6,646.1;422.2,622.1;385.7,632.8;354.9,688.7;408.6,741.0;404.6,628.8;391.8,537.5;391.8,529.0;393.3,490.8;443.2,534.0;465.0,554.7;426.8,535.8;356.5,539.2;325.6,567.0;331.4,530.8
168#468.3,700.0;478.5,635.3;420.4,622.4;383.9,633.6;364.4,694.2;407.3,748.5;402.7,629.8;393.1,535.3;393.1,528.6;397.1,488.9;450.8,522.8;471.5,547.8;428.7,535.2;358.3,535.4;320.3,553.0;324.2,515.5
169#465.6,689.0;478.3,624.4;418.7,622.6;382.1,634.3;373.8,699.8;406.1,756.1;400.7,630.9;394.3,533.2;394.3,528.3;401.0,487.0;458.4,511.6;477.9,540.9;430.5,534.6;360.1,531.7;315.1,538.9;317.1,500.3
170#462.9,677.9;478.2,613.6;417.0,622.8;380.3,635.0;383.3,705.4;404.8,763.6;398.7,632.0;395.6,531.0;395.6,527.9;404.8,485.1;466.0,500.4;484.3,534.0;432.3,534.0;361.9,527.9;309.9,524.9;309.9,485.1
171#454.5,673.1;469.8,610.1;419.8,619.4;383.4,629.7;379.2,695.6;401.0,755.7;401.6,627.3;398.1,529.4;398.1,525.9;405.5,483.1;465.0,506.9;481.7,539.8;434.0,532.3;364.6,526.4;312.0,525.5;310.5,487.6
172#446.1,668.3;461.3,606.5;422.6,616.1;386.5,624.4;375.2,685.8;397.1,747.8;404.5,622.6;400.7,527.8;400.7,523.9;406.2,481.1;464.0,513.4;479.1,545.7;435.8,530.6;367.4,524.9;314.0,526.1;311.0,490.2
173#437.7,663.4;452.9,603.0;425.3,612.7;389.5,619.1;371.1,675.9;393.3,740.0;407.5,617.9;403.2,526.2;403.2,521.9;406.9,479.2;463.1,520.0;476.4,551.5;437.5,528.9;370.1,523.4;316.1,526.8;311.6,492.7
174#429.3,658.6;444.4,599.4;428.1,609.4;392.6,613.8;367.1,666.1;389.4,732.1;410.4,613.2;405.8,524.6;405.8,519.9;407.6,477.2;462.1,526.5;473.8,557.4;439.3,527.2;372.9,521.9;318.1,527.4;312.1,495.3
175#420.9,653.8;436.0,595.9;430.9,606.0;395.7,608.5;363.0,656.3;385.6,724.2;413.3,608.5;408.3,523.0;408.3,517.9;408.3,475.2;461.1,533.0;471.2,563.2;441.0,525.5;375.6,520.4;320.2,528.0;312.7,497.8
176#413.3,670.5;413.3,660.0;430.1,598.9;396.4,596.8;358.5,641.0;381.7,693.7;413.3,598.9;409.1,518.9;409.1,512.6;403.8,473.6;447.0,537.8;463.8,565.2;440.6,523.1;377.5,512.6;331.2,529.4;312.2,502.1
177#417.9,681.6;417.9,619.8;426.4,587.8;398.7,585.6;366.7,621.9;379.5,666.7;411.5,585.6;407.2,511.0;407.2,506.7;405.1,468.3;454.1,540.9;462.7,562.2;439.2,515.3;375.2,506.7;326.2,530.2;313.4,506.7
178#419.0,685.0;416.7,624.9;421.3,581.0;391.3,576.4;368.2,588.0;375.1,634.2;407.5,578.7;405.2,504.8;407.5,500.2;407.5,460.9;458.3,541.8;460.6,555.6;435.2,507.1;377.4,502.5;331.2,532.5;312.7,509.4
179#415.7,689.3;415.7,624.6;415.7,571.5;381.0,569.2;378.7,624.6;362.6,661.6;399.5,571.5;404.2,497.5;406.5,492.9;407.6,447.9;466.5,543.8;459.6,543.8;434.2,499.9;376.4,490.6;341.8,525.3;311.7,511.4
180#415.7,689.4;415.7,624.7;415.7,571.5;381.0,569.2;378.7,624.7;362.5,661.7;399.5,571.5;404.2,497.5;406.5,492.9;412.2,447.8;468.9,543.7;459.7,543.7;434.2,499.8;376.4,490.5;341.7,525.2;314.0,511.4
181#418.3,687.7;413.7,623.2;411.4,560.9;374.5,556.3;374.5,618.5;372.2,657.8;390.6,558.6;402.2,484.8;404.5,477.8;414.8,442.1;473.7,560.9;457.5,535.5;432.1,489.4;369.9,477.8;337.6,517.1;307.6,507.8
182#426.9,679.4;416.0,613.7;407.8,550.8;372.2,545.3;366.7,602.7;375.0,652.0;391.4,548.0;402.3,465.9;405.0,460.5;421.5,413.9;443.4,526.1;451.6,523.4;435.1,474.1;366.7,460.5;325.7,493.3;309.3,507.0
183#429.2,669.3;417.9,601.3;406.6,536.2;366.9,533.3;369.8,573.0;366.9,641.0;386.8,536.2;403.7,451.2;403.7,445.6;425.0,393.2;446.2,530.5;451.9,510.7;437.7,459.7;366.9,439.9;318.8,471.0;310.3,510.7
184#439.5,655.5;418.9,590.6;401.2,522.7;365.8,522.7;362.8,581.7;365.8,652.6;383.5,522.7;404.1,434.2;407.1,428.3;430.7,381.1;448.4,525.7;451.4,496.2;436.6,446.0;374.6,422.4;324.5,475.5;309.7,513.9
185#445.9,641.5;423.3,582.0;397.8,508.3;358.1,505.5;360.9,579.2;366.6,650.0;377.9,508.3;400.6,423.3;406.3,414.8;436.0,368.1;448.8,522.5;448.8,485.7;437.4,437.5;366.6,406.3;324.1,468.7;318.4,511.2
186#448.9,641.9;423.4,582.2;397.8,508.3;358.0,505.5;360.8,579.3;366.5,650.4;377.9,508.3;400.6,423.0;406.3,414.5;434.7,371.9;448.9,522.5;448.9,485.6;437.6,437.3;366.5,406.0;323.9,468.5;318.2,511.1
187#460.0,632.3;431.4,569.2;397.0,497.5;356.8,491.8;354.0,574.9;348.2,635.1;376.9,494.6;402.7,411.5;408.4,405.8;431.4,362.8;451.4,517.6;442.8,477.4;437.1,428.7;371.2,394.3;333.9,368.5;366.9,341.3
188#469.8,618.8;432.4,556.4;391.8,484.7;354.4,481.6;348.2,565.8;345.1,631.3;373.1,484.7;404.3,406.7;407.4,397.3;426.2,353.7;448.0,506.5;435.5,472.2;435.5,422.3;376.2,391.1;373.1,338.1;371.6,311.6
