1#819.0,710.6;827.9,604.1;938.8,648.5;956.5,679.5;885.5,794.9;956.5,905.8;952.1,666.2;925.4,519.9;925.4,515.4;903.3,431.1;929.9,644.1;943.2,555.3;956.5,515.4;898.8,519.9;801.2,506.6;743.6,444.5
2#819.0,710.6;827.9,604.1;938.8,648.5;956.5,679.5;885.5,794.9;956.5,905.8;952.1,666.2;925.4,519.9;925.4,515.4;903.3,431.1;929.9,644.1;943.2,555.3;956.5,515.4;898.8,519.9;801.2,506.6;743.6,444.5
3#817.2,711.4;804.7,607.1;921.5,644.6;934.0,665.5;871.4,790.7;944.4,888.7;929.8,657.2;909.0,515.3;909.0,507.0;888.1,431.9;861.0,371.4;913.1,423.5;938.2,507.0;879.8,519.5;779.6,511.1;737.9,448.6
4#814.2,711.8;790.6,613.5;902.4,628.4;908.4,648.9;837.9,765.9;918.9,862.0;906.8,640.8;882.5,500.5;882.5,490.4;861.6,415.5;850.7,367.3;904.2,416.4;914.4,489.8;851.2,506.5;758.9,507.7;729.9,451.8
5#811.2,712.1;776.4,619.9;883.3,612.1;882.8,632.4;804.5,741.0;893.5,835.3;883.8,624.3;856.0,485.6;856.0,473.8;835.2,399.2;840.4,363.2;895.3,409.3;890.6,472.5;822.7,493.5;738.3,504.2;721.8,455.0
6#808.2,712.4;762.3,626.3;864.1,595.9;857.1,615.8;771.0,716.2;868.0,808.7;860.7,607.9;829.6,470.8;829.6,457.2;808.7,382.8;830.1,359.2;886.4,402.2;866.9,455.3;794.1,480.4;717.6,500.8;713.8,458.3
7#805.2,712.8;748.2,632.7;845.0,579.7;831.5,599.2;737.6,691.4;842.6,782.0;837.7,591.5;803.1,456.0;803.1,440.6;782.2,366.4;819.8,355.1;877.5,395.1;843.1,438.1;765.6,467.4;696.9,497.4;705.7,461.5
8#802.2,713.1;734.0,639.1;825.9,563.4;805.9,582.7;704.1,666.5;817.1,755.3;814.7,575.0;776.6,441.1;776.6,424.0;755.8,350.1;809.5,351.0;868.6,388.0;819.3,420.8;737.0,454.4;676.3,493.9;697.6,464.7
9#799.2,713.5;719.9,645.5;806.8,547.2;780.3,566.1;670.7,641.7;791.7,728.6;791.7,558.6;750.1,426.3;750.1,407.4;729.3,333.7;799.2,346.9;859.7,380.9;795.5,403.6;708.5,441.4;655.6,490.5;689.6,467.9
10#801.4,733.9;722.9,643.6;789.6,545.6;746.4,545.6;616.9,596.6;722.9,686.8;766.0,545.6;722.9,404.3;722.9,396.4;701.3,323.9;756.2,323.9;813.1,341.5;766.0,388.6;675.8,423.9;613.0,471.0;644.4,420.0
11#798.4,743.9;733.3,648.0;756.3,540.7;706.4,544.5;572.2,556.0;652.7,651.9;733.3,544.5;698.8,402.7;698.8,387.3;685.3,324.1;679.6,406.5;733.3,437.2;744.8,391.2;648.9,410.3;564.6,429.5;599.1,391.2
12#796.4,753.9;750.5,652.8;722.9,537.8;667.7,537.8;539.0,510.2;589.5,625.2;695.3,537.8;672.3,395.3;672.3,386.1;653.9,303.3;773.4,409.1;755.1,418.3;718.3,381.5;617.1,399.9;539.0,395.3;552.8,330.9
13#778.4,747.5;746.3,646.6;700.4,536.4;640.7,536.4;512.2,481.3;530.5,596.1;668.2,536.4;636.1,389.5;640.7,380.4;626.9,302.3;622.3,293.2;649.9,316.1;682.0,380.4;594.8,389.5;521.4,357.4;516.8,288.6
14#779.5,748.3;719.6,647.0;669.0,536.4;604.5,536.4;484.7,467.4;484.7,573.3;636.7,536.4;604.5,389.1;604.5,384.5;599.9,306.2;599.9,292.3;590.7,356.8;641.3,379.8;567.6,389.1;498.6,370.6;512.4,301.6
15#754.9,730.7;694.4,639.9;633.8,539.0;563.2,534.0;457.3,458.3;447.2,554.2;598.5,534.0;583.4,392.7;583.4,387.7;558.2,312.0;608.6,286.8;628.8,332.2;628.8,377.6;538.0,392.7;487.5,387.7;517.8,327.2
16#713.4,716.6;672.8,619.2;591.6,550.2;530.7,542.0;441.3,452.7;408.9,542.0;559.1,542.0;555.0,395.9;555.0,395.9;542.8,318.7;603.8,306.5;620.0,347.1;607.8,379.6;510.4,404.0;624.1,367.4;412.9,542.0
17#395.3,533.5;411.2,444.9;566.2,549.3;496.6,549.3;645.3,584.1;389.0,543.0;528.2,533.5;534.6,407.0;534.6,403.8;531.4,331.0;607.3,327.9;623.1,388.0;582.0,403.8;585.2,394.3;626.3,384.8;607.3,327.9
18#601.5,657.5;589.7,564.5;537.3,548.8;464.0,540.9;390.6,449.3;382.8,546.2;498.0,540.9;513.7,415.2;513.7,396.9;511.1,336.7;605.4,341.9;613.3,402.1;563.5,412.6;464.0,415.2;453.5,457.1;508.5,446.7
19#553.6,664.7;585.8,554.6;513.3,551.9;440.8,551.9;371.0,460.6;376.3,562.7;475.7,543.9;489.1,415.0;489.1,393.5;485.1,335.8;604.6,361.3;596.6,417.7;542.9,412.3;427.4,406.9;379.0,457.9;403.2,447.2
20#518.1,676.5;552.4,562.0;486.6,547.7;412.2,542.0;352.1,470.5;369.3,579.2;449.4,544.9;469.4,407.5;472.3,390.4;473.7,328.9;601.1,378.9;578.2,433.3;526.7,410.4;415.1,401.8;357.8,396.1;429.4,390.4
21#517.8,683.5;514.3,573.8;461.1,545.4;397.4,538.3;337.2,485.2;365.5,587.9;429.3,541.9;454.1,407.3;457.6,393.2;455.8,320.6;595.7,393.2;570.9,439.2;510.7,410.9;401.0,393.2;333.7,375.5;372.6,357.8
22#520.9,678.7;499.9,569.9;454.2,541.8;384.0,531.2;327.8,499.6;369.9,598.0;415.6,538.3;447.2,404.8;443.7,387.3;441.9,308.2;591.2,411.8;556.1,447.0;503.4,411.8;391.0,387.3;324.3,348.6;385.7,308.2
23#510.8,665.7;498.0,555.5;447.2,542.8;379.3,538.5;320.0,517.3;375.1,623.3;404.8,538.5;434.4,394.4;434.4,381.6;442.9,305.3;595.6,419.8;548.9,453.7;493.8,407.1;375.1,373.2;328.4,326.5;358.1,250.2
24#501.3,641.2;505.0,533.5;445.6,537.2;378.7,533.5;326.8,533.5;382.5,641.2;412.2,533.5;434.4,388.7;434.4,381.3;441.9,307.0;590.4,437.0;542.1,459.2;493.8,411.0;375.0,366.4;341.6,310.7;345.3,247.6
25#496.6,614.1;508.0,503.5;450.8,537.8;389.8,541.6;340.3,549.2;382.2,659.8;416.5,537.8;443.2,385.3;443.2,377.7;454.7,305.2;595.7,450.1;546.2,465.4;500.4,412.0;386.0,362.4;351.7,309.1;340.3,251.9
26#496.7,577.9;511.2,490.9;464.1,519.9;402.4,519.9;355.3,563.4;384.3,675.8;431.4,519.9;456.8,389.4;456.8,374.9;464.1,298.8;598.2,465.5;554.7,472.8;511.2,407.5;402.4,364.0;344.4,320.5;353.5,278.8
27#598.3,485.9;534.1,463.3;492.7,512.3;424.8,519.9;379.5,584.0;390.8,689.6;454.9,512.3;473.8,387.8;473.8,369.0;488.9,289.8;602.0,474.6;560.5,478.4;534.1,402.9;413.5,357.7;341.8,338.8;351.2,284.1
28#550.5,514.5;562.9,493.7;508.9,506.2;442.3,506.2;404.9,593.5;396.6,701.7;475.6,506.2;496.4,373.2;496.4,360.7;508.9,281.7;625.3,485.4;575.4,477.1;550.5,394.0;438.2,352.4;350.9,348.2;346.7,290.0
29#403.8,681.5;432.2,604.3;525.6,498.7;464.7,502.8;424.1,608.4;399.7,701.8;493.1,502.8;513.4,360.7;513.4,344.4;527.6,269.3;627.1,498.7;602.7,450.0;570.2,372.9;456.5,344.4;371.3,356.6;355.0,299.8
30#587.9,532.6;615.8,452.8;555.9,488.7;500.0,488.7;444.1,592.6;404.1,696.4;528.0,488.7;532.0,348.9;532.0,328.9;545.9,259.0;619.8,412.8;643.8,428.8;587.9,352.9;472.0,340.9;388.2,364.9;364.2,313.0
31#573.8,570.4;537.9,486.6;581.7,478.7;529.9,474.7;454.2,566.4;426.3,682.0;553.8,474.7;545.9,335.2;545.9,319.2;543.9,241.5;633.6,375.0;673.4,387.0;601.7,339.2;486.1,335.2;406.3,375.0;370.5,327.2
32#578.6,577.8;540.7,493.5;595.4,464.0;544.9,459.8;460.6,544.1;443.8,662.0;570.2,464.0;561.7,325.0;561.7,312.4;553.3,228.1;658.6,325.0;683.9,337.6;624.9,325.0;498.5,325.0;426.9,379.8;376.4,341.9
33#585.9,593.1;554.9,484.8;609.1,453.9;551.1,446.2;462.1,519.6;458.3,635.7;582.0,450.0;562.7,310.8;562.7,299.2;572.3,219.9;636.2,233.5;682.6,287.6;624.6,299.2;504.7,314.7;438.9,376.6;384.8,357.2
34#591.1,614.0;551.5,499.0;614.9,447.4;555.5,447.4;456.3,491.0;460.3,606.0;587.2,447.4;571.3,296.8;571.3,292.8;583.2,213.5;628.8,199.6;674.4,237.3;626.8,276.9;507.9,308.7;448.4,376.1;388.9,372.1
35#594.3,625.2;562.5,510.0;614.1,442.5;566.5,426.7;447.3,458.4;463.2,573.6;594.3,434.6;570.4,283.7;570.4,283.7;580.4,202.3;667.7,194.4;667.7,202.3;626.0,267.8;514.8,299.6;459.2,371.1;387.8,379.0
36#595.7,635.3;585.5,528.5;621.1,426.9;565.2,416.7;443.2,416.7;458.5,528.5;590.6,426.9;570.3,279.5;570.3,279.5;580.4,198.2;656.7,116.9;666.8,188.0;621.1,259.2;514.4,294.8;453.4,365.9;382.2,396.4
37#611.3,644.1;600.8,534.0;611.3,429.1;553.6,418.6;438.3,376.7;459.2,486.8;590.3,423.9;569.3,266.6;569.3,266.6;569.3,182.7;658.4,130.3;695.1,188.0;627.0,240.4;506.4,287.6;443.5,350.5;391.1,381.9
38#616.5,649.6;611.2,542.7;611.2,425.0;547.0,414.3;466.8,350.1;461.5,446.4;579.1,419.7;563.1,259.2;563.1,253.9;552.4,168.3;659.3,146.9;702.1,200.4;627.2,243.2;493.5,280.6;391.9,355.5;381.2,430.4
39#626.7,641.1;611.2,532.8;606.0,414.1;538.9,414.1;600.9,532.8;456.4,429.6;575.1,414.1;559.6,254.1;554.4,249.0;549.3,161.2;662.8,166.4;698.9,218.0;621.5,233.5;492.5,264.4;415.1,321.2;399.6,305.7
40#640.0,629.0;610.5,520.9;605.6,407.9;546.6,403.0;448.3,314.5;448.3,427.5;576.1,403.0;551.5,245.7;551.5,235.9;551.5,157.3;659.7,186.8;694.1,240.8;610.5,235.9;492.6,255.5;399.2,289.9;409.0,255.5
41#645.9,617.2;618.9,504.5;596.3,396.3;528.7,382.8;425.0,337.7;434.1,454.9;564.8,387.3;551.3,243.1;551.3,225.0;546.7,148.4;654.9,207.0;686.5,261.1;614.4,238.6;483.6,243.1;402.5,247.6;443.1,189.0
42#645.1,601.4;623.5,493.6;593.3,390.0;524.3,377.1;412.1,359.8;429.4,480.6;558.8,381.4;554.5,226.1;554.5,217.5;548.0,137.6;653.7,221.8;679.6,277.9;614.9,234.7;494.1,226.1;416.4,204.5;470.3,137.6
43#641.5,584.0;626.0,475.2;589.7,387.1;522.3,376.7;413.5,371.6;429.0,490.7;553.4,381.9;558.6,221.3;558.6,210.9;558.6,133.2;657.0,231.7;683.0,288.7;620.8,236.8;496.4,210.9;439.4,164.3;480.9,96.9
44#637.6,565.2;627.6,450.1;587.5,380.0;522.5,375.0;417.3,390.0;427.4,515.1;552.5,380.0;567.5,224.8;567.5,214.8;567.5,129.7;677.6,239.8;687.7,289.9;627.6,234.8;507.4,204.8;482.4,134.7;492.4,59.6
45#630.0,542.9;639.8,425.4;585.9,381.3;507.6,371.5;424.3,420.5;429.2,533.1;551.7,376.4;581.0,214.8;581.0,210.0;590.8,126.7;688.8,244.2;693.7,303.0;634.9,239.3;522.3,195.3;502.7,126.7;512.5,63.1
46#622.1,508.7;646.2,392.9;583.5,368.8;525.6,368.8;448.5,436.3;429.2,552.1;549.8,368.8;593.2,214.4;598.0,199.9;612.5,122.7;713.8,267.5;694.5,306.0;651.1,238.5;544.9,190.3;506.3,142.0;520.8,74.5
47#429.4,558.9;646.7,368.2;581.9,364.4;528.5,364.4;467.5,452.1;616.2,463.6;570.5,364.4;608.6,215.7;612.4,200.5;631.5,124.2;711.5,280.6;509.5,166.2;547.6,200.5;665.8,238.6;700.1,318.7;715.3,292.0
48#546.5,457.7;526.8,481.4;617.4,371.0;558.3,363.1;483.4,449.8;428.3,556.3;585.9,371.0;625.3,217.3;625.3,205.5;641.1,126.6;716.0,304.0;704.2,327.7;680.5,237.0;566.2,201.5;503.1,181.8;518.9,114.8
49#555.9,488.1;593.4,413.3;645.7,364.6;589.6,357.2;492.3,439.5;451.2,551.8;615.8,357.2;630.8,222.4;634.5,211.2;643.9,138.2;701.9,345.9;705.6,345.9;690.7,241.2;574.6,207.5;511.0,200.0;516.6,138.2
50#554.6,507.9;572.3,401.3;661.2,372.9;607.9,369.3;504.8,422.6;490.6,536.4;632.8,369.3;643.4,230.7;639.9,212.9;643.4,138.2;707.4,365.7;711.0,326.6;700.3,244.9;586.6,220.0;519.0,216.4;519.0,159.6
51#584.7,477.8;564.0,384.7;674.4,377.8;619.2,374.4;519.1,395.1;546.7,508.9;646.8,377.8;646.8,236.4;646.8,215.7;650.2,146.7;684.7,284.7;722.7,336.4;708.9,243.3;591.6,229.5;526.0,239.8;519.1,177.8
52#596.3,467.1;619.7,370.1;693.2,383.5;636.4,380.1;526.0,386.8;582.9,497.2;663.1,383.5;649.8,239.7;653.1,219.6;656.5,146.1;689.9,336.7;736.7,323.3;710.0,243.0;592.9,233.0;536.1,259.8;522.7,199.6
53#681.8,433.8;642.2,374.4;704.9,387.6;638.9,387.6;536.7,400.8;602.7,512.9;671.9,387.6;658.7,239.1;658.7,219.3;662.0,146.8;698.3,301.8;751.1,308.4;721.4,242.4;596.1,239.1;540.0,272.1;523.5,219.3
54#674.0,446.3;644.8,373.3;706.9,380.6;641.2,384.2;568.2,428.0;593.7,544.8;677.7,380.6;663.1,238.2;663.1,219.9;664.9,152.4;739.7,271.0;768.9,282.0;725.1,234.5;601.0,241.8;549.9,282.0;528.0,238.2
55#682.7,468.6;650.2,399.4;707.2,379.0;650.2,379.0;581.0,448.2;593.2,566.2;674.6,379.0;666.5,236.6;666.5,216.2;672.6,140.9;743.8,244.7;772.3,248.8;727.5,228.4;605.4,240.6;556.6,297.6;524.0,256.9
56#671.9,480.8;659.3,383.8;705.6,375.4;650.8,371.2;583.4,451.3;583.4,569.3;680.3,375.4;659.3,232.1;663.5,215.2;674.0,133.0;709.8,164.7;760.4,198.4;714.0,219.5;604.5,240.5;553.9,303.8;524.4,278.5
57#669.0,499.9;645.7,401.9;701.7,364.5;645.7,364.5;580.3,439.2;575.7,560.6;678.3,369.2;659.7,229.1;659.7,215.1;669.0,135.8;701.7,103.1;739.0,159.1;711.0,215.1;603.7,243.2;557.0,313.2;519.6,294.5
58#668.5,516.3;659.0,417.0;687.4,360.2;635.4,360.2;564.4,417.0;573.8,535.3;663.8,360.2;649.6,232.4;649.6,213.5;654.3,137.8;706.4,85.7;730.0,142.5;701.6,213.5;597.5,246.6;559.6,322.3;521.8,312.9
59#664.9,539.4;660.9,437.7;685.3,356.3;624.2,356.3;555.1,393.0;571.4,506.9;652.7,356.3;636.4,230.2;636.4,218.0;632.4,140.7;699.5,98.0;746.3,157.0;685.3,205.8;583.6,246.5;555.1,327.9;518.5,327.9
60#658.0,554.8;653.6,448.4;671.3,373.0;613.7,368.5;551.6,373.0;569.3,470.6;644.7,373.0;618.1,231.0;618.1,217.7;604.8,142.3;697.9,124.6;742.3,173.4;671.3,204.4;564.9,253.2;542.7,337.5;507.2,350.8
61#651.3,577.7;655.7,470.8;660.2,372.7;597.8,368.3;637.9,470.8;646.8,564.4;624.5,368.3;597.8,230.1;597.8,216.7;579.9,141.0;695.8,154.3;722.6,194.4;646.8,207.8;548.7,256.8;526.5,346.0;508.6,377.2
62#657.8,590.5;649.0,484.9;644.6,374.8;578.6,374.8;635.8,489.3;649.0,572.9;613.8,374.8;578.6,229.5;574.2,211.9;558.8,134.9;688.7,181.1;710.7,220.7;627.0,203.1;525.8,251.5;503.8,344.0;486.1,392.4
63#650.4,599.0;641.1,492.3;627.2,376.2;571.5,376.2;627.2,496.9;655.0,589.8;599.3,376.2;562.2,227.6;557.5,209.1;541.3,127.8;682.9,199.8;696.8,241.6;617.9,209.1;501.8,246.2;483.3,329.8;478.6,371.6
64#651.0,592.7;631.7,486.2;607.5,370.0;544.5,374.9;534.9,457.1;641.3,578.1;573.6,374.9;549.4,224.8;544.5,205.5;534.9,128.0;680.1,224.8;680.1,253.9;607.5,215.2;486.5,239.4;447.7,312.0;476.8,345.8
65#653.4,579.9;635.9,474.9;583.4,361.2;522.2,365.5;535.3,448.7;539.7,496.8;552.8,365.5;539.7,221.2;535.3,199.3;526.6,124.9;666.6,243.0;662.2,264.9;600.9,212.4;474.1,225.5;417.2,286.8;478.4,273.7
66#660.6,567.9;640.5,455.3;564.1,358.8;507.8,362.8;568.1,415.1;540.0,507.6;535.9,362.8;531.9,218.0;531.9,197.9;521.9,119.5;668.7,266.3;652.6,282.4;600.3,218.0;467.6,222.1;395.2,254.2;447.5,238.1
67#669.6,551.6;653.4,442.0;547.9,360.9;499.2,365.0;568.2,417.7;535.7,527.2;527.6,365.0;531.7,218.9;531.7,198.6;521.5,127.6;665.6,287.9;645.3,296.0;596.6,218.9;470.8,210.8;393.8,210.8;479.0,206.7
68#674.1,530.0;662.0,416.6;544.4,359.8;495.8,367.9;560.7,436.8;536.3,554.4;520.1,363.9;528.2,213.9;528.2,201.8;514.1,122.8;682.2,299.0;641.7,299.0;589.0,226.1;471.5,201.8;406.7,169.4;465.4,130.9
69#662.8,503.3;670.7,391.6;539.1,363.7;487.3,375.7;543.1,467.4;535.1,583.1;515.2,367.7;527.2,208.2;523.2,200.2;509.2,134.4;650.8,323.8;634.8,299.9;583.0,224.1;467.3,192.2;421.5,142.4;421.5,134.4
70#650.1,471.5;677.8,365.4;553.3,365.4;488.7,379.3;525.6,489.9;530.2,609.8;516.4,370.1;521.0,217.9;521.0,204.0;502.6,121.0;640.9,328.6;631.7,305.5;576.4,222.5;465.7,199.4;440.3,109.5;440.3,100.3
71#627.4,444.5;675.5,338.6;555.2,362.7;483.1,377.1;507.1,507.0;531.2,622.4;516.7,372.3;516.7,208.7;516.7,203.9;492.7,117.3;622.6,319.4;632.2,285.7;579.3,218.4;463.8,199.1;435.0,122.1;451.8,86.1
72#612.2,428.1;671.9,319.6;552.5,363.0;487.4,379.3;498.3,514.9;514.6,639.7;520.0,368.4;520.0,211.1;514.6,205.6;498.3,124.2;590.5,281.6;639.4,276.2;579.7,216.5;465.7,194.8;416.9,151.4;449.5,97.1
73#612.5,421.8;664.9,312.6;555.7,369.4;485.8,386.9;494.5,509.2;485.8,622.8;520.7,373.8;516.3,220.9;512.0,203.4;492.3,126.9;586.2,247.1;629.9,255.8;573.1,216.5;455.2,207.8;415.8,181.5;457.4,135.7
74#617.8,436.9;664.1,327.5;554.7,369.6;487.4,386.4;479.0,512.6;462.2,617.8;521.1,373.8;508.4,218.1;508.4,205.5;489.5,136.1;563.1,209.7;613.6,222.3;571.6,213.9;453.8,218.1;424.3,209.7;449.5,155.0
75#625.7,480.3;666.0,368.3;558.4,372.8;482.3,386.2;459.9,511.7;450.9,619.2;518.1,377.3;504.7,216.0;500.2,207.0;489.0,128.6;549.5,157.7;594.3,189.1;562.9,202.5;437.5,225.0;433.0,233.9;464.4,202.5
76#628.3,526.2;657.6,413.8;555.1,384.5;481.8,389.4;452.5,501.8;437.8,614.1;520.9,384.5;496.4,223.3;496.4,213.6;481.8,130.5;535.5,120.8;574.6,154.9;550.2,203.8;437.8,233.1;423.2,267.3;447.6,218.5
77#622.5,552.3;636.9,441.6;550.3,379.1;483.0,393.5;434.9,494.6;430.1,605.2;516.6,388.7;487.8,225.2;487.8,215.5;478.2,133.8;514.2,97.7;550.3,133.8;540.7,205.9;434.9,239.6;415.6,292.5;420.4,249.2
78#621.5,575.1;616.9,460.5;548.1,387.2;474.8,391.7;419.8,483.4;428.9,593.4;511.5,391.7;484.0,231.3;484.0,217.6;474.8,139.6;465.6,245.1;536.7,119.0;534.4,213.0;428.9,240.5;410.6,309.2;419.8,249.6
79#618.2,597.6;586.9,488.2;534.9,389.2;472.4,394.4;389.0,451.7;430.7,566.3;508.8,389.2;472.4,232.9;472.4,222.5;467.1,139.2;511.4,74.0;534.9,144.4;524.4,217.3;420.3,248.5;415.1,321.5;399.4,279.8
80#619.2,610.9;571.5,505.0;529.1,388.4;465.6,399.0;364.9,430.8;423.2,536.8;497.4,393.7;460.3,234.8;460.3,224.2;449.7,144.8;507.9,113.0;523.8,160.7;513.2,213.6;407.3,256.0;386.1,319.6;370.2,298.4
81#619.2,614.9;574.1,507.8;517.7,400.7;461.4,406.4;343.0,406.4;410.6,507.8;489.5,400.7;450.1,242.9;450.1,242.9;438.8,147.1;512.1,147.1;529.0,197.8;506.5,231.6;399.4,254.2;343.0,299.3;382.4,316.2
82#612.1,608.8;572.5,503.1;506.4,415.0;436.0,415.0;339.1,384.2;396.3,489.9;471.2,415.0;444.8,260.9;440.4,247.7;436.0,168.4;510.8,172.8;524.1,225.6;502.0,243.3;391.9,265.3;321.5,269.7;369.9,212.4
83#591.4,591.9;556.1,486.2;494.5,424.5;424.0,437.7;340.3,376.0;371.1,495.0;459.2,424.5;432.8,270.3;437.2,265.9;432.8,186.7;512.1,213.1;520.9,257.1;485.6,261.5;384.4,274.7;318.3,257.1;353.5,186.7
84#558.0,566.0;338.3,386.9;409.3,424.0;402.5,434.2;537.7,464.6;345.1,505.1;443.1,427.4;436.3,285.5;432.9,278.8;426.2,204.4;343.4,182.5;338.3,248.3;385.6,285.5;487.0,278.8;334.9,251.7;510.6,238.2
85#529.2,541.4;519.5,445.3;471.5,448.5;404.2,448.5;346.5,426.1;330.5,531.8;442.6,448.5;433.0,297.9;429.8,288.2;429.8,217.7;513.1,259.4;513.1,297.9;487.5,297.9;375.3,294.7;340.1,259.4;320.8,208.1
86#505.5,515.0;508.8,421.8;475.5,458.4;405.7,468.4;335.8,455.1;322.5,568.2;445.6,461.8;429.0,305.4;429.0,302.1;442.3,228.9;505.5,262.2;498.8,278.8;485.5,312.1;375.7,302.1;332.5,285.5;335.8,222.3
87#493.2,508.3;417.1,461.2;475.1,472.1;417.1,472.1;340.9,482.9;315.5,599.0;446.1,472.1;431.6,319.7;431.6,316.1;457.0,239.9;507.7,305.2;435.2,319.7;486.0,319.7;380.8,316.1;319.1,305.2;333.6,258.1
88#449.4,528.2;413.4,495.8;474.6,477.8;417.0,477.8;345.0,513.8;319.9,628.9;445.8,477.8;442.2,326.7;445.8,315.9;463.8,244.0;521.3,351.9;514.1,387.9;503.3,326.7;388.2,323.1;319.9,330.3;327.1,287.1
89#439.7,529.9;484.5,451.5;484.5,477.6;413.6,473.9;353.9,552.2;324.0,649.3;450.9,473.9;450.9,332.0;454.7,313.4;467.7,251.8;499.4,361.9;525.6,395.5;503.2,332.0;391.2,332.0;327.8,358.2;331.5,317.1
90#453.0,568.5;460.1,500.5;492.4,468.3;435.1,464.7;360.0,547.0;324.2,657.9;463.7,468.3;453.0,328.7;456.6,310.8;469.1,237.5;517.4,371.7;549.6,396.7;510.2,328.7;392.2,332.3;338.5,378.8;334.9,335.9
91#453.0,595.9;464.1,510.5;486.4,473.4;427.0,473.4;363.9,551.3;337.9,659.0;456.7,473.4;456.7,328.6;456.7,310.0;469.7,233.9;538.4,365.7;582.9,376.8;512.4,324.9;397.3,332.3;345.3,395.4;334.2,350.8
92#455.5,615.2;467.0,512.1;489.9,474.0;436.5,470.1;375.4,542.7;352.5,645.8;467.0,474.0;459.4,332.7;463.2,309.8;468.9,242.9;547.2,348.0;600.6,355.6;520.5,325.0;398.3,336.5;356.3,409.0;337.2,370.9
93#459.0,637.1;466.9,533.5;494.8,473.7;435.0,473.7;387.2,525.5;367.3,633.1;462.9,473.7;466.9,334.1;466.9,310.2;476.9,240.5;538.7,306.2;602.5,326.2;530.7,322.2;399.2,338.1;367.3,421.8;339.4,393.9
94#459.4,668.4;477.0,566.9;494.7,483.0;432.9,474.1;402.0,500.6;388.7,597.8;459.4,478.5;468.2,332.8;468.2,310.7;481.5,240.1;547.7,240.1;591.9,297.5;525.6,315.1;406.4,341.6;371.1,425.5;335.7,412.3
95#460.0,685.5;478.2,585.1;491.9,480.1;428.0,466.4;400.6,562.2;405.2,575.9;460.0,475.5;464.5,324.9;469.1,311.2;487.4,238.2;565.0,219.9;578.7,283.8;523.9,306.6;396.1,338.6;368.7,425.3;327.6,439.0
96#464.1,703.0;477.9,592.5;487.1,477.4;431.9,459.0;399.7,445.2;459.5,528.1;459.5,472.8;464.1,320.9;464.1,307.1;487.1,228.8;565.4,242.7;588.4,297.9;524.0,307.1;395.1,330.1;362.8,417.6;321.4,463.6
97#473.0,707.2;482.2,595.9;491.5,470.6;426.6,456.6;459.0,595.9;463.7,693.3;454.4,461.3;459.0,317.4;463.7,303.5;484.6,217.6;570.4,261.7;589.0,317.4;524.0,303.5;389.4,317.4;347.7,400.9;329.1,461.3
98#484.0,699.5;493.0,592.1;479.6,457.9;416.9,449.0;479.6,574.2;470.6,677.2;448.2,457.9;461.7,305.8;466.1,296.8;481.8,223.0;569.1,292.3;578.0,337.1;519.8,305.8;399.0,305.8;331.9,368.4;340.8,408.7
99#494.7,675.9;516.1,569.2;473.4,454.0;413.7,449.7;443.5,522.2;345.4,573.5;443.5,454.0;460.6,308.9;464.9,291.8;492.6,225.6;567.3,308.9;558.8,355.8;520.3,308.9;400.9,304.6;324.0,347.3;392.3,343.0
100#525.5,653.5;544.6,538.8;471.9,454.6;418.4,450.8;491.0,481.4;468.1,588.5;445.1,450.8;464.3,305.5;471.9,290.2;492.9,215.6;571.3,339.9;548.4,374.3;525.5,313.1;406.9,297.8;334.2,320.8;368.7,324.6
101#559.9,622.0;567.6,506.2;467.2,444.4;420.8,444.4;490.3,502.3;467.2,614.3;440.1,444.4;478.8,301.5;478.8,293.8;492.3,218.5;575.3,359.5;552.1,394.2;532.8,313.1;428.6,286.1;351.3,290.0;401.5,293.8
102#588.4,593.7;580.8,475.7;474.3,445.3;421.0,456.7;481.9,529.0;466.7,635.5;440.0,456.7;481.9,304.5;481.9,293.1;499.0,222.7;580.8,376.8;554.2,395.8;531.3,315.9;428.6,289.3;447.6,350.2;497.1,354.0
103#609.9,558.9;592.1,447.7;472.0,443.3;414.1,447.7;476.4,545.6;467.5,665.7;440.8,447.7;494.2,300.9;489.8,292.0;503.1,211.9;596.6,403.2;569.9,412.1;543.2,314.2;440.8,283.1;409.7,234.1;465.3,196.3
104#597.4,528.2;589.0,409.9;487.6,435.2;424.2,443.7;458.0,570.4;466.4,676.0;458.0,443.7;500.2,291.6;500.2,283.1;512.9,202.9;563.6,367.6;593.2,384.5;555.2,308.5;449.5,262.0;415.7,224.0;468.6,188.1
105#567.7,501.1;587.0,399.5;499.9,452.7;437.0,452.7;446.7,583.4;466.1,694.6;470.9,447.9;509.6,288.2;509.6,283.4;524.1,206.0;577.3,346.3;616.0,365.7;567.7,307.6;456.4,268.9;432.2,206.0;473.3,155.2
106#550.0,488.3;580.7,390.9;503.8,442.2;452.5,452.4;452.5,580.6;452.5,693.4;478.2,452.4;514.1,288.4;519.2,283.2;539.7,211.5;591.0,329.4;626.9,339.6;565.3,298.6;473.1,273.0;457.7,175.6;470.5,152.5
107#440.2,692.6;460.4,581.9;515.7,456.0;455.3,456.0;455.3,576.8;440.2,687.6;490.5,456.0;525.8,295.0;530.8,289.9;545.9,214.4;581.1,259.7;626.4,315.1;581.1,305.0;480.5,279.9;472.9,161.6;462.9,151.5
108#553.7,552.3;540.4,468.5;536.0,450.8;469.9,459.7;456.6,587.6;443.4,693.4;500.7,455.3;531.6,296.5;536.0,296.5;544.8,221.5;575.7,239.2;615.4,296.5;580.1,305.3;483.1,278.8;461.1,221.5;472.1,179.6
109#559.7,573.6;521.1,577.5;544.2,465.5;482.4,461.6;451.5,585.2;436.1,685.7;513.3,465.5;540.4,310.9;544.2,299.3;552.0,225.9;571.3,260.7;609.9,303.2;594.5,314.8;490.2,291.6;447.7,249.1;468.9,212.4
110#541.9,598.4;558.2,517.0;554.1,484.5;485.0,476.3;444.3,574.0;440.2,659.4;521.6,480.4;546.0,317.7;546.0,317.7;554.1,236.3;578.5,297.3;607.0,329.9;602.9,325.8;489.0,309.5;444.3,277.0;478.9,218.0
111#524.1,626.0;557.8,536.2;565.3,487.6;505.4,483.9;434.4,551.2;438.1,652.2;535.4,487.6;554.1,330.5;554.1,319.3;563.4,246.4;576.5,352.9;602.7,371.6;606.4,334.2;497.9,323.0;445.6,300.6;473.6,246.4
112#524.8,653.0;550.2,547.6;575.7,496.7;513.9,485.8;430.3,529.4;437.6,634.9;546.6,496.7;557.5,340.4;557.5,329.5;563.0,262.3;583.0,365.9;619.3,387.7;612.0,344.1;503.0,329.5;448.5,325.9;477.5,275.0
113#524.6,675.2;550.9,581.4;573.4,513.9;513.4,495.2;427.1,498.9;445.9,611.4;543.4,502.7;562.1,345.2;562.1,330.2;556.5,275.8;588.4,382.7;625.9,405.2;618.4,348.9;509.6,341.4;460.9,352.7;479.6,300.2
114#517.6,707.7;553.1,605.2;576.7,518.4;513.6,490.8;419.0,479.0;458.4,581.5;545.2,506.6;564.9,352.8;561.0,337.0;551.1,275.9;596.4,392.2;635.9,415.9;620.1,352.8;505.7,348.9;497.9,447.4;497.9,352.8
115#520.7,730.7;547.3,624.0;582.9,521.8;529.6,504.0;427.3,455.1;471.8,561.8;556.2,512.9;556.2,357.3;560.7,335.1;545.1,270.6;600.7,419.6;645.1,428.4;622.9,357.3;502.9,357.3;498.4,428.4;516.2,437.3
116#532.2,738.4;541.9,621.9;600.1,505.5;551.6,490.9;425.4,452.1;488.5,554.0;571.0,495.8;561.3,355.0;556.4,340.4;544.3,260.4;595.3,418.1;653.5,422.9;619.5,350.1;503.0,355.0;493.3,432.7;507.9,413.2
117#518.7,728.1;547.7,611.9;601.0,495.7;542.9,486.0;426.7,466.6;489.6,573.1;571.9,490.8;562.3,345.6;557.4,331.0;535.6,246.3;605.8,413.4;659.1,408.5;620.4,340.7;504.2,350.4;480.0,427.9;465.4,394.0
118#516.8,719.8;555.2,621.7;597.9,506.6;542.4,485.2;435.8,498.0;495.5,608.9;572.3,498.0;568.0,340.2;559.5,314.6;544.5,252.8;614.9,395.7;674.6,382.9;627.7,331.7;508.3,344.5;469.9,425.5;478.4,412.7
119#527.3,711.2;557.9,606.4;606.0,492.8;540.4,479.7;448.7,514.6;496.8,632.6;575.4,492.8;571.0,331.1;566.7,309.3;555.7,245.9;627.8,374.8;689.0,357.3;623.5,322.4;518.6,335.5;448.7,387.9;488.0,339.9
120#549.1,710.5;563.4,601.2;615.7,491.9;553.9,477.6;463.6,534.6;496.8,653.5;582.4,482.3;577.7,320.7;577.7,311.2;561.0,223.3;629.9,306.5;696.5,325.5;634.7,311.2;525.4,325.5;458.8,354.0;501.6,306.5
121#575.1,711.4;579.6,592.8;625.2,478.8;561.4,465.1;488.4,556.4;497.6,674.9;593.3,474.3;593.3,305.5;588.8,301.0;577.4,221.1;650.3,230.3;698.2,282.7;643.5,296.4;534.0,314.6;488.4,314.6;529.5,269.0
122#616.2,708.9;601.3,594.4;631.2,469.9;571.4,459.9;516.7,574.4;501.7,689.0;601.3,469.9;601.3,300.6;606.3,300.6;591.3,216.0;663.5,188.6;690.9,250.8;656.1,290.7;546.5,300.6;541.6,275.7;571.4,221.0
123#652.7,695.6;623.2,592.5;647.8,469.9;584.0,460.1;525.1,572.9;495.7,685.8;618.3,469.9;613.4,298.2;618.3,303.1;613.4,209.9;674.8,192.7;691.9,239.3;667.4,288.4;559.5,303.1;569.3,278.5;608.5,229.5
124#692.0,691.1;654.4,587.7;663.8,474.9;607.4,465.5;522.9,559.5;504.1,681.7;635.6,470.2;626.2,305.8;626.2,301.1;626.2,216.5;685.0,204.7;710.8,263.5;677.9,291.7;569.9,310.5;593.3,296.4;602.7,258.8
125#720.2,703.9;686.5,593.1;676.8,467.9;619.0,467.9;517.9,544.9;542.0,641.3;652.8,467.9;638.3,313.7;638.3,308.9;623.9,227.0;686.5,227.0;715.4,280.0;691.3,299.3;580.5,318.6;585.3,323.4;614.2,280.0
126#753.3,711.0;719.7,600.7;695.7,476.1;633.4,476.1;523.1,519.2;580.7,610.3;667.0,476.1;643.0,317.8;643.0,313.0;633.4,231.5;686.1,250.7;724.5,293.9;700.5,308.2;585.4,322.6;580.7,351.4;604.6,298.7
127#782.6,712.5;752.6,601.2;714.1,481.3;649.9,481.3;534.3,498.5;615.6,579.8;679.8,481.3;645.6,327.2;645.6,314.4;634.9,239.4;688.4,271.6;722.6,322.9;697.0,318.6;589.9,331.5;585.6,374.3;607.0,322.9
128#814.0,701.3;777.2,595.1;724.1,480.6;662.8,484.7;540.2,488.8;654.6,558.3;691.4,484.7;650.5,333.6;650.5,313.1;640.3,253.9;691.4,292.7;736.3,358.1;699.6,321.3;589.2,337.6;597.4,394.8;617.8,341.7
129#841.2,681.0;803.4,582.7;735.3,480.7;671.1,488.2;553.9,492.0;682.4,560.0;701.3,484.5;652.2,333.3;648.4,318.2;646.5,267.1;682.4,374.9;739.1,371.1;708.9,318.2;588.0,340.8;603.1,412.7;629.5,378.6
130#860.0,665.8;824.4,566.2;739.0,473.6;675.0,487.9;571.8,519.9;682.1,587.5;703.4,484.3;653.6,334.9;653.6,317.1;651.8,272.6;696.3,377.6;746.1,377.6;710.5,320.6;589.6,342.0;603.8,423.8;625.1,391.8
131#877.0,654.8;841.2,544.1;744.8,469.1;676.9,486.9;601.9,547.7;701.9,629.8;709.1,476.2;655.5,333.3;655.5,311.9;657.3,270.8;734.1,390.5;759.1,386.9;712.6,322.6;594.8,344.0;598.3,429.8;616.2,390.5
132#884.3,633.9;853.8,519.5;739.4,469.9;670.7,488.9;624.9,569.0;712.6,668.2;705.0,481.3;663.1,340.2;663.1,317.3;665.0,258.2;739.4,386.0;773.7,389.8;720.3,332.6;594.4,347.8;571.5,424.1;613.5,401.2
133#876.4,610.8;856.7,500.5;734.5,472.9;667.6,500.5;651.8,595.0;714.8,693.5;699.1,484.7;667.6,346.8;667.6,323.2;665.6,262.1;742.4,374.4;793.6,390.2;726.7,338.9;596.7,354.7;545.5,417.7;588.8,378.3
134#856.1,591.0;856.1,481.0;730.3,481.0;671.4,512.4;675.3,622.5;714.6,716.8;698.9,496.7;671.4,347.4;671.4,331.7;677.3,274.7;750.0,355.2;808.9,378.8;734.3,339.5;608.5,347.4;526.0,398.5;561.4,355.2
135#829.1,569.6;848.0,461.1;730.1,489.4;673.5,517.7;697.1,635.6;715.9,734.7;701.8,503.6;673.5,352.6;678.2,338.5;682.9,258.3;800.8,319.6;824.4,371.5;739.5,343.2;612.2,347.9;527.3,366.8;555.6,310.2
136#802.0,550.9;830.9,449.9;729.9,498.0;667.4,526.9;701.0,642.3;710.6,748.1;696.2,512.4;681.8,348.9;681.8,348.9;689.0,264.8;811.6,324.9;830.9,368.2;744.3,348.9;624.1,348.9;537.5,344.1;537.5,276.8
137#775.7,546.7;813.4,446.2;733.8,509.0;671.0,529.9;683.5,655.6;691.9,756.2;704.5,525.8;687.7,358.2;687.7,345.6;685.6,289.0;813.4,345.6;838.5,387.5;750.6,358.2;629.1,354.0;545.3,354.0;543.2,289.0
138#757.6,564.4;800.5,461.3;736.1,504.3;671.7,525.8;667.4,646.0;688.9,740.5;706.0,508.6;693.1,366.9;693.1,362.6;691.0,283.1;813.4,371.2;834.9,409.8;757.6,371.2;637.3,362.6;542.8,375.5;538.5,315.3
139#749.8,601.1;781.2,499.2;742.0,495.3;683.2,507.0;651.9,628.5;679.3,718.6;714.5,503.1;691.0,369.9;691.0,366.0;693.0,301.3;800.7,401.2;816.4,436.5;745.9,373.8;640.1,369.9;546.1,385.6;538.2,334.6
140#751.7,635.1;762.8,542.4;740.6,490.5;677.6,505.4;647.9,609.2;670.1,687.0;714.6,498.0;696.1,371.9;696.1,371.9;694.2,299.6;818.4,438.6;803.6,449.8;744.3,375.6;647.9,368.2;547.8,397.9;540.4,353.4
141#759.0,664.0;745.4,558.7;731.8,501.0;674.1,504.4;646.9,582.5;660.5,660.6;704.7,501.0;697.9,378.7;697.9,375.3;696.2,305.7;810.0,467.0;793.0,456.9;748.8,382.1;643.5,378.7;551.8,416.1;534.8,378.7
142#764.1,695.2;743.3,598.4;733.0,501.6;667.3,494.7;639.6,543.1;653.4,629.5;701.8,501.6;694.9,384.1;694.9,380.6;696.7,313.2;802.1,456.7;798.6,470.5;746.8,384.1;639.6,380.6;563.6,429.0;542.8,397.9
143#764.2,724.9;738.9,620.0;728.0,511.6;663.0,504.3;644.9,591.1;648.5,649.0;691.9,504.3;691.9,388.7;695.5,381.4;708.2,325.4;800.3,457.3;796.7,468.2;746.1,388.7;634.0,385.0;561.7,442.9;540.0,414.0
144#754.0,740.3;726.3,621.7;722.3,526.9;655.2,523.0;659.1,625.7;631.5,677.1;686.8,523.0;690.7,392.6;690.7,388.6;716.4,319.5;805.3,515.1;785.6,471.6;746.0,396.5;631.5,388.6;568.2,447.9;536.6,432.1
145#734.6,746.3;722.5,637.4;710.4,536.7;654.0,528.6;658.0,645.5;649.9,689.9;682.2,532.6;686.2,391.5;686.2,383.5;708.4,317.0;766.8,484.3;787.0,476.2;742.6,399.6;629.8,387.5;577.4,443.9;533.0,452.0
146#724.0,746.7;707.3,629.6;698.9,520.8;640.4,512.5;657.1,583.6;657.1,696.5;665.5,516.7;686.4,387.0;686.4,374.4;705.2,305.4;774.2,508.3;782.6,470.6;744.9,395.3;619.4,382.8;560.9,433.0;531.6,458.1
147#717.4,737.3;700.4,626.8;687.6,520.5;632.4,516.3;657.9,601.3;653.6,720.3;657.9,516.3;683.4,384.5;683.4,367.5;702.5,301.6;768.4,516.3;781.1,465.3;747.1,397.3;619.6,376.0;543.1,422.8;534.6,482.3
148#728.2,734.1;702.0,624.7;680.1,515.3;618.8,515.3;658.2,615.9;653.8,725.4;649.4,515.3;680.1,379.6;684.5,357.7;708.5,285.5;767.6,528.4;772.0,467.1;741.4,392.7;623.2,362.1;518.1,397.1;557.5,366.5
149#739.8,720.7;704.2,622.8;677.5,516.0;606.3,516.0;646.3,622.8;650.8,734.0;641.9,516.0;677.5,369.2;681.9,351.4;706.4,282.4;762.0,524.9;757.6,462.6;739.8,387.0;624.1,351.4;521.7,360.3;588.5,306.9
150#760.3,717.2;712.5,616.7;674.2,511.4;597.6,511.4;635.9,635.8;645.5,750.7;635.9,511.4;674.2,367.7;679.0,353.4;705.3,274.4;750.8,525.7;736.4,468.3;736.4,386.9;611.9,343.8;559.3,315.1;600.0,274.4
151#769.7,701.1;716.2,608.7;653.0,482.2;594.6,492.0;614.1,642.7;633.5,754.6;628.7,487.1;667.6,370.4;672.4,355.8;689.5,265.8;740.5,530.9;716.2,472.5;721.1,380.1;614.1,355.8;580.0,453.1;565.4,530.9
