1#831.6,844.1;826.8,729.4;903.3,657.7;841.2,667.3;817.3,772.4;826.8,867.9;869.8,662.5;822.1,528.8;822.1,528.8;793.4,461.9;807.7,380.7;831.6,457.1;855.5,509.6;783.8,552.6;769.5,457.1;774.3,395.0
2#831.6,842.6;826.9,728.6;902.9,652.6;841.1,666.9;817.4,771.4;826.9,871.1;869.6,662.1;822.1,529.1;822.1,529.1;793.6,462.6;807.9,381.9;831.6,453.1;855.4,505.4;779.4,552.9;769.9,457.9;774.6,396.1
3#826.9,843.6;826.9,729.6;902.9,658.4;836.4,672.6;817.4,772.4;826.9,867.4;869.6,663.1;822.1,530.1;822.1,530.1;793.6,463.6;807.9,382.9;831.6,454.1;855.4,511.1;779.4,553.9;769.9,458.9;774.6,397.1
4#831.6,841.7;826.9,728.1;902.6,657.1;836.4,671.3;817.4,770.7;826.9,870.1;869.5,661.8;822.2,529.3;822.2,529.3;793.8,463.1;808.0,382.6;831.6,458.3;855.3,510.4;779.6,553.0;770.1,458.3;774.8,396.8
5#829.6,842.6;824.9,728.6;900.9,657.4;834.4,671.6;815.4,771.4;829.6,871.1;867.6,666.9;820.1,529.1;820.1,529.1;796.4,462.6;805.9,381.9;834.4,453.1;858.1,510.1;782.1,548.1;772.6,457.9;777.4,396.1
6#834.4,847.4;824.7,730.8;897.6,662.8;834.4,672.5;815.0,774.5;829.6,871.7;863.6,667.6;819.9,526.7;819.9,531.6;795.6,463.5;805.3,380.9;829.6,453.8;858.7,512.1;781.0,546.1;771.3,453.8;776.1,395.5
7#833.4,847.1;823.7,730.2;891.9,662.0;828.6,671.7;818.8,778.9;828.6,871.5;862.7,666.8;818.8,530.4;818.8,530.4;794.5,462.2;804.2,379.3;833.4,452.4;857.8,515.8;775.0,545.0;770.1,457.3;775.0,394.0
8#828.6,846.7;823.7,730.0;891.8,661.9;828.6,671.6;814.0,773.8;828.6,871.1;862.6,666.7;818.8,530.5;818.8,530.5;794.5,462.4;804.2,379.7;833.4,452.6;857.8,515.9;779.9,550.0;770.2,457.5;775.0,394.3
9#830.4,844.2;820.8,729.0;888.0,657.0;820.8,671.4;816.0,777.0;830.4,868.2;854.4,666.6;816.0,527.5;816.0,527.5;792.0,460.3;801.6,383.5;830.4,450.7;859.2,513.1;777.6,546.7;768.0,455.5;772.8,397.9
10#820.6,846.4;811.0,765.1;873.2,650.3;815.8,669.4;806.3,769.8;825.4,870.3;844.5,664.6;815.8,530.7;815.8,525.9;791.9,458.9;801.5,382.4;830.2,444.6;858.9,511.5;777.6,545.0;763.2,458.9;772.8,396.7
11#813.3,825.4;795.4,740.6;866.9,642.4;808.8,655.8;786.5,754.0;817.8,843.3;835.6,646.8;817.8,512.9;817.8,512.9;791.0,450.4;799.9,379.0;831.2,432.5;858.0,504.0;773.1,530.8;759.7,454.9;773.1,392.4
12#811.6,808.4;793.7,723.2;857.0,626.8;797.7,639.1;769.4,723.9;803.0,812.8;825.3,630.8;806.3,496.1;806.7,496.5;779.9,433.9;791.1,364.0;824.6,416.4;846.9,486.8;761.2,513.3;744.8,439.6;760.1,377.8
13#809.9,791.4;791.9,705.8;847.0,611.2;786.6,622.4;752.3,693.7;788.1,782.4;815.0,614.9;794.9,479.3;795.6,480.1;768.8,417.5;782.2,349.0;818.0,400.3;835.9,469.6;749.4,495.7;730.0,424.2;747.1,363.1
14#808.1,774.5;790.2,688.4;837.1,595.6;775.6,605.6;735.2,663.6;773.3,751.9;804.6,598.9;783.4,462.5;784.6,463.6;757.7,401.0;773.4,334.0;811.5,384.2;824.8,452.5;737.5,478.2;715.1,408.9;734.2,348.5
15#806.4,757.5;788.5,671.0;827.2,580.0;764.5,588.9;718.1,633.4;758.5,721.4;794.3,582.9;772.0,445.7;773.5,447.2;746.6,384.6;764.5,319.0;804.9,368.1;813.7,435.3;725.7,460.7;700.2,393.6;721.2,333.9
16#804.7,740.5;786.8,653.6;817.2,564.4;753.4,572.2;701.0,603.3;743.6,691.0;784.0,567.0;760.5,428.9;762.4,430.8;735.5,368.1;755.7,304.0;798.3,352.0;802.7,418.1;713.8,443.1;685.4,378.2;708.2,319.3
17#803.0,723.5;785.0,636.2;807.3,548.8;742.3,555.5;683.9,573.1;728.8,660.5;773.6,551.0;749.1,412.1;751.3,414.4;724.4,351.7;746.8,289.0;791.7,335.9;791.6,400.9;702.0,425.6;670.5,362.9;695.2,304.6
18#801.3,706.5;783.3,618.7;797.4,533.2;731.2,538.8;666.8,543.0;714.0,630.0;763.3,535.0;737.6,395.4;740.2,398.0;713.3,335.2;738.0,274.0;785.1,319.9;780.5,383.8;690.1,408.1;655.6,347.6;682.2,290.0
19#799.6,689.5;781.6,601.3;787.4,517.6;720.1,522.1;649.7,512.9;699.1,599.6;753.0,519.1;726.1,378.6;729.1,381.6;702.2,318.7;729.2,259.0;778.5,303.8;769.5,366.6;678.2,390.5;640.8,332.2;669.2,275.4
20#797.8,672.6;779.9,583.9;777.5,502.0;709.1,505.3;632.6,482.7;684.3,569.1;742.7,503.1;714.7,361.8;718.1,365.1;691.1,302.3;720.3,244.0;772.0,287.7;758.4,349.4;666.4,373.0;625.9,316.9;656.3,260.8
21#796.1,655.6;778.1,566.5;767.6,486.4;698.0,488.6;615.5,452.6;669.5,538.6;732.4,487.1;703.2,345.0;707.0,348.7;680.0,285.8;711.5,229.0;765.4,271.6;747.3,332.2;654.5,355.5;611.0,301.6;643.3,246.1
22#794.4,638.6;776.4,549.1;757.6,470.8;686.9,471.9;598.4,422.4;654.6,508.2;722.0,471.2;691.8,328.2;695.9,332.3;668.9,269.4;702.6,214.0;758.8,255.5;736.3,315.1;642.7,337.9;596.2,286.2;630.3,231.5
23#792.7,621.6;774.7,531.7;747.7,455.2;675.8,455.2;581.3,392.3;639.8,477.7;711.7,455.2;680.3,311.4;684.8,315.9;657.8,252.9;693.8,199.0;752.2,239.4;725.2,297.9;630.8,320.4;581.3,270.9;617.3,216.9
24#785.0,622.6;757.7,527.0;735.0,449.6;666.7,449.6;584.8,399.6;648.5,486.0;698.6,449.6;671.3,308.6;675.8,317.7;648.5,253.9;675.8,176.6;712.2,226.6;716.8,294.9;621.2,317.7;584.8,249.4;603.0,190.2
25#764.3,617.7;738.4,522.5;721.1,453.3;651.9,453.3;587.0,423.0;656.2,505.2;686.5,457.6;660.5,314.9;664.8,323.5;643.2,254.3;660.5,172.1;695.1,228.4;703.8,306.2;612.9,323.5;587.0,245.7;595.6,180.8
26#764.3,617.6;738.3,522.5;721.1,453.3;651.9,453.3;587.0,423.0;656.2,505.2;686.5,457.6;660.5,314.9;664.8,323.6;643.2,254.4;660.5,172.2;695.1,228.4;703.8,306.3;612.9,323.6;587.0,245.7;595.7,180.9
27#746.2,607.3;730.1,516.2;707.8,466.9;642.1,469.4;590.8,451.9;657.4,532.5;674.9,471.0;654.5,328.6;656.9,337.7;645.9,267.7;662.3,198.3;694.3,252.5;698.2,324.7;607.6,333.4;583.1,260.3;600.4,198.4
28#728.0,597.0;721.9,509.9;694.4,480.4;632.2,485.6;594.6,480.8;658.5,559.8;663.4,484.3;648.6,342.3;649.0,351.8;648.6,281.1;664.1,224.4;693.5,276.6;692.6,343.2;602.4,343.2;579.1,275.0;605.0,215.9
29#709.9,586.7;713.8,503.5;681.1,494.0;622.4,501.8;598.5,509.6;659.7,587.0;651.8,497.7;642.6,356.0;641.2,365.9;651.2,294.4;665.9,250.6;692.6,300.8;687.1,361.6;597.1,353.0;575.2,289.6;609.7,233.4
30#691.8,576.4;705.6,497.2;667.7,507.5;612.6,517.9;602.3,538.5;660.8,614.3;640.2,511.0;636.7,369.7;633.3,380.0;653.9,307.7;667.7,276.7;691.8,324.9;681.5,380.0;591.9,362.8;571.3,304.3;614.3,250.9
31#678.3,548.5;692.1,455.5;657.6,514.1;595.6,521.0;612.8,579.5;664.5,641.5;626.6,521.0;633.5,379.7;633.5,383.2;664.5,317.7;674.8,303.9;692.1,348.7;674.8,393.5;588.7,372.8;578.4,321.1;624.9,291.9
32#678.4,548.6;692.2,455.5;657.7,514.1;595.6,521.0;612.8,579.6;664.6,641.7;626.6,521.0;633.5,379.6;633.5,383.0;664.6,317.5;674.9,303.7;692.2,348.6;674.9,393.4;588.7,372.7;578.3,321.0;624.9,291.6
33#641.7,662.0;623.5,596.3;652.7,519.6;587.0,526.9;616.2,596.3;649.0,665.7;619.8,519.6;634.4,384.4;630.8,384.4;671.0,322.3;681.9,329.6;692.9,373.5;674.6,395.4;590.6,369.8;583.3,340.6;627.1,311.4
34#629.8,669.9;619.9,600.8;646.2,521.9;580.5,528.5;603.5,607.4;636.4,676.5;610.1,525.2;636.4,390.3;636.4,390.3;667.6,332.8;685.7,347.6;695.6,390.3;679.1,400.2;593.6,373.9;587.0,354.1;628.2,339.3
35#604.3,648.2;579.2,573.0;635.6,529.1;573.0,529.1;585.5,591.8;623.1,660.8;604.3,529.1;635.6,394.3;638.8,388.0;671.7,339.5;685.8,369.2;695.2,410.0;676.4,406.8;598.0,378.6;576.1,431.9;598.0,441.3
36#569.7,619.5;577.9,556.8;635.2,524.0;575.2,521.3;542.4,554.1;605.2,633.2;605.2,524.0;635.2,393.1;640.6,382.2;666.6,345.3;692.5,395.8;697.9,436.7;676.1,404.0;599.7,382.2;577.9,425.8;618.8,404.0
37#633.9,563.2;621.1,576.0;641.6,524.8;580.1,524.8;536.5,509.4;590.3,599.1;608.3,524.8;641.6,396.5;646.7,383.7;663.4,328.6;700.6,411.9;703.2,455.5;687.8,409.4;598.0,386.3;582.6,424.7;621.1,419.6
38#641.5,560.5;621.1,578.4;641.5,524.6;577.6,524.6;536.6,509.3;590.4,598.8;608.3,524.6;641.5,396.7;646.7,383.9;663.3,328.9;700.4,414.6;705.5,455.6;687.6,409.5;598.0,386.5;582.7,424.8;621.1,419.7
39#637.9,588.4;671.0,505.6;642.7,529.3;571.7,522.2;529.1,484.3;574.1,562.4;607.2,524.6;647.4,406.3;647.4,385.0;662.8,331.8;704.2,448.9;708.9,472.5;699.4,415.8;597.7,389.7;581.2,439.4;630.8,420.5
40#642.4,618.6;673.1,529.1;639.6,526.3;583.6,515.1;499.7,439.6;628.4,599.0;608.8,517.9;650.8,403.2;650.8,389.2;657.8,329.1;712.3,461.9;717.9,484.3;701.1,422.8;600.4,394.8;583.6,442.3;608.8,439.6
41#647.3,640.8;682.9,545.9;647.3,522.2;579.1,516.3;525.7,436.2;632.5,629.0;614.7,522.2;650.3,409.6;653.2,394.7;660.6,328.0;715.5,480.7;727.4,489.6;700.7,424.4;602.8,397.7;588.0,448.1;549.5,492.6
42#654.8,661.3;683.8,583.1;663.5,528.1;594.0,525.2;518.7,435.4;643.2,646.9;628.8,525.2;651.9,412.2;654.8,394.9;665.0,352.9;712.8,499.1;738.8,493.3;701.2,423.8;605.6,400.7;585.3,449.9;565.0,487.6
43#664.9,685.3;683.3,605.4;677.2,547.1;612.7,537.8;661.8,590.1;649.5,676.1;643.4,537.8;655.7,411.9;658.8,396.5;672.6,352.0;723.3,519.4;747.8,491.8;707.9,427.2;606.5,399.6;575.8,442.6;615.7,433.4
44#668.0,685.3;683.3,605.4;677.2,547.1;612.7,537.8;661.8,590.1;649.5,676.1;643.4,537.8;655.7,411.9;658.8,396.5;672.6,352.0;723.3,519.4;747.8,491.8;707.9,427.2;606.5,399.6;575.8,442.6;615.7,433.4
45#678.5,710.6;688.7,628.9;681.9,557.4;620.7,547.2;559.4,509.8;658.1,690.2;647.9,547.2;664.9,414.5;668.3,400.8;673.4,341.3;729.6,533.6;746.6,496.2;716.0,428.1;617.3,400.8;573.0,479.1;576.4,516.6
46#690.3,725.0;693.8,638.6;686.9,559.0;621.1,548.6;576.2,510.6;638.4,610.9;652.3,552.1;666.1,413.7;666.1,403.3;674.8,353.2;724.9,541.7;738.7,493.3;718.0,427.6;607.3,393.0;558.9,372.2;605.6,360.1
47#697.2,731.9;700.8,640.9;693.6,557.2;631.7,553.6;599.0,564.5;646.3,637.3;664.5,557.2;671.7,418.9;675.4,415.3;673.6,344.3;715.4,528.1;748.1,491.7;722.7,429.9;620.8,400.7;580.8,349.8;608.1,337.1
48#707.0,736.0;711.2,647.6;698.6,567.7;635.4,563.5;610.2,592.9;648.1,664.5;664.9,567.7;673.3,420.4;673.3,424.7;681.7,353.1;719.6,500.4;770.1,483.6;728.0,433.1;622.8,407.8;597.6,336.3;618.6,277.4
49#720.9,730.5;725.6,635.4;697.1,568.9;635.4,568.9;621.1,606.9;649.6,687.7;668.6,568.9;678.1,431.1;678.1,435.8;687.6,364.6;739.9,473.8;787.4,473.8;725.6,435.8;630.6,426.3;616.3,350.3;611.6,283.8
50#720.8,730.2;725.6,635.2;697.1,568.8;635.4,568.8;621.2,606.8;649.7,687.4;668.6,568.8;678.1,431.2;678.1,435.9;687.6,364.7;739.8,473.9;787.3,473.9;725.6,435.9;630.7,426.4;616.4,350.5;611.7,284.0
51#728.7,714.5;745.6,613.1;703.3,579.3;639.9,579.3;631.5,617.3;648.4,706.1;669.5,579.3;686.4,431.4;686.4,444.0;690.7,372.2;779.4,435.6;804.8,460.9;737.2,444.0;635.7,414.5;606.1,359.5;610.4,300.3
52#742.7,698.2;770.0,596.9;703.7,589.1;645.3,589.1;637.5,651.5;649.2,733.3;672.6,589.1;688.2,440.9;688.2,452.6;695.9,378.6;746.6,402.0;812.9,437.0;742.7,448.7;637.5,425.3;598.5,386.4;618.0,327.9
53#759.8,671.2;789.5,574.6;707.7,593.1;648.3,596.9;644.5,678.6;648.3,756.7;678.0,596.9;696.6,448.2;692.9,459.3;700.3,385.0;759.8,370.1;800.6,418.4;741.2,455.6;644.5,440.7;611.1,403.6;626.0,347.8
54#777.9,646.4;804.8,552.3;719.7,597.1;656.9,597.1;656.9,682.3;647.9,776.4;688.3,597.1;697.2,458.2;697.2,462.6;697.2,390.9;769.0,346.1;782.4,404.4;746.5,462.6;647.9,453.7;612.1,426.8;630.0,373.0
55#785.9,621.0;804.8,526.7;734.1,597.4;672.8,602.1;653.9,691.7;639.8,781.3;701.1,597.4;696.4,465.4;696.4,470.1;691.6,394.7;771.8,338.1;771.8,399.4;743.5,465.4;649.2,465.4;611.5,451.3;630.3,404.1
56#785.8,620.9;804.6,526.7;734.0,597.3;672.8,602.0;654.0,691.5;639.9,780.9;701.1,597.3;696.4,465.5;696.4,465.5;691.6,394.9;771.7,338.4;771.7,399.6;743.4,465.5;649.3,465.5;611.6,451.4;630.5,404.3
57#785.9,607.4;795.1,520.3;740.1,607.4;676.0,612.0;657.6,699.0;639.3,786.1;703.5,607.4;698.9,479.1;694.3,474.5;680.5,401.2;772.2,337.1;772.2,396.6;740.1,474.5;653.1,483.7;616.4,479.1;625.6,428.7
58#644.8,780.8;662.4,706.1;754.7,609.3;684.4,622.5;658.0,701.7;640.4,789.6;715.2,618.1;697.6,481.8;697.6,477.4;671.2,411.5;767.9,341.2;767.9,398.3;737.2,468.7;653.6,490.6;618.5,503.8;627.3,459.9
59#664.0,776.0;780.3,526.2;754.4,612.4;685.5,621.0;672.6,702.8;655.4,784.6;720.0,621.0;694.2,491.8;694.2,487.5;659.7,422.9;771.7,345.4;763.1,405.7;732.9,474.6;651.1,504.7;620.9,534.9;629.6,478.9
60#678.0,777.7;782.5,548.6;746.4,624.9;694.1,637.0;674.0,709.3;674.0,785.7;718.2,629.0;690.1,500.3;690.1,500.3;657.9,432.0;768.5,353.6;758.4,419.9;730.3,480.2;645.9,512.4;621.8,556.6;629.8,500.3
61#776.4,639.7;743.9,599.0;752.0,635.6;691.0,647.8;674.8,704.7;691.0,790.1;723.6,643.7;682.9,509.5;687.0,509.5;650.4,444.5;764.2,379.4;768.3,436.3;727.6,489.2;638.2,525.8;613.8,574.6;621.9,521.7
62#776.5,639.7;743.9,599.0;752.1,635.6;691.0,647.9;674.8,704.8;691.0,790.3;723.6,643.8;682.9,509.5;687.0,509.5;650.3,444.3;764.3,379.2;768.4,436.2;727.7,489.1;638.1,525.7;613.7,574.6;621.8,521.7
63#757.7,673.1;768.3,602.3;750.6,634.2;679.8,651.8;669.2,697.8;697.5,786.3;715.2,644.8;676.3,521.0;676.3,517.4;644.5,450.2;764.7,407.8;771.8,457.3;715.2,503.3;633.9,538.7;605.6,591.7;612.6,542.2
64#752.0,692.7;763.8,617.2;742.2,641.4;673.0,655.6;654.0,687.6;698.9,784.1;706.9,650.2;672.5,526.7;672.5,522.3;648.2,455.8;762.2,426.1;767.6,474.6;713.2,511.0;629.0,542.0;596.6,591.0;605.4,548.2
65#746.3,712.3;759.2,632.2;733.8,648.6;666.3,659.4;638.8,677.4;700.4,782.0;698.6,655.7;668.8,532.4;668.8,527.1;651.9,461.5;759.7,444.4;763.5,491.9;711.2,518.7;624.0,545.2;587.7,590.2;598.2,554.3
66#740.6,732.0;754.6,647.1;725.5,655.8;659.5,663.1;623.7,667.3;701.8,779.8;690.3,661.1;665.0,538.2;665.0,532.0;655.7,467.1;757.2,462.6;759.3,509.2;709.2,526.4;619.1,548.5;578.8,589.5;591.0,560.4
67#734.9,751.6;750.1,662.1;717.1,663.0;652.7,666.9;608.5,657.1;703.2,777.7;682.0,666.5;661.2,543.9;661.2,536.9;659.4,472.7;754.7,480.9;755.1,526.5;707.2,534.1;614.2,551.7;569.8,588.8;583.8,566.4
68#729.2,771.2;745.5,677.0;708.7,670.2;646.0,670.7;593.3,646.9;704.7,775.5;673.7,672.0;657.5,549.6;657.5,541.7;663.1,478.4;752.2,499.2;751.0,543.8;705.2,541.8;609.2,555.0;560.9,588.0;576.6,572.5
69#723.5,790.8;741.0,692.0;700.3,677.4;639.2,674.5;578.1,636.7;706.1,773.4;665.4,677.4;653.7,555.3;653.7,546.6;666.8,484.0;749.7,517.5;746.8,561.1;703.2,549.5;604.3,558.2;551.9,587.3;569.4,578.5
70#721.2,810.4;727.2,725.4;693.8,676.8;636.2,676.8;702.9,692.0;706.0,789.1;666.5,676.8;651.3,552.4;654.4,546.3;671.1,481.1;745.4,540.2;742.4,579.7;699.9,552.4;605.8,552.4;542.1,561.5;584.6,525.1
71#728.9,814.7;715.1,742.0;687.4,676.2;625.1,676.2;632.0,672.8;594.0,714.3;656.3,676.2;649.3,548.2;649.3,544.7;673.6,475.5;746.3,558.6;735.9,593.2;697.8,551.6;600.9,541.3;545.5,527.4;573.2,482.4
72#722.2,801.2;712.8,731.0;686.1,674.1;625.6,674.1;632.9,676.3;601.8,723.5;656.2,674.1;654.4,548.8;655.4,543.9;680.7,476.1;743.3,571.6;736.6,601.4;703.4,555.6;605.0,538.5;547.2,526.4;570.0,481.1
73#715.6,787.6;710.4,720.0;684.9,672.1;626.2,672.1;633.8,679.9;609.5,732.8;656.1,672.1;659.5,549.4;661.5,543.0;687.8,476.7;740.3,584.6;737.4,609.7;709.0,559.7;609.0,535.7;548.9,525.4;566.8,479.7
74#708.9,774.1;708.1,708.9;683.6,670.0;626.7,670.0;634.7,683.4;617.2,742.0;655.9,670.0;664.5,549.9;667.6,542.2;694.9,477.2;737.3,597.5;738.1,617.9;714.5,563.8;613.1,532.8;550.5,524.4;563.7,478.4
75#702.2,760.6;705.7,697.9;682.3,667.9;627.2,667.9;635.6,687.0;625.0,751.3;655.8,667.9;669.6,550.5;673.7,541.3;702.0,477.8;734.3,610.5;738.9,626.1;720.1,567.8;617.2,530.0;552.2,523.4;560.5,477.1
76#695.6,747.0;703.4,686.9;681.1,665.9;627.8,665.9;636.5,690.5;632.8,760.5;655.7,665.9;674.7,551.1;679.8,540.5;709.1,478.4;731.3,623.5;739.6,634.4;725.7,571.9;621.2,527.2;553.9,522.4;557.3,475.7
77#688.9,733.5;701.0,675.9;679.8,663.8;628.3,663.8;637.4,694.1;640.5,769.8;655.6,663.8;679.8,551.7;685.9,539.6;716.2,479.0;728.3,636.5;740.4,642.6;731.3,575.9;625.3,524.4;555.6,521.4;554.1,474.4
78#616.6,769.7;718.0,665.4;694.1,671.3;634.5,671.3;634.5,710.1;640.5,781.6;667.3,671.3;682.2,552.1;688.2,540.2;722.5,476.1;744.8,629.6;753.7,641.5;735.9,575.9;631.5,528.3;563.0,537.2;554.1,498.5
79#713.4,721.6;704.3,648.5;710.4,663.8;643.4,669.9;625.1,721.6;637.3,797.7;673.8,663.8;692.1,551.1;692.1,538.9;711.9,476.5;750.0,618.1;777.4,627.2;740.8,566.3;643.4,532.8;570.3,554.2;555.1,514.6
80#718.3,721.4;703.1,648.5;709.2,666.8;642.4,669.8;624.2,718.4;639.4,797.4;675.8,663.7;691.0,551.4;694.0,539.2;710.7,477.0;751.7,618.2;776.0,627.3;739.6,566.5;642.4,533.1;569.5,554.4;554.3,514.9
81#710.9,703.9;666.9,729.1;720.4,659.9;654.3,663.0;622.8,735.4;629.1,810.9;685.7,663.0;692.0,543.4;692.0,534.0;703.1,475.8;761.3,578.1;792.7,600.1;742.4,552.9;638.5,530.9;575.6,565.5;553.6,530.9
82#717.3,733.9;605.0,628.2;720.6,654.6;657.9,657.9;628.1,747.1;624.8,823.0;687.6,657.9;684.3,532.4;684.3,529.1;695.8,468.0;753.6,515.9;799.9,555.5;740.4,535.7;631.4,529.1;578.6,572.0;552.2,548.9
83#702.5,743.1;692.2,667.3;723.2,646.6;664.6,650.1;637.0,739.7;612.9,822.4;692.2,650.1;685.3,529.4;685.3,526.0;690.5,451.9;731.8,458.7;792.2,505.3;737.0,522.5;630.1,532.9;581.9,574.2;550.9,563.9
84#698.9,745.3;687.4,668.8;721.8,645.8;668.2,649.6;626.1,726.2;626.1,810.4;691.2,649.6;679.7,527.1;679.7,527.1;679.7,450.6;721.8,419.9;771.6,465.9;729.5,515.6;626.1,538.6;580.2,580.7;545.7,576.9
85#695.8,767.2;687.5,671.9;728.9,642.9;679.2,642.9;612.9,692.6;633.6,783.7;699.9,642.9;675.1,522.7;675.1,526.9;658.5,456.5;716.5,398.5;745.5,448.2;720.6,506.2;625.4,543.5;592.2,593.2;550.8,593.2
86#696.7,767.0;688.5,671.8;729.8,642.8;680.2,642.8;614.0,696.6;634.7,783.5;705.0,647.0;676.0,526.9;676.0,526.9;659.5,456.6;717.4,398.6;746.4,448.3;717.4,506.2;626.4,543.5;593.3,593.2;547.7,593.2
87#697.2,787.8;688.7,689.9;731.2,651.6;680.2,655.9;607.8,664.4;633.4,753.7;705.7,655.9;667.4,532.4;667.4,532.4;641.9,468.6;718.5,404.8;735.5,451.6;714.2,506.9;616.3,558.0;586.5,604.8;544.0,617.6
88#695.8,804.0;691.8,708.4;723.7,656.6;671.9,660.5;600.1,640.6;628.0,724.3;695.8,660.5;656.0,540.9;656.0,537.0;624.1,473.2;719.7,421.4;743.7,465.2;699.8,513.0;608.1,568.9;572.2,624.7;544.3,632.6
89#694.1,817.2;697.8,724.4;712.7,665.1;660.7,661.4;612.5,639.1;619.9,702.2;686.7,665.1;638.4,546.3;638.4,542.6;608.7,479.5;716.4,435.0;742.3,479.5;686.7,516.6;593.9,576.0;575.3,635.4;538.2,646.5
90#699.8,841.8;703.4,742.0;699.8,670.7;639.2,667.2;689.1,742.0;689.1,827.6;667.7,667.2;632.1,549.5;628.5,546.0;596.4,481.8;714.1,456.9;739.0,499.6;671.3,524.6;582.2,578.0;567.9,635.1;539.4,670.7
91#701.0,840.8;694.3,759.9;680.8,672.2;630.2,668.8;606.6,678.9;690.9,827.3;653.8,668.8;616.7,550.8;613.3,544.1;579.6,476.7;717.8,486.8;731.3,517.1;660.5,527.2;569.5,577.8;549.3,635.1;532.4,685.7
92#700.2,841.4;696.8,760.2;683.3,668.9;629.2,665.5;605.5,679.1;690.1,827.9;652.8,665.5;615.6,550.5;612.2,543.7;581.8,479.5;717.1,486.2;730.6,516.7;659.6,526.8;571.7,574.2;548.0,635.1;534.4,682.4
93#701.8,841.8;684.8,757.0;664.4,672.2;606.8,668.8;603.4,662.0;586.4,753.6;633.9,672.2;610.2,550.0;603.4,539.9;577.9,473.7;711.9,505.9;722.1,536.5;650.9,533.1;562.7,567.0;525.3,631.5;532.1,672.2
94#705.7,847.6;682.1,760.0;651.7,675.8;601.2,679.2;604.6,729.7;584.4,770.2;624.8,675.8;597.8,547.8;597.8,544.4;579.3,472.0;712.4,527.6;715.8,554.5;645.0,537.7;554.0,564.6;496.8,618.5;533.8,645.5
95#701.1,844.9;685.1,752.2;640.4,678.7;589.2,672.4;608.4,697.9;592.4,781.0;618.0,675.6;592.4,554.1;592.4,544.5;590.8,479.0;707.5,550.9;704.3,579.7;640.4,544.5;550.9,563.7;474.2,602.1;525.3,598.9
96#701.0,834.3;684.6,739.2;625.6,677.0;576.4,673.7;609.2,703.2;599.4,781.9;599.4,673.7;589.5,555.7;589.5,545.9;594.4,475.4;697.7,568.8;694.4,598.3;638.7,552.4;537.1,559.0;465.0,578.7;514.2,568.8
97#702.0,825.3;688.7,729.0;615.7,675.9;572.5,675.9;609.0,705.8;602.4,798.7;599.1,675.9;585.8,556.3;585.8,549.7;594.1,475.0;698.7,589.6;688.7,612.8;638.9,559.7;532.7,553.0;462.9,553.0;526.0,519.8
98#702.7,823.3;689.3,726.2;615.7,676.0;572.2,676.0;609.0,706.1;602.3,799.9;598.9,676.0;585.5,555.5;588.9,548.8;593.9,480.2;699.4,589.0;686.0,612.4;639.1,558.8;532.0,548.8;465.0,552.1;525.3,518.7
99#707.1,805.9;700.2,709.1;603.4,671.1;558.4,678.0;603.4,726.4;603.4,809.4;582.6,674.5;586.1,557.0;586.1,553.5;591.3,479.2;703.6,601.9;679.4,619.2;637.9,563.9;530.8,546.6;468.5,525.9;527.3,491.3
100#707.1,779.9;710.6,689.1;605.8,671.6;560.3,682.1;598.8,738.0;602.3,835.8;577.8,678.6;584.8,552.8;584.8,552.8;588.3,482.9;710.6,622.7;679.1,615.7;637.2,566.8;532.4,542.3;476.5,507.4;527.1,474.2
101#705.8,754.2;718.4,662.3;605.6,679.0;555.4,691.5;588.8,754.2;597.2,850.3;580.5,687.4;580.5,549.5;580.5,553.7;593.0,482.6;710.0,633.0;697.5,616.3;634.8,566.2;534.5,537.0;488.6,491.0;522.0,436.7
102#696.5,731.9;714.0,639.8;608.8,679.3;556.2,696.8;578.1,780.1;600.0,867.8;582.5,688.0;582.5,552.1;582.5,556.5;595.7,486.3;665.8,639.8;700.9,604.7;630.7,565.2;534.3,534.6;503.6,477.6;521.1,424.9
103#682.6,715.4;705.5,620.0;617.7,681.0;556.7,707.7;571.9,795.5;581.5,869.9;587.2,696.3;587.2,551.3;587.2,558.9;598.6,490.2;678.8,608.5;709.3,589.4;636.8,562.7;541.4,536.0;514.7,471.1;514.7,417.7
104#682.5,716.2;705.4,620.9;617.7,681.9;556.7,708.6;572.0,792.4;581.5,870.5;587.2,697.1;587.2,552.3;587.2,560.0;598.7,487.6;678.7,609.5;709.2,586.6;636.8,563.8;537.7,537.1;514.8,472.3;514.8,419.0
105#665.8,701.5;694.6,615.1;622.6,683.5;557.8,712.3;561.4,802.3;640.6,676.3;590.2,697.9;586.6,553.8;586.6,564.6;597.4,496.2;673.0,579.0;712.6,575.4;637.0,564.6;539.8,543.0;518.2,478.2;511.0,420.6
106#664.5,707.3;693.2,629.5;615.3,690.9;558.0,707.3;541.6,801.5;545.7,899.8;586.7,695.0;586.7,563.9;578.5,572.1;594.9,502.5;672.7,547.5;713.6,572.1;635.8,572.1;537.5,547.5;496.6,502.5;504.8,441.0
107#665.5,739.1;710.3,656.0;617.6,703.9;550.4,723.1;524.9,799.8;536.1,871.8;582.4,710.3;585.6,569.6;585.6,576.0;585.6,508.9;665.5,524.9;713.5,566.4;636.8,579.2;531.3,560.1;483.3,521.7;497.7,475.3
108#661.8,761.8;719.5,683.8;617.7,717.7;553.2,724.5;505.7,789.0;519.2,880.7;590.5,721.1;580.3,578.5;580.3,588.7;583.7,520.8;658.4,514.0;705.9,558.2;631.2,585.3;529.4,571.7;475.1,537.8;498.9,490.3
109#666.0,777.7;725.2,701.0;617.1,721.9;550.9,728.9;505.6,798.6;502.1,896.2;585.8,728.9;578.8,585.9;575.3,592.9;582.3,523.2;652.0,498.8;690.4,547.6;631.1,589.4;530.0,579.0;470.7,554.6;498.6,509.2
110#665.8,777.4;724.9,700.9;617.1,721.8;551.0,728.7;505.8,798.3;502.3,892.2;585.8,728.7;578.8,586.1;575.3,593.1;582.3,523.5;651.9,499.1;690.1,547.8;631.0,589.6;530.1,579.1;471.0,554.8;498.8,509.6
111#660.7,802.4;720.0,724.5;616.1,728.2;549.3,731.9;519.6,802.4;493.7,906.3;582.7,731.9;579.0,590.9;575.3,594.6;582.7,527.8;638.4,483.3;675.5,535.2;631.0,590.9;527.1,587.2;467.7,568.6;501.1,527.8
112#660.9,826.0;718.9,740.9;622.2,733.1;552.5,744.7;525.4,810.5;498.3,911.2;587.3,733.1;579.6,593.8;575.7,593.8;587.3,528.0;626.0,473.8;653.1,524.1;633.8,589.9;525.4,593.8;467.3,593.8;502.2,551.2
113#660.3,844.9;710.0,759.7;621.2,727.7;557.2,738.4;525.3,813.0;514.6,898.2;592.8,738.4;582.1,592.7;582.1,596.2;578.6,528.7;614.1,471.9;639.0,521.6;631.9,589.1;528.8,596.2;472.0,614.0;500.4,574.9
114#663.8,864.7;696.1,775.1;621.6,730.4;559.8,737.4;520.1,806.2;521.0,891.8;593.4,737.4;579.5,595.6;579.5,599.2;576.9,530.9;605.5,468.5;628.1,520.6;628.6,591.0;526.7,601.2;477.2,628.4;499.4,589.2
115#667.2,884.4;682.2,790.6;622.1,733.2;562.4,736.5;514.9,799.5;527.3,885.5;594.0,736.5;576.9,598.6;576.9,602.3;575.1,533.1;596.8,465.1;617.1,519.6;625.4,592.8;524.5,606.2;482.4,642.8;498.5,603.4
116#670.7,904.2;668.3,806.0;622.5,735.9;565.0,735.5;509.7,792.7;533.6,879.1;594.7,735.5;574.2,601.5;574.2,605.4;573.4,535.2;588.1,461.8;606.2,518.6;622.1,594.6;522.4,611.3;487.5,657.1;497.5,617.7
117#674.2,924.0;654.4,821.4;622.9,738.6;567.6,734.6;504.5,785.9;540.0,872.7;595.3,734.6;571.6,604.4;571.6,608.4;571.6,537.4;579.5,458.4;595.3,517.6;618.9,596.5;520.3,616.3;492.7,671.5;496.6,632.0
118#678.7,910.8;660.7,827.8;619.2,742.4;560.8,743.0;492.8,762.1;541.3,848.0;591.1,739.8;567.8,610.9;567.8,615.8;566.7,545.8;578.4,472.6;595.4,531.5;615.5,601.4;517.4,619.9;481.7,655.7;498.4,616.4
119#683.3,897.6;667.0,834.3;615.5,746.3;553.9,751.4;481.2,738.4;542.6,823.4;586.9,744.9;563.9,617.5;563.9,623.1;561.8,554.2;577.4,486.9;595.6,545.4;612.0,606.2;514.5,623.6;470.8,639.8;500.1,600.8
120#687.8,884.4;673.3,840.7;611.8,750.1;547.1,759.8;469.5,714.6;543.9,798.7;582.7,750.1;560.1,624.0;560.1,630.5;556.9,562.6;576.3,501.1;595.7,559.3;608.6,611.1;511.6,627.2;459.8,624.0;501.9,585.2
121#677.5,863.6;667.1,829.5;607.8,764.3;548.6,776.1;492.2,719.8;513.0,761.3;578.2,764.3;557.4,636.8;557.4,636.8;554.5,571.6;578.2,527.1;596.0,577.5;604.9,630.9;510.0,636.8;474.4,604.2;507.0,553.8
122#663.5,855.3;656.3,810.6;600.7,766.6;543.0,778.2;499.0,734.3;526.5,779.9;571.0,768.8;554.9,642.3;554.9,640.2;555.3,575.5;578.1,539.9;596.1,587.3;602.2,638.2;508.3,641.2;477.1,609.2;509.2,562.4
123#649.5,846.9;645.4,791.7;593.6,768.9;537.4,780.3;505.8,748.7;540.0,798.6;563.9,773.2;552.5,647.9;552.5,643.5;556.1,579.4;578.0,552.7;596.3,597.1;599.4,645.4;506.6,645.7;479.9,614.2;511.4,570.9
124#635.5,838.6;634.6,772.9;586.4,771.2;531.8,782.4;512.5,763.2;553.4,817.2;556.7,777.7;550.0,653.4;550.0,646.9;557.0,583.4;577.9,565.6;596.4,606.9;596.7,652.7;505.0,650.1;482.6,619.2;513.5,579.5
125#621.5,830.2;623.7,754.0;579.3,773.5;526.2,784.5;519.3,777.6;566.9,835.9;549.6,782.1;547.6,659.0;547.6,650.2;557.8,587.3;577.8,578.4;596.6,616.7;593.9,659.9;503.3,654.6;485.4,624.2;515.7,588.0
126#607.5,821.9;612.9,735.1;572.2,775.8;520.6,786.6;526.1,792.1;580.4,854.5;542.4,786.6;545.1,664.5;545.1,653.6;558.6,591.2;577.7,591.2;596.7,626.5;591.2,667.2;501.6,659.0;488.1,629.2;517.9,596.6
127#580.8,802.5;586.0,760.6;570.3,776.3;517.8,789.4;512.6,813.0;583.4,873.4;544.0,778.9;544.0,655.6;546.7,650.4;557.2,590.1;578.1,597.9;599.1,634.7;593.9,663.5;504.7,650.4;489.0,634.7;512.6,611.1
128#580.5,803.1;585.7,761.4;570.1,777.0;517.9,787.5;512.6,813.6;583.1,873.6;544.0,779.7;546.6,657.0;546.6,651.8;557.0,589.2;577.9,597.0;598.8,633.5;593.5,664.8;504.8,649.2;486.6,636.1;512.6,610.0
129#582.2,885.8;522.3,825.9;561.4,763.3;509.3,771.2;522.3,831.1;579.6,885.8;532.7,765.9;540.5,646.1;543.1,638.3;557.5,582.3;577.0,607.0;600.5,640.9;579.6,656.5;498.9,640.9;444.1,685.2;452.0,747.7
130#518.2,813.2;480.3,786.1;558.9,756.3;507.4,761.7;518.2,837.6;561.6,908.1;534.5,759.0;539.9,639.7;542.6,631.6;557.5,573.3;580.6,620.8;602.3,658.7;575.2,645.2;499.2,637.0;458.6,702.1;447.7,748.2
131#524.3,812.9;561.5,736.0;553.5,749.3;508.4,751.9;500.5,826.2;532.3,889.8;532.3,749.3;534.9,632.6;537.6,619.3;554.8,559.6;588.0,635.2;598.6,667.0;574.7,635.2;492.5,624.6;473.9,661.7;508.4,656.4
132#520.1,823.6;520.1,768.4;550.4,740.8;503.6,735.3;481.5,812.5;511.8,887.0;525.6,738.1;533.9,622.2;536.7,614.0;543.5,554.7;591.8,649.8;605.6,669.1;583.5,630.5;487.0,622.2;473.2,671.9;500.8,655.3
133#519.4,833.4;536.2,766.2;539.0,738.3;499.8,732.7;455.1,785.8;488.6,855.7;522.2,732.7;533.4,626.4;533.4,609.6;526.4,549.5;586.5,643.2;620.1,662.8;580.9,620.8;483.1,623.6;471.9,676.7;502.6,665.6
134#519.4,834.0;536.2,766.5;539.0,738.4;499.7,732.8;454.7,786.2;488.4,856.5;522.2,732.8;533.4,626.0;533.4,609.1;526.4,548.7;584.0,642.9;620.5,662.5;578.4,623.2;482.8,623.2;471.6,676.6;502.5,665.3
135#524.9,846.5;540.7,775.8;548.1,733.1;503.5,729.4;453.2,755.8;486.7,829.3;526.8,729.4;532.4,619.6;531.5,605.5;521.7,545.5;588.2,612.4;629.1,636.5;578.0,614.0;483.9,620.5;471.9,675.4;504.4,648.5
136#530.4,859.1;545.2,785.1;557.1,727.9;507.2,726.0;451.8,725.4;485.1,802.2;531.3,726.0;531.3,613.1;529.5,602.0;517.1,542.3;592.4,582.0;637.7,610.6;577.7,604.9;485.1,617.7;472.1,674.1;506.4,631.8
137#535.9,871.6;549.7,794.4;566.2,722.6;511.0,722.6;450.3,695.0;483.4,775.0;535.9,722.6;530.3,606.7;527.6,598.4;512.4,539.1;596.6,551.5;646.3,584.6;577.3,595.7;486.2,615.0;472.4,672.9;508.3,615.0
138#543.8,884.2;556.7,797.5;559.9,730.1;511.7,726.9;534.2,797.5;527.8,874.6;534.2,726.9;527.8,601.7;527.8,598.5;511.7,531.0;609.6,516.6;633.7,563.1;579.1,588.8;482.8,611.3;473.2,678.7;434.6,656.3
139#552.8,901.9;559.9,809.7;563.4,724.6;513.8,717.5;460.6,678.5;542.1,816.8;538.6,721.0;531.5,586.2;527.9,589.8;510.2,529.5;636.1,499.3;623.7,547.2;574.1,579.1;485.4,600.4;478.3,653.6;478.3,685.5
140#552.8,902.7;559.8,808.2;563.3,724.1;514.2,717.1;461.7,678.6;542.2,815.2;535.2,720.6;528.2,587.6;528.2,591.1;510.7,528.0;635.0,501.8;622.8,545.5;573.8,577.1;486.2,598.1;472.2,612.1;479.2,685.6
141#567.2,891.6;572.9,799.6;564.5,720.0;516.8,716.4;501.1,705.7;553.7,822.5;538.3,718.8;529.3,587.3;529.3,589.6;512.3,526.1;637.0,517.2;626.7,558.1;573.7,578.1;487.4,596.4;479.2,621.8;527.7,637.6
142#581.5,880.4;586.0,791.1;565.8,716.0;519.4,715.8;540.4,732.9;565.1,829.9;541.4,716.9;530.5,586.9;530.5,588.1;514.0,524.2;638.9,532.6;630.5,570.7;573.5,579.1;488.7,594.7;486.1,631.5;576.3,589.6
143#595.9,869.3;599.1,782.5;567.0,711.9;522.0,715.1;579.8,760.0;576.6,837.2;544.5,715.1;531.6,586.6;531.6,586.6;515.6,522.3;640.9,548.0;634.4,583.3;573.4,580.1;489.9,593.0;493.1,641.2;624.8,541.6
144#612.7,842.5;612.7,753.6;568.2,712.4;520.6,712.4;542.8,728.2;577.8,791.7;546.0,712.4;536.5,588.6;536.5,588.6;530.2,521.9;647.6,566.4;638.1,594.9;580.9,588.6;492.1,588.6;482.5,534.6;511.1,496.5
145#629.8,823.0;623.2,731.8;564.6,705.7;522.2,705.7;558.1,722.0;587.4,803.4;545.1,705.7;538.5,588.4;541.8,588.4;538.5,523.3;652.6,581.9;642.8,608.0;584.1,591.7;496.2,581.9;489.7,523.3;504.3,476.0
146#629.9,820.2;623.4,732.0;564.6,705.9;522.1,705.9;561.3,722.2;587.4,803.9;545.0,705.9;538.4,588.2;541.7,588.2;538.4,522.9;652.8,581.7;643.0,607.8;584.2,591.5;495.9,581.7;489.4,522.9;504.1,475.5
147#639.6,786.1;632.9,702.9;566.3,702.9;526.4,706.2;559.7,736.2;589.7,816.1;543.0,702.9;546.4,586.3;546.4,589.7;546.4,523.1;652.9,596.3;646.3,619.6;589.7,593.0;503.1,573.0;493.1,509.7;504.7,468.1
148#647.3,755.0;633.7,673.4;575.9,693.8;531.7,704.0;562.3,748.2;592.9,829.7;548.7,700.6;548.7,581.6;548.7,585.0;552.1,520.5;657.5,605.4;643.9,622.4;592.9,591.8;507.9,568.0;490.9,517.1;501.1,476.3
149#640.1,722.8;634.2,649.7;587.4,690.6;531.8,702.3;566.9,769.6;596.2,834.0;555.2,696.5;555.2,579.5;558.1,579.5;561.1,518.0;657.6,614.6;654.7,626.3;604.9,591.2;514.2,564.8;487.9,529.7;506.9,490.2
150#593.9,843.2;572.1,765.3;590.8,687.4;534.7,693.7;569.0,765.3;593.9,833.9;562.8,693.7;565.9,578.4;565.9,575.3;570.5,514.5;665.6,622.0;653.1,631.4;612.6,590.9;525.4,569.1;488.0,544.1;514.5,514.5
151#586.5,842.1;577.4,771.9;586.5,704.8;537.7,698.7;574.3,771.9;583.5,839.0;562.1,701.8;571.3,576.7;571.3,573.6;572.8,517.2;644.5,652.9;662.8,634.6;620.1,585.8;525.5,570.6;492.0,555.3;517.9,517.2
152#587.5,839.1;578.4,772.0;587.5,704.8;538.7,698.7;575.3,772.0;584.5,839.1;569.2,695.7;572.3,576.6;572.3,573.5;573.8,517.1;645.5,652.9;663.8,634.6;621.1,585.8;526.5,570.5;489.8,555.2;518.8,523.2
153#585.5,838.5;570.4,763.0;612.7,675.5;561.4,690.6;570.4,769.1;585.5,838.5;585.5,684.5;576.5,578.8;576.5,569.8;568.9,516.9;673.1,660.4;667.1,633.2;624.8,581.9;534.2,572.8;498.0,569.8;519.1,539.6
154#589.1,837.0;575.6,761.8;615.5,676.6;564.4,689.3;575.3,766.5;588.2,834.4;588.8,684.3;581.2,577.1;581.2,568.8;572.8,515.7;677.2,646.1;671.7,624.6;628.9,579.6;538.9,571.6;501.4,567.6;523.4,536.8
155#592.7,835.5;580.7,760.5;618.3,677.8;567.5,688.1;580.1,763.9;591.0,830.4;592.1,684.1;585.8,575.3;585.8,567.8;576.6,514.5;681.3,631.8;676.3,616.0;633.0,577.3;543.6,570.3;504.8,565.5;527.6,534.0
156#596.4,834.1;585.9,759.3;621.1,679.0;570.5,686.8;585.0,761.2;593.8,826.3;595.5,684.0;590.5,573.6;590.5,566.8;580.4,513.3;685.4,617.5;680.9,607.5;637.1,575.0;548.4,569.1;508.3,563.3;531.9,531.2
157#600.0,832.6;591.1,758.0;623.9,680.1;573.5,685.6;589.9,758.6;596.5,822.2;598.8,683.8;595.1,571.8;595.1,565.8;584.3,512.1;689.5,603.2;685.5,598.9;641.2,572.7;553.1,567.8;511.7,561.2;536.1,528.4
158#603.6,831.1;596.2,756.8;626.7,681.2;576.6,684.3;594.8,756.0;599.2,818.1;602.1,683.6;599.8,570.1;599.8,564.8;588.1,510.9;693.6,588.9;690.1,590.3;645.3,570.4;557.8,566.6;515.1,559.0;540.4,525.6
159#607.2,829.6;601.4,755.5;629.5,682.4;579.6,683.1;599.6,753.4;602.0,814.0;605.5,683.5;604.4,568.3;604.4,563.8;592.0,509.7;697.7,574.6;694.7,581.7;649.4,568.1;562.5,565.3;518.5,556.9;544.6,522.8
160#610.8,828.1;606.6,754.3;632.2,683.5;582.6,681.8;604.5,750.8;604.8,810.0;608.8,683.3;609.1,566.6;609.1,562.9;595.9,508.5;701.8,560.2;699.3,573.1;653.4,565.9;567.2,564.1;521.9,554.8;548.9,520.0
161#614.4,826.6;611.7,753.1;635.0,684.7;585.7,680.5;609.4,748.2;607.5,805.9;612.1,683.1;613.8,564.9;613.8,561.9;599.7,507.3;705.9,545.9;703.9,564.5;657.5,563.6;571.9,562.9;525.3,552.6;553.1,517.2
162#618.1,825.2;616.9,751.8;637.8,685.9;588.7,679.3;614.3,745.5;610.2,801.8;615.4,682.9;618.4,563.1;618.4,560.9;603.5,506.1;710.0,531.6;708.5,556.0;661.6,561.3;576.7,561.6;528.8,550.4;557.4,514.4
163#621.7,823.7;622.1,750.6;640.6,687.0;591.7,678.0;619.1,742.9;613.0,797.8;618.8,682.8;623.1,561.4;623.1,559.9;607.4,504.9;714.1,517.3;713.1,547.4;665.7,559.0;581.4,560.4;532.2,548.3;561.6,511.6
164#625.3,822.2;627.2,749.3;643.4,688.1;594.8,676.8;624.0,740.3;615.8,793.7;622.1,682.6;627.7,559.6;627.7,558.9;611.2,503.7;718.2,503.0;717.7,538.8;669.8,556.7;586.1,559.1;535.6,546.1;565.9,508.8
165#628.9,820.7;632.4,748.1;646.2,689.3;597.8,675.5;628.9,737.7;618.5,789.6;625.4,682.4;632.4,557.9;632.4,557.9;615.1,502.5;722.3,488.7;722.3,530.2;673.9,554.4;590.8,557.9;539.0,544.0;570.1,506.0
166#640.7,828.3;644.1,757.4;647.4,683.1;600.2,673.0;583.3,659.5;563.0,686.5;627.2,676.4;633.9,558.2;633.9,558.2;617.0,497.4;718.4,500.8;725.1,541.3;671.1,554.8;593.4,554.8;542.8,554.8;569.8,524.4
167#646.0,827.5;649.3,754.9;649.3,682.3;599.7,669.1;553.5,702.1;520.5,715.3;622.8,672.4;632.7,553.6;632.7,556.9;614.6,499.1;721.9,517.3;731.8,553.6;675.7,553.6;593.1,556.9;546.9,609.7;570.0,639.4
168#649.1,826.5;652.3,749.1;652.3,671.7;600.7,662.0;549.0,613.6;571.6,697.5;626.5,668.4;636.2,555.5;636.2,555.5;615.2,502.3;723.3,532.9;736.2,565.2;678.1,555.5;597.4,555.5;552.3,607.1;571.6,636.2
169#655.9,811.4;662.1,737.1;652.8,672.1;600.2,662.8;544.5,641.1;578.5,715.4;628.1,665.9;637.4,554.4;637.4,548.3;617.2,512.7;724.0,548.3;736.4,576.1;680.7,557.5;594.0,554.4;556.9,591.6;563.1,566.8
170#664.5,796.3;674.3,722.2;653.3,667.1;601.2,660.1;551.8,654.6;579.9,726.9;628.5,662.4;639.9,554.1;639.9,547.6;623.2,509.8;724.5,557.8;736.4,582.4;683.8,557.7;595.9,554.1;556.0,591.5;566.4,572.9
171#673.2,781.2;686.5,707.2;653.9,662.1;602.2,657.4;559.1,668.1;581.2,738.3;628.9,659.0;642.4,553.8;642.4,546.9;629.2,506.9;725.0,567.2;736.3,588.7;686.9,557.9;597.9,553.8;555.2,591.4;569.8,579.0
172#681.9,766.1;698.6,692.3;654.4,657.1;603.3,654.8;566.5,681.7;582.6,749.8;629.3,655.5;644.9,553.4;644.9,546.2;635.1,504.0;725.6,576.6;736.2,595.0;690.0,558.0;599.8,553.4;554.4,591.3;573.1,585.1
173#690.5,751.0;710.8,677.4;655.0,652.1;604.3,652.1;573.8,695.2;584.0,761.2;629.7,652.1;647.4,553.1;647.4,545.5;641.1,501.1;726.1,586.1;736.2,601.3;693.1,558.2;601.7,553.1;553.5,591.2;576.4,591.2
174#697.0,738.1;721.4,666.0;659.8,653.9;609.1,654.5;580.3,704.1;582.2,770.8;634.5,653.9;653.1,552.1;653.1,547.2;647.4,499.1;728.0,572.8;744.2,590.6;697.8,557.4;608.3,550.2;562.8,575.0;588.1,569.3
175#703.5,725.1;732.0,654.5;664.6,655.7;614.0,657.0;586.9,713.0;580.4,780.3;639.3,655.7;658.7,551.0;658.7,549.0;653.7,497.1;729.9,559.5;752.3,579.9;702.5,556.6;614.9,547.2;572.2,558.8;599.8,547.4
176#709.9,712.2;742.6,643.1;669.3,657.6;618.8,659.4;593.4,722.0;578.7,789.9;644.1,657.6;664.4,550.0;664.4,550.7;660.0,495.2;731.7,546.2;760.3,569.3;707.2,555.8;621.6,544.3;581.5,542.5;611.4,525.6
177#716.4,699.2;753.2,631.6;674.1,659.4;623.7,661.9;600.0,730.9;576.9,799.4;648.9,659.4;670.0,548.9;670.0,552.5;666.3,493.2;733.6,532.9;768.4,558.6;711.9,555.0;628.2,541.3;590.9,526.3;623.1,503.7
178#722.9,686.3;763.8,620.2;678.9,661.2;628.5,664.3;606.5,739.8;575.1,809.0;653.7,661.2;675.7,547.9;675.7,554.2;672.6,491.2;735.5,519.6;776.4,547.9;716.6,554.2;634.8,538.4;600.2,510.1;634.8,481.8
179#726.7,706.5;775.0,635.6;688.0,667.8;639.6,667.8;607.3,732.3;591.2,816.2;662.2,667.8;678.3,551.8;678.3,551.8;678.3,493.7;729.9,490.5;768.6,526.0;717.0,548.5;642.8,548.5;629.9,506.6;652.5,464.7
180#729.8,718.8;775.1,647.5;694.5,670.9;645.8,671.5;613.0,730.3;603.9,811.7;668.8,671.2;680.4,556.4;679.9,555.9;676.8,498.9;729.1,496.1;766.2,530.5;719.0,551.9;644.7,554.8;632.9,522.1;653.7,488.7
181#732.9,731.1;775.3,659.5;700.9,674.1;652.1,675.1;618.8,728.3;616.6,807.2;675.5,674.6;682.5,561.1;681.4,560.0;675.3,504.2;728.3,501.6;763.8,535.1;720.9,555.2;646.7,561.1;635.8,537.7;655.0,512.7
182#736.1,743.4;775.5,671.4;707.4,677.2;658.3,678.8;624.5,726.3;629.2,802.6;682.1,678.0;684.6,565.7;683.0,564.1;673.8,509.4;727.5,507.2;761.4,539.6;722.9,558.6;648.6,567.4;638.8,553.2;656.2,536.6
183#739.2,755.7;775.6,683.4;713.8,680.3;664.6,682.5;630.3,724.3;641.9,798.1;688.8,681.4;686.7,570.3;684.6,568.2;672.3,514.7;726.7,512.8;759.0,544.2;724.8,561.9;650.5,573.7;641.7,568.7;657.4,560.6
184#742.3,768.0;775.8,695.3;720.3,683.4;670.8,686.1;636.0,722.3;654.6,793.6;695.4,684.8;688.8,574.9;686.1,572.2;670.8,520.0;725.9,518.4;756.6,548.8;726.8,565.3;652.4,580.0;644.6,584.2;658.6,584.6
185#745.4,780.3;775.9,707.2;726.8,686.6;677.0,689.8;641.8,720.4;667.3,789.1;702.0,688.2;690.9,579.6;687.7,576.3;669.4,525.2;725.2,523.9;754.2,553.3;728.8,568.7;654.4,586.2;647.6,599.8;659.9,608.6
186#748.5,792.6;776.0,719.2;733.2,689.7;683.3,693.5;647.5,718.4;680.0,784.6;708.7,691.6;693.0,584.2;689.3,580.4;667.9,530.5;724.4,529.5;751.8,557.9;730.7,572.0;656.3,592.5;650.5,615.3;661.1,632.6
187#751.7,804.9;776.2,731.1;739.7,692.8;689.5,697.2;653.3,716.4;692.6,780.0;715.3,695.0;695.1,588.8;690.9,584.5;666.4,535.7;723.6,535.1;749.4,562.4;732.7,575.4;658.2,598.8;653.5,630.8;662.3,656.5
188#754.8,817.2;776.4,743.1;746.1,696.0;695.8,700.8;659.0,714.4;705.3,775.5;722.0,698.4;697.2,593.5;692.4,588.6;664.9,541.0;722.8,540.6;747.0,567.0;734.6,578.7;660.2,605.1;656.4,646.4;663.6,680.5
189#757.9,829.5;776.5,755.0;752.6,699.1;702.0,704.5;664.8,712.4;718.0,771.0;728.6,701.8;699.3,598.1;694.0,592.7;663.4,546.2;722.0,546.2;744.6,571.5;736.6,582.1;662.1,611.4;659.4,661.9;664.8,704.5
190#761.2,819.4;780.9,748.3;751.4,706.6;704.9,709.1;660.8,721.3;712.2,777.7;726.9,706.6;697.5,601.2;692.6,593.8;666.9,551.0;722.0,559.5;749.0,584.0;734.3,591.4;660.8,611.0;643.6,645.3;663.2,601.2
191#768.9,809.7;793.2,736.7;751.9,700.2;703.2,709.9;659.4,731.8;715.3,797.5;725.1,707.5;698.3,600.4;693.4,588.2;670.3,552.9;732.4,576.1;749.4,636.9;734.8,590.7;659.4,610.1;644.8,653.9;652.1,619.9
192#784.0,796.0;808.9,726.3;746.7,701.4;696.9,711.4;664.5,743.7;714.3,811.0;719.3,701.4;696.9,599.3;694.4,584.4;678.2,550.8;736.7,576.9;774.0,594.3;736.7,586.9;654.5,609.3;639.6,656.6;649.5,626.7
193#798.8,779.0;816.9,706.6;744.4,698.8;692.7,709.2;666.8,753.2;713.4,820.4;718.5,704.0;695.2,597.9;695.2,587.5;688.8,542.2;752.2,597.9;788.4,587.5;739.2,587.5;651.2,608.2;628.0,654.8;643.5,626.4
194#798.7,779.0;816.8,706.6;744.4,698.8;692.7,709.2;666.8,753.1;713.4,820.3;718.5,704.0;695.3,598.0;695.3,587.6;688.8,542.4;752.2,598.0;788.4,587.6;736.6,587.6;651.3,608.3;628.0,654.8;643.5,626.4
195#812.5,757.8;823.4,684.0;741.5,695.0;692.3,708.6;670.5,760.5;708.7,831.5;716.9,700.4;697.8,593.9;697.8,588.5;693.7,535.2;755.1,555.7;798.8,574.8;744.2,585.7;654.1,602.1;610.4,640.3;632.3,626.7
196#809.5,732.2;822.0,657.2;743.8,694.7;690.7,713.5;681.3,772.9;709.4,841.7;715.7,704.1;700.1,588.4;700.1,585.2;698.5,521.1;773.5,521.1;803.2,557.1;747.0,582.1;656.3,594.6;600.0,616.5;618.8,597.8
197#794.6,713.7;818.3,639.2;740.5,690.0;686.4,700.1;696.5,777.9;703.3,849.0;713.5,696.8;703.3,578.4;699.9,575.0;706.7,517.5;799.7,502.2;801.4,547.9;747.3,575.0;655.9,581.7;598.4,588.5;615.4,554.7
198#779.2,697.7;812.8,623.7;735.5,677.5;685.1,694.3;698.5,771.6;695.2,848.9;708.6,687.6;705.2,570.0;705.2,573.3;708.6,509.5;797.7,504.4;806.1,543.1;752.3,566.6;658.2,570.0;604.4,556.5;607.8,522.9
199#776.8,691.2;806.4,622.1;743.9,674.8;694.5,687.9;691.2,763.7;704.4,846.0;720.8,681.4;710.9,562.8;707.6,562.8;707.6,506.8;803.1,520.0;813.0,556.2;753.7,562.8;664.8,559.5;615.4,533.2;599.0,490.4
200#778.6,691.1;808.1,622.2;745.8,674.7;696.5,687.9;689.9,766.7;706.4,845.5;719.5,681.3;706.4,563.1;706.4,563.1;706.4,507.3;801.6,520.4;811.4,556.5;752.3,563.1;663.7,559.8;617.7,533.5;598.0,490.9
201#771.5,697.7;807.6,628.8;745.2,674.7;695.9,687.9;679.5,753.5;712.4,822.5;718.9,678.0;709.1,559.8;709.1,563.1;705.8,504.0;794.4,533.5;807.6,566.4;751.8,563.1;666.4,556.5;623.7,527.0;604.0,490.9
202#763.3,706.2;809.8,641.2;741.6,675.2;698.3,678.3;667.3,734.1;713.7,799.1;719.9,678.3;710.6,560.6;707.5,560.6;704.5,504.9;794.3,542.0;803.6,576.1;754.0,563.7;664.2,557.5;614.6,542.0;602.2,501.8
203#761.5,702.0;805.0,636.7;740.8,664.9;697.1,667.9;668.0,724.9;712.3,790.0;718.8,667.9;710.9,549.8;707.7,550.0;705.5,493.9;794.4,535.9;801.9,567.5;753.8,553.4;664.9,546.0;617.4,528.8;606.2,488.8
204#759.7,697.8;800.1,632.2;740.0,654.7;695.9,657.4;668.7,715.7;710.8,780.8;717.6,657.4;711.1,539.0;707.9,539.4;706.5,483.0;794.6,529.8;800.3,558.8;753.6,543.0;665.5,534.5;620.2,515.5;610.2,475.7
205#757.9,693.6;795.3,627.8;739.1,644.4;694.6,647.0;669.4,706.5;709.4,771.7;716.5,647.0;711.4,528.2;708.1,528.8;707.6,472.0;794.7,523.7;798.6,550.2;753.4,532.7;666.2,523.0;622.9,502.3;614.2,462.6
206#756.1,689.4;790.5,623.3;738.3,634.2;693.4,636.6;670.1,697.3;708.0,762.5;715.4,636.6;711.6,517.4;708.3,518.2;708.6,461.1;794.9,517.6;796.9,541.5;753.2,522.4;666.9,511.5;625.7,489.1;618.2,449.6
207#754.2,685.2;785.7,618.8;737.5,623.9;692.2,626.2;670.9,688.1;706.5,753.4;714.3,626.2;711.9,506.6;708.6,507.7;709.6,450.1;795.0,511.5;795.2,532.9;752.9,512.1;667.6,500.0;628.5,475.8;622.2,436.6
208#752.4,681.0;780.8,614.3;736.7,613.7;691.0,615.7;671.6,678.9;705.1,744.2;713.1,615.7;712.1,495.8;708.8,497.1;710.6,439.2;795.2,505.4;793.6,524.3;752.7,501.7;668.2,488.5;631.3,462.6;626.2,423.5
209#750.6,676.8;776.0,609.9;735.8,603.4;689.7,605.3;672.3,669.7;703.7,735.1;712.0,605.3;712.4,485.0;709.0,486.5;711.7,428.2;795.3,499.3;791.9,515.6;752.5,491.4;668.9,477.0;634.0,449.4;630.2,410.4
210#748.8,672.6;771.2,605.4;735.0,593.2;688.5,594.9;673.0,660.5;702.2,725.9;710.9,594.9;712.6,474.2;709.2,475.9;712.7,417.3;795.5,493.2;790.2,507.0;752.3,481.1;669.6,465.5;636.8,436.1;634.2,397.4
211#747.0,668.5;766.3,600.9;734.2,582.9;687.3,584.4;673.7,651.2;700.8,716.8;709.7,584.4;712.9,463.3;709.4,465.3;713.7,406.3;795.6,487.1;788.6,498.3;752.1,470.7;670.2,454.0;639.6,422.9;638.3,384.4
212#745.2,664.3;761.5,596.4;733.4,572.6;686.1,574.0;674.4,642.0;699.4,707.7;708.6,574.0;713.2,452.5;709.6,454.7;714.7,395.3;795.7,481.0;786.9,489.7;751.9,460.4;670.9,442.5;642.4,409.7;642.3,371.3
213#743.4,660.1;756.7,591.9;732.6,562.4;684.9,563.6;675.1,632.8;697.9,698.5;707.5,563.6;713.4,441.7;709.8,444.1;715.7,384.4;795.9,474.9;785.2,481.1;751.7,450.1;671.6,431.0;645.2,396.4;646.3,358.2
214#741.6,655.9;751.9,587.5;731.7,552.1;683.6,553.2;675.8,623.6;696.5,689.4;706.4,553.2;713.7,430.9;710.0,433.5;716.8,373.4;796.0,468.8;783.5,472.4;751.5,439.8;672.3,419.5;647.9,383.2;650.3,345.2
215#739.8,651.7;747.0,583.0;730.9,541.9;682.4,542.7;676.5,614.4;695.1,680.2;705.2,542.7;713.9,420.1;710.2,422.9;717.8,362.5;796.2,462.7;781.9,463.8;751.3,429.4;672.9,408.0;650.7,370.0;654.3,332.1
216#737.9,647.5;742.2,578.5;730.1,531.6;681.2,532.3;677.3,605.2;693.6,671.1;704.1,532.3;714.2,409.3;710.5,412.4;718.8,351.5;796.3,456.6;780.2,455.2;751.0,419.1;673.6,396.5;653.5,356.7;658.3,319.1
217#736.1,643.3;737.4,574.0;729.3,521.4;680.0,521.9;678.0,596.0;692.2,661.9;703.0,521.9;714.4,398.5;710.7,401.8;719.8,340.6;796.5,450.5;778.5,446.5;750.8,408.8;674.3,385.0;656.3,343.5;662.3,306.1
218#734.3,639.1;732.6,569.6;728.4,511.1;678.7,511.5;678.7,586.8;690.8,652.8;701.9,511.5;714.7,387.7;710.9,391.2;720.9,329.6;796.6,444.4;776.8,437.9;750.6,398.5;675.0,373.5;659.0,330.3;666.3,293.0
219#732.5,634.9;727.7,565.1;727.6,500.8;677.5,501.0;679.4,577.6;689.3,643.7;700.7,501.0;715.0,376.9;711.1,380.6;721.9,318.6;796.7,438.3;775.2,429.2;750.4,388.1;675.6,362.0;661.8,317.0;670.3,279.9
220#730.7,630.7;722.9,560.6;726.8,490.6;676.3,490.6;680.1,568.4;687.9,634.5;699.6,490.6;715.2,366.1;711.3,370.0;722.9,307.7;796.9,432.2;773.5,420.6;750.2,377.8;676.3,350.5;664.6,303.8;674.3,266.9
221#726.1,617.5;726.1,547.6;726.1,477.7;679.5,477.7;683.3,551.5;683.3,625.2;702.8,477.7;710.5,357.3;706.6,361.2;714.4,295.2;803.7,403.9;776.5,407.8;741.6,369.0;671.7,345.7;679.5,291.3;689.2,258.3
222#721.8,610.9;725.5,544.5;725.5,463.2;673.8,463.2;677.4,537.1;673.8,610.9;699.6,463.2;710.7,348.7;707.0,345.0;703.3,285.9;806.7,385.7;777.2,400.4;743.9,359.8;677.4,341.3;666.4,289.6;684.8,252.7
