1#811.1,761.9;815.1,671.1;909.8,718.5;890.1,730.3;846.7,825.1;874.3,923.8;898.0,722.4;842.7,588.2;846.7,592.2;815.1,521.1;787.4,497.5;830.9,529.0;878.2,580.3;807.2,596.1;759.8,548.8;728.2,501.4
2#808.0,755.7;812.0,671.7;904.0,719.7;884.0,731.7;836.0,823.7;872.0,919.6;892.0,723.7;840.0,591.8;840.0,591.8;816.0,519.8;784.0,495.8;828.0,527.8;872.0,579.8;804.0,595.8;760.0,551.8;728.0,499.8
3#807.1,762.1;807.1,671.0;902.1,718.5;874.4,734.4;830.9,825.4;870.4,924.4;886.3,730.4;834.8,595.8;834.8,591.9;815.0,520.6;783.3,496.8;826.9,528.5;870.4,583.9;799.2,595.8;755.6,548.3;727.9,500.8
4#809.0,750.4;801.1,670.9;888.5,718.6;860.7,734.5;824.9,829.9;872.6,925.3;872.6,726.6;828.9,591.4;828.9,591.4;813.0,519.9;781.2,492.1;824.9,527.8;864.7,583.5;793.1,595.4;753.4,551.7;729.5,500.0
5#807.2,749.3;793.7,684.6;873.6,705.1;842.7,720.5;806.5,814.0;857.5,905.9;857.5,712.9;817.1,580.9;817.1,577.5;799.7,507.4;774.6,494.6;815.8,523.1;853.3,571.6;781.8,586.5;741.8,551.2;726.5,501.4
6#805.5,748.2;786.3,698.4;858.8,691.7;824.6,706.4;788.0,798.1;842.4,886.5;842.4,699.1;805.3,570.5;805.3,563.7;786.4,494.9;767.9,497.1;806.7,518.3;841.9,559.8;770.5,577.5;730.2,550.7;723.4,502.8
7#803.8,747.2;778.9,712.1;844.0,678.2;806.6,692.4;769.6,782.3;827.3,867.2;827.3,685.4;793.5,560.0;793.5,549.9;773.0,482.4;761.2,499.6;797.6,513.6;830.4,547.9;759.1,568.6;718.7,550.1;720.4,504.1
8#802.0,746.1;771.5,725.8;829.1,664.8;788.5,678.3;751.2,766.4;812.2,847.8;812.2,671.6;781.7,549.6;781.7,536.0;759.7,469.9;754.6,502.1;788.5,508.9;819.0,536.0;747.8,559.7;707.1,549.6;717.3,505.5
9#792.8,730.7;739.2,658.1;821.2,645.4;770.7,658.1;707.6,714.9;780.2,803.3;796.0,654.9;767.6,525.5;761.3,516.0;732.9,452.9;748.6,487.6;761.3,506.6;799.1,512.9;732.9,541.3;710.8,547.6;713.9,493.9
10#791.2,730.7;737.5,659.1;800.2,626.3;755.4,638.2;677.9,668.0;743.5,748.6;779.3,629.3;743.5,498.0;734.6,486.1;710.7,426.5;773.3,486.1;818.1,515.9;779.3,483.1;707.7,510.0;704.7,539.8;707.7,495.0
11#787.5,729.1;741.7,655.9;787.5,594.8;735.6,604.0;647.0,610.1;698.9,680.3;760.0,600.9;717.3,478.8;708.1,463.5;682.2,407.1;787.5,497.1;818.0,491.0;753.9,460.5;680.6,494.1;680.6,518.5;683.7,509.3
12#785.8,729.3;758.7,653.9;764.7,569.5;713.5,566.5;614.0,551.4;668.2,629.8;740.6,569.5;695.4,455.0;686.3,436.9;657.7,402.3;828.0,449.0;803.9,452.0;737.6,433.9;653.2,473.1;632.1,503.2;644.1,482.1
13#785.2,719.8;764.8,634.7;744.3,546.2;686.5,539.4;649.0,512.2;638.8,576.8;717.1,542.8;679.7,423.7;672.9,413.4;637.1,357.3;809.0,413.4;785.2,416.8;717.1,403.2;642.2,440.7;662.6,471.3;761.4,505.4
14#775.8,703.8;750.3,609.1;724.8,529.0;662.9,518.1;633.8,492.6;615.6,547.2;692.0,521.7;652.0,394.3;648.3,394.3;621.0,327.0;768.5,499.9;750.3,372.5;688.4,379.7;615.6,412.5;546.4,405.2;550.0,350.6
15#759.1,672.0;730.0,584.6;709.2,493.1;650.9,501.4;592.7,484.7;609.3,543.0;680.0,497.2;634.3,372.4;634.3,372.4;609.3,301.7;646.8,285.1;696.7,322.5;671.7,359.9;596.8,389.1;530.3,355.8;526.1,297.5
16#731.1,642.1;712.7,553.5;683.1,487.0;631.5,490.7;572.4,479.7;609.3,557.2;657.3,490.7;620.4,357.8;620.4,350.5;609.3,284.0;613.0,236.0;649.9,287.7;653.6,346.8;583.5,365.2;520.7,328.3;513.3,276.6
17#696.1,599.1;702.9,513.8;665.3,476.2;607.3,476.2;559.5,479.7;600.5,554.8;638.0,476.2;607.3,346.5;607.3,339.7;603.9,271.4;602.2,235.5;627.8,274.8;644.8,336.3;569.7,349.9;511.7,326.0;511.7,278.2
18#676.5,586.5;686.2,507.5;644.2,476.5;587.0,478.7;540.3,490.7;609.1,552.6;617.1,472.8;595.9,369.3;595.1,361.8;589.9,299.2;602.8,267.2;623.6,323.7;634.9,359.5;559.7,372.3;509.2,356.4;513.6,309.7
19#657.0,574.0;669.6,501.1;623.0,476.7;566.6,481.2;521.1,501.6;617.7,550.3;596.1,469.3;584.4,392.1;583.0,383.9;575.9,327.1;603.5,298.8;619.4,372.6;625.1,382.8;549.7,394.7;506.7,386.7;515.6,341.2
20#637.4,561.4;652.9,494.8;601.9,477.0;546.3,483.7;501.9,512.6;626.3,548.1;575.2,465.9;573.0,414.9;570.8,406.0;561.9,354.9;604.1,330.5;615.2,421.5;615.2,406.0;539.7,417.1;504.2,417.1;517.5,372.7
21#481.0,574.4;629.0,528.4;577.0,528.4;523.0,528.4;463.0,524.4;451.0,598.4;551.0,528.4;549.0,458.4;549.0,448.4;549.0,398.4;615.0,398.4;619.0,434.4;587.0,456.4;511.0,456.4;495.0,476.4;517.0,496.4
22#463.3,607.1;470.9,561.4;559.9,604.6;488.7,607.1;427.7,561.4;407.4,627.5;524.3,604.6;529.4,497.9;529.4,485.2;529.4,424.2;608.2,442.0;608.2,487.7;572.6,495.3;488.7,497.9;481.1,520.8;511.6,525.8
23#590.6,672.9;614.1,611.8;548.3,632.9;475.4,628.2;404.8,597.6;388.4,675.2;508.3,625.9;513.0,517.7;513.0,503.6;515.3,447.1;607.1,477.7;604.7,524.7;560.0,513.0;470.7,522.4;466.0,581.2;515.3,557.7
24#583.9,714.2;601.7,632.7;527.9,650.5;464.3,640.4;382.8,622.5;385.4,706.5;494.8,642.9;502.5,530.9;499.9,513.1;506.3,450.8;604.2,513.1;596.6,551.3;543.2,528.4;454.1,530.9;443.9,571.6;479.5,561.5
25#583.3,739.8;588.6,649.1;514.0,649.1;447.3,641.1;370.0,641.1;386.0,731.8;482.0,643.8;487.3,526.5;487.3,510.5;496.7,453.2;596.6,539.8;586.0,561.2;535.3,529.2;442.0,526.5;410.0,555.8;439.3,547.8
26#584.0,742.6;575.3,649.9;502.8,638.3;433.3,638.3;372.4,652.8;384.0,748.4;468.1,638.3;485.4,516.6;485.4,502.1;495.6,439.8;589.8,557.1;578.2,571.6;531.8,522.4;436.2,510.8;381.1,522.4;407.2,522.4
27#568.1,732.6;565.0,639.7;490.7,627.3;425.7,627.3;379.3,667.6;385.5,766.6;459.8,627.3;484.5,506.6;487.6,491.1;507.8,427.6;599.1,568.5;568.1,568.5;531.0,515.9;431.9,491.1;373.1,478.7;385.5,481.8
28#542.9,709.0;565.1,620.1;482.6,617.0;422.3,617.0;393.7,693.1;387.4,782.0;450.8,617.0;488.9,493.2;495.3,480.5;519.1,418.6;596.8,578.9;561.9,569.4;533.4,509.1;441.3,471.0;393.7,439.2;442.9,418.6
29#526.8,676.7;567.4,598.6;486.2,604.8;429.9,607.9;408.1,701.7;379.9,786.1;458.1,607.9;501.8,489.2;508.1,476.7;531.5,422.0;601.8,592.3;567.4,573.6;545.6,507.9;458.1,461.1;429.9,439.2;419.0,422.0
30#527.0,645.6;563.6,582.3;497.0,592.3;437.1,602.3;407.1,698.8;377.1,792.1;463.7,602.3;517.0,479.1;520.3,472.4;545.3,417.5;606.9,605.6;570.3,565.6;553.6,505.7;480.3,455.7;463.7,515.7;538.6,417.5
31#532.1,642.0;554.0,573.4;494.7,592.1;438.5,598.3;410.4,695.1;385.4,788.7;466.6,595.2;529.0,486.0;535.3,467.2;558.7,428.2;603.9,613.9;575.8,567.1;563.3,507.8;497.8,464.1;466.6,520.3;541.5,620.2
32#535.1,665.0;583.2,600.8;496.6,597.6;445.3,594.4;419.6,690.6;400.3,786.9;470.9,597.6;541.5,485.3;547.9,472.4;578.4,416.3;612.1,623.2;599.3,575.1;576.8,507.7;509.4,450.0;495.0,422.7;528.7,433.9
33#531.5,696.2;588.3,621.4;507.5,603.5;456.7,597.5;432.8,693.2;411.9,788.9;480.6,600.5;549.4,486.9;555.4,474.9;580.8,422.6;624.2,615.5;618.2,579.6;585.3,507.8;516.5,454.0;509.0,428.6;527.0,422.6
34#541.7,717.6;595.5,641.7;519.6,613.2;462.7,606.9;446.9,701.8;424.7,790.3;491.1,610.1;557.6,489.9;560.7,483.6;587.6,421.9;642.9,587.9;642.9,575.3;595.5,512.0;519.6,464.6;518.0,428.2;511.7,421.9
35#538.0,745.5;592.8,666.7;531.2,618.7;479.8,611.9;455.8,711.2;448.9,793.5;503.8,615.3;565.4,495.4;568.8,492.0;592.8,426.9;664.8,557.1;651.1,553.7;606.5,516.0;527.7,471.4;522.6,414.9;529.4,408.1
36#538.9,775.3;591.1,691.0;550.9,634.9;494.8,622.8;450.6,719.1;470.7,799.3;522.9,626.8;571.0,506.5;575.0,502.5;591.1,438.3;679.3,510.5;691.3,542.6;615.1,522.5;530.9,490.4;502.8,438.3;518.8,386.1
37#537.2,805.7;586.3,732.2;565.2,662.1;512.7,644.6;446.2,711.2;481.2,781.2;537.2,651.6;575.8,518.6;575.8,515.1;588.0,446.8;656.3,473.0;691.3,522.1;621.3,525.6;530.2,504.6;491.7,462.5;504.0,439.8
38#547.6,839.0;578.3,758.4;582.1,666.4;528.4,651.0;451.7,693.2;497.7,762.3;559.1,662.5;578.3,520.6;578.3,520.6;582.1,451.6;635.8,451.6;681.8,497.6;624.3,524.4;532.2,520.6;497.7,493.8;520.7,443.9
39#554.1,865.5;575.2,777.1;596.2,680.2;545.7,663.4;461.5,667.6;512.0,735.0;570.9,671.8;579.4,532.9;579.4,528.6;579.4,457.1;629.9,440.2;663.6,495.0;621.5,528.6;537.3,532.9;503.6,524.4;512.0,473.9
40#564.5,868.3;594.6,773.6;611.8,683.2;551.5,670.3;487.0,640.2;534.3,722.0;581.7,678.9;581.7,541.2;581.7,541.2;577.4,468.0;633.3,437.8;646.2,489.5;620.4,536.9;538.6,545.5;512.8,536.9;542.9,489.5
41#580.7,842.2;612.8,760.0;620.0,688.5;559.2,685.0;527.0,663.5;559.2,720.7;587.8,688.5;587.8,549.1;584.2,545.6;573.5,477.7;639.6,443.7;648.6,492.0;627.1,542.0;548.5,556.3;519.9,577.7;527.0,527.7
42#594.0,816.7;619.0,749.0;622.6,699.1;569.1,688.4;533.4,649.2;569.1,731.2;594.0,688.4;594.0,553.0;590.5,556.5;579.8,485.2;642.2,451.4;651.1,499.5;633.2,549.4;551.3,563.7;522.8,599.3;540.6,542.3
43#618.5,768.8;629.6,724.6;629.6,699.8;568.8,699.8;530.1,672.2;574.3,752.3;599.2,699.8;596.4,561.7;593.7,558.9;579.9,498.2;644.8,477.5;648.9,503.7;640.6,556.2;549.5,570.0;530.1,619.7;524.6,558.9
44#630.1,774.9;636.4,720.1;632.3,702.1;572.4,702.8;538.0,680.1;577.9,760.5;602.0,702.1;593.8,570.0;591.1,563.1;578.0,502.7;647.8,489.2;654.2,521.8;637.1,561.8;547.1,579.0;527.8,631.9;523.0,591.7
45#641.7,781.1;643.1,715.5;635.0,704.4;576.0,705.8;545.9,688.0;581.5,768.8;604.9,704.4;591.2,578.4;588.5,567.4;576.2,507.1;650.8,500.9;659.6,539.8;633.7,567.4;544.6,587.9;525.5,644.1;521.4,624.5
46#653.3,787.2;649.9,711.0;637.7,706.8;579.7,708.9;553.7,695.8;585.2,777.0;607.7,706.8;588.6,586.7;585.9,571.6;574.4,511.6;653.7,512.6;664.9,557.9;630.2,573.0;542.2,596.9;523.1,656.2;519.7,657.3
47#664.9,793.4;656.7,706.4;640.4,709.1;583.3,711.9;561.6,703.7;588.8,785.3;610.5,709.1;586.0,595.0;583.3,575.9;572.5,516.1;656.7,524.3;670.3,575.9;626.8,578.6;539.8,605.8;520.8,668.4;518.1,690.1
48#663.8,811.5;653.0,716.4;634.0,711.0;576.9,711.0;552.5,702.8;593.2,762.6;606.8,711.0;585.1,596.9;579.6,580.6;567.4,519.4;653.0,547.9;669.3,594.1;631.2,583.3;533.4,613.2;514.4,667.5;538.9,670.2
49#664.2,833.2;658.5,749.9;629.8,712.6;569.5,715.5;558.0,706.9;589.6,758.6;598.2,712.6;575.2,603.5;572.3,583.4;556.5,530.3;649.9,571.9;667.1,606.4;624.0,589.2;526.4,615.0;500.6,666.7;535.0,672.4
50#669.7,853.6;660.6,771.5;624.1,710.7;566.3,710.7;557.2,704.6;511.6,753.2;596.7,710.7;566.3,598.2;563.3,582.9;555.7,529.7;660.6,595.1;660.6,613.4;608.9,589.0;520.7,610.3;478.1,652.9;496.4,637.7
51#671.0,866.4;657.4,787.7;626.6,702.2;571.9,705.6;541.1,722.7;513.7,763.8;599.2,705.6;565.0,592.8;561.6,582.5;549.6,512.4;674.5,609.9;657.4,627.0;609.5,585.9;517.2,603.0;462.4,627.0;486.4,613.3
52#673.9,861.7;652.8,773.6;631.6,692.6;571.7,699.6;515.3,759.5;515.3,844.1;599.9,699.6;561.1,579.8;557.6,569.3;541.8,500.6;673.9,622.1;656.3,625.6;603.4,576.3;515.3,586.9;462.5,590.4;483.6,541.1
53#672.6,839.8;646.8,755.1;632.1,681.4;573.2,681.4;547.4,674.0;576.8,744.0;598.9,681.4;565.8,567.2;562.1,556.2;547.4,489.9;665.2,640.9;650.5,626.1;613.7,567.2;521.6,570.9;473.7,548.8;473.7,489.9
54#666.6,803.2;640.3,724.1;633.7,668.1;571.1,674.7;541.4,668.1;577.6,747.1;600.7,671.4;574.4,552.7;571.1,542.9;554.6,477.0;660.0,648.3;653.4,615.3;623.8,552.7;524.9,549.5;488.7,523.1;472.2,480.3
55#650.0,762.7;633.9,688.5;633.9,653.0;569.3,659.4;553.2,678.8;575.8,753.0;601.6,656.2;582.2,540.0;579.0,527.0;564.5,457.6;656.5,646.5;656.5,604.5;633.9,543.2;533.8,536.7;485.4,527.0;478.9,481.8
56#636.6,717.1;636.6,650.6;636.6,641.1;576.4,644.2;557.4,698.1;579.6,761.5;604.9,644.2;592.3,527.0;589.1,511.2;578.0,452.6;646.1,631.6;668.3,590.4;646.1,530.2;544.7,523.9;494.1,533.4;481.4,485.8
57#632.4,685.4;658.2,620.9;642.1,627.4;584.1,630.6;561.5,698.3;580.8,772.5;613.1,630.6;600.2,514.5;597.0,498.4;582.4,448.4;642.1,585.4;684.0,569.3;648.6,517.7;551.8,514.5;500.2,533.8;487.3,491.9
58#633.2,697.8;662.6,603.1;639.7,616.1;584.2,622.7;567.8,704.3;580.9,786.0;613.6,619.4;607.0,501.8;603.8,488.7;589.1,425.0;672.4,534.4;701.8,544.2;656.1,505.0;558.0,505.0;502.5,537.7;486.1,505.0
59#636.3,708.7;625.8,628.1;643.3,607.1;590.8,621.1;576.8,701.7;573.3,785.7;618.8,614.1;604.8,491.6;601.3,481.1;596.0,412.8;681.8,498.6;699.3,502.1;653.8,488.1;555.7,498.6;510.2,540.6;485.7,512.6
60#646.3,680.2;629.8,604.1;646.3,594.2;596.7,600.8;563.7,683.5;567.0,766.2;619.9,597.5;600.0,485.1;600.0,471.9;588.5,407.4;646.3,422.3;692.6,461.9;649.6,471.9;553.7,495.0;517.4,541.3;487.6,521.5
61#645.0,709.5;631.3,627.2;648.5,592.9;593.6,596.3;555.9,658.1;569.6,747.2;621.0,596.3;597.0,479.7;597.0,469.4;581.6,395.7;650.2,395.7;672.5,428.3;645.0,462.6;549.0,493.4;514.7,551.8;480.4,544.9
62#642.8,718.1;625.9,640.8;642.8,593.7;578.9,593.7;541.9,627.3;565.4,704.7;612.5,593.7;585.6,476.0;585.6,469.3;570.5,400.3;657.9,393.6;659.6,412.1;632.7,459.2;541.9,492.8;511.6,550.0;478.0,570.2
63#641.1,745.0;623.0,654.3;637.5,596.2;579.4,592.6;535.9,588.9;554.0,657.9;604.8,592.6;575.8,472.8;572.2,461.9;546.8,396.6;637.5,378.5;666.5,414.8;615.7,454.7;528.6,494.6;503.2,556.3;474.2,585.3
64#642.8,761.2;631.4,669.8;623.8,589.9;555.3,578.5;524.8,567.0;524.8,650.8;589.5,586.1;555.3,471.9;551.5,464.3;528.6,391.9;654.3,437.6;658.1,426.2;601.0,449.0;509.6,498.5;490.6,567.0;471.5,612.7
65#644.4,773.4;628.8,676.5;609.5,587.3;551.3,587.3;516.4,626.1;520.3,672.6;578.4,587.3;535.8,471.0;531.9,463.3;506.7,395.4;652.1,440.0;648.2,443.9;578.4,451.6;489.3,494.3;473.8,556.3;473.8,610.6
66#642.8,766.9;629.3,676.8;602.3,586.8;539.2,586.8;530.2,658.8;507.7,681.3;570.8,586.8;525.7,474.2;525.7,469.7;501.0,386.3;651.8,460.7;620.3,465.2;566.3,456.2;476.2,496.7;449.2,555.2;467.2,600.3
67#640.9,759.3;627.1,662.6;578.8,583.3;520.1,590.2;530.5,683.4;520.1,714.4;551.2,586.7;516.7,472.8;516.7,462.5;490.8,398.6;637.5,483.2;616.7,486.6;561.5,462.5;475.3,486.6;423.5,538.4;461.4,572.9
68#641.4,734.5;628.7,645.7;571.6,588.6;514.6,601.3;511.4,642.5;533.6,715.4;543.1,594.9;511.4,480.7;508.2,464.9;493.9,409.4;641.4,502.9;612.9,512.4;552.6,471.2;467.0,490.2;409.9,518.8;419.4,522.0
69#643.3,706.1;628.6,623.7;563.8,591.3;505.0,611.9;510.9,667.8;534.4,747.3;534.4,603.1;507.9,485.3;507.9,470.6;500.6,413.2;652.1,544.2;610.9,529.5;558.0,482.4;460.8,488.3;410.8,491.2;404.9,491.2
70#644.7,676.6;632.4,596.8;555.6,593.7;497.2,612.1;509.5,688.9;534.1,775.0;528.0,606.0;512.6,483.1;509.5,470.8;508.0,414.0;650.8,572.2;623.2,541.5;561.8,486.2;460.4,480.0;408.1,464.7;417.4,467.7
71#632.6,647.1;622.3,564.5;550.0,592.1;498.4,612.7;508.8,702.1;536.3,795.0;522.5,602.4;512.2,475.1;512.2,468.2;503.6,401.2;618.8,561.1;618.8,526.7;563.8,482.0;464.1,468.2;419.3,433.8;455.5,401.2
72#615.2,618.9;618.9,531.3;553.1,582.4;494.7,600.7;516.6,706.6;531.2,801.5;523.9,593.4;516.6,465.5;513.0,458.2;507.5,394.3;615.2,513.0;629.8,505.7;560.4,469.2;469.1,458.2;436.3,410.7;434.4,394.3
73#605.5,600.3;616.9,520.1;552.0,577.4;490.9,592.7;506.2,695.8;521.5,798.9;521.5,588.9;521.5,451.4;521.5,451.4;508.1,377.0;609.3,478.1;636.0,478.1;567.3,459.0;475.6,440.0;447.0,384.6;439.4,377.0
74#602.9,606.2;610.6,520.8;544.6,571.3;490.2,586.8;498.0,687.8;513.5,784.9;517.4,575.2;521.3,439.2;521.3,443.1;507.7,371.2;587.3,450.8;630.1,450.8;567.9,443.1;474.7,435.3;439.7,388.7;437.8,371.2
75#606.8,630.2;624.5,548.8;539.5,562.9;482.8,580.6;486.3,679.8;500.5,775.5;511.1,573.6;514.7,435.4;511.1,431.8;505.8,380.5;564.3,399.9;617.4,428.3;560.7,438.9;468.6,435.4;419.0,403.5;420.8,380.5
76#603.2,657.7;625.3,576.7;544.3,561.9;485.3,573.0;478.0,672.4;481.6,771.9;514.8,565.6;507.4,433.0;507.4,433.0;494.5,368.5;531.4,375.9;595.8,410.9;555.3,433.0;463.2,433.0;411.7,422.0;428.2,375.9
77#599.5,678.5;616.2,591.7;539.3,558.3;485.9,568.3;469.2,668.5;464.2,773.7;512.6,565.0;502.6,431.4;502.6,428.0;477.6,359.6;517.6,359.6;569.4,391.3;542.7,428.0;462.5,438.1;412.4,441.4;429.1,398.0
78#599.2,703.8;606.7,606.5;539.4,561.6;483.2,565.4;449.6,655.1;460.8,748.6;509.4,565.4;494.5,434.5;494.5,427.0;468.3,359.7;500.1,342.8;539.4,374.6;535.6,423.2;453.3,441.9;415.9,460.6;427.1,415.8
79#597.2,731.1;588.0,626.4;533.4,558.0;487.8,558.0;424.1,630.9;460.5,731.1;510.6,558.0;483.3,435.1;478.7,425.9;451.4,362.2;483.3,316.6;519.7,366.7;519.7,421.4;446.8,448.7;419.5,485.2;437.7,430.5
80#598.3,750.5;562.2,654.2;534.1,561.8;477.8,557.8;405.6,610.0;457.8,698.3;505.9,569.8;469.8,429.3;465.8,425.3;437.7,361.0;471.8,322.9;497.9,357.0;501.9,413.2;429.6,449.4;421.6,505.6;425.6,469.4
81#599.6,754.7;559.0,659.8;527.4,564.9;477.7,569.4;387.3,592.0;446.0,668.8;504.8,564.9;450.6,438.4;450.6,429.4;423.5,361.6;446.0,452.0;477.7,361.6;486.7,424.9;418.9,456.5;409.9,510.7;409.9,483.6
82#588.5,752.8;561.3,655.6;514.6,573.9;460.2,573.9;378.5,573.9;425.2,647.8;487.4,573.9;440.7,445.6;440.7,437.8;405.7,371.7;466.0,334.8;458.2,334.8;479.6,430.0;405.7,461.1;363.0,511.7;316.3,507.8
83#571.6,737.5;562.3,638.2;497.2,576.2;438.2,579.3;382.4,554.5;407.2,635.1;466.2,576.2;432.0,458.3;425.8,449.0;407.2,380.8;458.4,357.5;484.8,393.2;475.5,449.0;385.5,473.8;339.0,523.5;335.9,535.9
84#551.4,705.9;566.8,616.6;480.6,588.8;422.1,595.0;378.9,551.9;385.1,632.0;449.8,591.9;425.1,471.8;422.1,459.5;406.7,394.8;465.2,385.6;486.7,422.5;468.3,462.6;382.0,478.0;323.5,496.4;360.5,474.9
85#534.0,673.9;564.8,592.7;472.4,603.9;402.4,603.9;368.8,553.5;368.8,637.5;438.8,606.7;419.2,475.1;419.2,469.5;410.8,405.1;476.6,372.9;464.0,416.3;466.8,472.3;374.4,483.5;318.4,475.1;340.8,438.7
86#515.8,637.0;535.2,569.0;459.9,607.8;391.9,607.8;357.9,569.0;353.1,651.5;430.8,607.8;416.2,484.0;416.2,471.9;411.4,413.6;479.3,396.6;469.6,425.8;467.2,479.2;374.9,486.4;324.0,459.7;326.4,411.2
87#483.7,586.9;513.7,564.4;458.7,606.9;386.3,604.4;343.8,586.9;346.3,671.8;423.7,606.9;411.2,487.0;411.2,474.5;423.7,414.5;476.2,427.0;486.2,469.5;453.7,484.5;366.3,482.0;336.3,447.0;310.1,398.3
88#371.7,630.4;475.2,605.9;453.4,608.7;385.3,616.8;347.2,600.5;341.7,695.8;418.0,611.4;404.4,480.7;404.4,475.3;423.4,415.4;469.7,445.3;486.0,483.4;445.2,480.7;363.5,478.0;328.1,445.3;305.0,403.1
89#466.6,617.1;463.7,593.6;440.3,611.2;381.7,611.2;343.6,628.8;340.7,710.8;408.0,611.2;399.3,479.4;402.2,473.5;416.8,409.0;481.3,455.9;490.1,496.9;443.2,476.4;355.3,476.4;305.5,461.8;302.6,414.9
90#446.1,636.4;494.0,563.0;439.7,598.1;379.0,607.7;343.9,646.0;340.7,729.0;411.0,604.5;398.2,476.8;398.2,467.2;412.5,398.5;487.6,473.6;474.8,508.7;439.7,476.8;353.5,473.6;299.2,470.4;299.2,422.5
91#449.0,649.4;495.2,566.3;439.8,587.9;378.2,600.2;350.5,664.8;341.3,741.8;409.0,597.1;402.9,470.9;402.9,458.6;407.5,401.6;486.0,523.2;479.8,523.2;449.0,474.0;353.6,470.9;295.1,480.1;301.3,440.1
92#449.6,661.5;490.0,577.7;440.3,574.6;384.4,580.8;353.4,667.7;334.8,748.4;412.4,577.7;403.1,465.9;403.1,447.3;404.6,399.2;486.9,534.2;474.5,534.2;449.6,465.9;353.4,469.0;297.5,490.8;294.4,465.9
93#447.2,681.0;481.6,590.3;450.3,562.2;394.1,571.6;356.5,649.7;337.8,743.5;422.2,568.4;403.4,459.0;403.4,440.2;398.7,394.9;462.8,499.6;494.1,499.6;450.3,455.9;356.5,462.1;303.4,499.6;287.7,487.1
94#443.1,700.6;473.6,615.2;455.3,560.3;400.4,563.4;354.7,636.5;351.6,718.8;427.9,563.4;406.5,456.6;406.5,441.4;392.8,403.3;485.8,478.0;516.3,487.1;458.4,453.6;357.7,459.7;309.0,511.5;302.9,490.2
95#443.2,718.9;466.1,630.1;452.6,561.7;395.6,562.5;356.2,612.5;361.8,683.9;424.2,563.7;406.1,453.0;406.1,440.3;393.7,390.1;494.0,439.9;515.0,461.9;457.2,447.2;355.7,457.6;310.5,513.8;300.0,511.1
96#443.4,737.3;458.6,645.1;450.0,563.0;390.9,561.5;357.8,588.4;372.1,649.0;420.4,564.1;405.6,449.4;405.6,439.3;394.7,376.8;502.2,401.7;513.6,436.6;456.1,440.8;353.7,455.6;311.9,516.2;297.2,532.0
97#443.5,755.6;451.1,660.0;447.3,564.4;386.1,560.6;359.3,564.4;382.3,614.1;416.7,564.4;405.2,445.8;405.2,438.2;395.6,363.6;510.4,363.6;512.3,411.4;454.9,434.4;351.7,453.5;313.4,518.5;294.3,552.9
98#442.2,754.7;442.2,659.0;442.2,559.1;392.3,550.8;367.3,546.6;467.2,642.3;413.1,559.1;404.8,434.2;404.8,430.1;396.4,355.2;519.2,340.6;504.6,392.6;454.7,421.8;350.6,442.6;304.9,496.7;304.9,542.5
99#435.9,755.0;448.4,663.8;431.8,556.0;382.1,547.7;369.6,543.6;315.7,605.8;406.9,551.9;402.8,427.5;402.8,423.4;392.4,350.9;518.8,357.1;510.5,406.8;452.5,419.3;353.0,435.8;295.0,473.1;307.5,473.1
100#429.7,732.2;451.9,643.3;422.3,543.3;370.4,539.6;444.5,598.8;466.7,661.8;396.3,543.3;400.0,421.0;400.0,417.3;398.2,341.3;518.6,376.5;507.5,417.3;448.2,417.3;348.2,424.7;285.2,446.9;311.1,435.8
101#438.8,696.0;466.4,623.7;418.2,537.6;370.0,537.6;445.7,582.4;449.2,637.5;394.1,537.6;397.5,413.7;397.5,410.2;406.1,343.1;518.0,389.6;511.1,430.9;445.7,420.5;345.9,413.7;290.8,413.7;339.0,393.0
102#468.6,700.2;486.5,592.9;422.1,539.2;372.0,539.2;429.2,582.2;443.5,657.3;397.0,539.2;397.0,414.0;397.0,410.4;409.5,340.6;522.2,417.6;507.9,446.2;443.5,417.6;350.5,406.8;311.1,378.2;352.3,340.6
103#486.4,648.4;490.2,560.6;417.6,530.1;364.2,537.7;425.3,587.3;448.2,679.0;390.9,533.9;398.5,411.7;402.4,407.9;410.0,335.3;524.5,442.2;509.3,465.1;448.2,419.3;356.5,400.2;333.6,346.8;339.4,322.0
104#497.8,611.8;485.0,525.7;414.8,519.3;367.0,528.8;418.0,602.2;443.5,694.7;392.5,525.7;402.1,407.6;402.1,398.1;418.0,334.3;510.5,442.7;504.1,458.7;446.7,417.2;360.6,394.9;328.7,359.8;355.8,316.7
105#496.2,569.3;483.8,490.6;417.5,519.6;371.9,536.2;413.4,623.2;446.5,710.2;392.6,527.9;405.1,403.6;409.2,399.5;432.0,327.0;529.4,469.9;500.4,469.9;454.8,416.0;359.5,391.2;322.2,378.8;322.2,341.5
106#481.5,538.3;473.9,470.3;432.3,511.9;383.2,534.6;409.7,636.6;436.1,716.0;405.9,523.2;413.4,406.1;417.2,390.9;430.4,336.1;534.4,485.4;504.1,474.1;462.6,417.4;368.1,390.9;375.6,451.4;417.2,493.0
107#509.8,511.4;456.8,496.2;441.6,511.4;384.8,522.7;403.7,632.6;422.7,716.0;411.3,515.2;426.5,397.7;426.5,393.9;432.2,327.6;525.0,500.0;513.6,477.3;471.9,416.6;381.0,382.5;320.4,401.5;312.8,393.9
108#444.8,560.4;477.5,503.1;453.0,503.1;395.7,515.4;395.7,617.7;412.0,711.8;424.3,511.3;432.5,400.8;436.6,384.4;444.8,314.9;526.6,515.4;518.4,474.5;481.6,417.2;387.5,388.5;326.1,417.2;313.8,417.2
109#502.1,555.9;486.8,494.5;456.1,506.0;402.4,517.5;394.7,605.7;402.4,705.4;429.3,509.9;440.8,398.7;444.6,383.3;458.0,320.1;525.1,513.7;532.8,471.5;494.4,414.0;390.9,387.2;333.4,421.7;318.1,433.2
110#459.8,582.1;489.9,503.1;459.8,499.3;410.8,503.1;392.0,604.7;395.8,710.1;433.4,503.1;452.2,397.7;452.2,382.7;461.6,313.0;538.8,461.7;546.3,454.2;497.4,405.2;403.3,390.2;339.3,420.3;331.8,465.5
111#469.8,601.6;480.6,526.2;466.2,501.1;412.4,501.1;398.0,608.8;394.4,709.3;441.1,501.1;459.0,397.0;462.6,386.2;468.0,319.8;541.6,422.1;570.3,440.1;509.3,404.2;408.8,386.2;344.2,397.0;372.9,382.6
112#472.0,622.2;472.0,537.8;472.0,502.6;422.7,502.6;391.0,608.1;398.0,703.2;447.3,502.6;475.5,389.9;472.0,386.4;477.2,317.8;552.9,361.8;584.6,407.5;521.2,400.5;422.7,379.4;348.8,379.4;380.4,344.2
113#472.2,634.6;465.6,555.7;485.4,509.7;432.8,509.7;383.5,585.3;403.2,680.6;462.4,509.7;478.8,384.9;482.1,384.9;483.7,317.6;556.0,317.6;577.3,375.0;524.8,391.5;432.8,378.3;370.4,361.9;398.3,317.6
114#470.1,655.7;459.9,570.0;497.6,518.6;442.7,508.3;374.2,563.2;408.4,648.9;470.1,508.3;487.3,381.5;487.3,384.9;483.8,312.9;564.4,301.0;562.7,350.7;528.4,388.4;449.6,378.1;391.3,364.4;398.2,312.9
115#473.9,672.4;463.2,583.8;502.2,512.8;445.5,505.7;367.5,530.6;413.6,605.0;473.9,512.8;495.1,378.0;495.1,381.6;488.1,310.7;564.3,298.2;559.0,339.0;534.2,381.6;459.7,378.0;388.7,371.0;402.9,321.3
116#476.5,686.8;472.7,595.5;506.9,515.7;442.3,500.5;377.6,492.9;332.0,549.9;476.5,508.1;499.3,375.0;499.3,378.8;486.0,308.4;562.1,308.4;571.6,356.0;541.1,371.2;461.3,375.0;396.6,378.8;411.8,337.0
117#471.4,690.8;486.2,598.6;508.3,502.7;453.0,487.9;401.3,465.8;346.0,546.9;482.5,499.0;504.6,362.5;504.6,358.8;488.0,294.2;571.0,314.5;585.8,358.8;545.2,362.5;460.3,362.5;401.3,377.2;401.3,351.4
118#474.4,673.1;493.0,576.4;511.6,479.8;463.3,464.9;411.2,438.9;429.8,513.3;485.6,476.1;504.2,349.7;504.2,342.3;487.4,284.7;574.8,316.3;593.4,353.4;548.8,349.7;459.6,349.7;403.8,390.6;396.4,364.6
119#471.8,631.3;496.2,540.7;520.5,457.1;468.3,443.2;423.0,422.3;433.5,509.4;492.7,450.2;506.6,324.8;503.1,314.4;490.9,263.9;569.3,324.8;597.1,352.7;548.4,324.8;461.3,324.8;412.6,359.6;402.1,349.2
120#484.3,582.2;501.4,503.5;521.9,435.0;474.0,421.4;433.0,421.4;433.0,513.7;498.0,428.2;504.8,308.4;504.8,301.6;492.8,238.3;569.8,325.5;597.2,349.5;549.3,305.0;460.3,311.9;415.9,359.8;398.7,352.9
121#505.6,546.2;520.6,476.9;529.7,416.6;475.4,404.6;424.2,434.7;424.2,528.1;502.6,410.6;508.6,299.1;505.6,284.0;501.1,231.3;571.9,323.2;596.0,350.3;550.8,296.1;460.4,302.1;421.2,353.3;403.1,362.4
122#542.7,493.9;554.7,436.7;530.6,400.6;476.4,397.6;416.3,448.7;422.3,542.0;503.5,397.6;512.6,292.2;509.6,277.2;511.1,215.5;572.8,328.4;599.8,346.4;560.7,292.2;461.4,295.2;419.3,340.4;419.3,373.5
123#574.9,464.3;592.1,389.8;537.7,387.0;480.4,389.8;411.6,458.6;423.1,556.0;506.2,389.8;517.6,283.8;517.6,263.8;516.2,213.6;583.5,329.7;615.0,338.3;566.3,283.8;466.0,283.8;420.2,323.9;431.7,341.1
124#604.2,448.1;613.2,366.5;543.7,381.6;483.2,381.6;425.8,472.3;425.8,566.0;513.5,381.6;528.6,272.8;525.6,254.6;530.1,201.7;592.1,303.0;628.4,321.1;577.0,275.8;477.2,269.7;422.8,303.0;428.8,300.0
125#625.3,447.5;634.7,355.9;549.5,368.6;489.5,371.7;461.1,472.7;426.4,570.6;521.1,368.6;540.0,258.1;540.0,239.2;541.6,190.2;615.8,283.3;637.9,299.1;590.5,264.4;489.5,251.8;429.6,273.9;458.0,270.7
126#640.9,451.5;646.8,365.1;566.4,374.1;506.9,374.1;468.2,412.8;414.6,448.5;539.7,374.1;548.6,243.1;548.6,234.2;545.6,168.7;593.2,234.2;637.9,258.0;590.3,243.1;509.9,243.1;453.3,243.1;489.1,201.4
127#658.3,473.5;661.7,379.2;580.9,359.0;523.6,359.0;466.4,443.2;463.0,530.7;550.6,359.0;557.3,237.8;557.3,234.4;550.6,167.1;587.6,167.1;628.0,217.6;594.4,234.4;516.9,241.2;479.9,224.3;503.4,173.8
128#668.5,489.1;671.6,394.9;596.3,366.6;539.8,366.6;473.9,426.3;486.4,514.2;568.0,366.6;564.9,238.0;564.9,234.8;555.5,168.9;585.3,142.2;608.8,190.9;605.7,234.8;527.2,244.2;495.8,238.0;511.5,184.6
129#672.3,506.1;682.2,413.2;612.5,373.4;549.5,370.1;476.5,413.2;522.9,482.9;579.3,373.4;572.7,250.6;572.7,244.0;556.1,180.9;587.6,142.7;609.2,197.5;612.5,244.0;532.9,257.2;499.7,253.9;513.0,204.1
130#682.2,523.6;696.0,430.3;623.5,392.3;564.7,392.3;485.3,395.7;547.4,461.4;595.8,392.3;582.0,261.0;578.5,254.1;557.8,191.9;595.8,167.7;620.0,212.6;623.5,257.5;540.5,271.3;509.4,271.3;516.4,226.4
131#686.1,540.2;700.5,443.3;632.3,393.1;578.5,396.7;506.7,385.9;571.3,446.9;603.6,393.1;585.7,274.7;582.1,263.9;560.6,199.4;596.4,188.6;621.6,224.5;621.6,263.9;549.8,281.9;513.9,289.1;517.5,246.0
132#696.4,560.7;696.4,461.4;646.7,411.7;582.8,411.7;529.6,390.4;586.4,450.7;614.8,411.7;586.4,280.4;586.4,269.7;558.0,205.8;597.0,202.3;625.4,244.9;625.4,269.7;547.3,291.0;522.5,305.2;519.0,262.6
133#708.2,575.5;693.6,476.8;657.0,403.7;594.9,403.7;540.0,407.3;598.5,473.1;627.8,407.3;587.6,286.7;587.6,275.7;563.8,204.4;602.2,301.3;635.1,323.2;624.1,279.3;551.0,294.0;532.7,330.5;525.4,286.7
134#725.0,583.9;695.6,488.1;666.1,403.3;607.1,407.0;540.8,432.8;603.4,499.1;636.6,407.0;585.0,285.4;581.3,278.0;561.0,209.8;585.0,296.4;610.8,307.5;621.8,278.0;540.8,292.7;537.1,340.6;533.4,292.7
135#729.0,576.5;704.4,485.3;658.8,397.6;606.2,404.6;543.1,446.7;606.2,523.9;634.3,401.1;585.2,285.4;581.6,274.8;558.8,213.4;609.7,331.0;644.8,331.0;627.2,274.8;539.6,299.4;536.0,352.0;529.0,313.4
136#734.0,562.6;710.9,466.9;651.5,397.5;598.6,407.4;549.1,466.9;608.5,542.8;625.0,400.8;582.1,288.5;582.1,272.0;570.6,207.6;618.4,311.6;658.1,305.0;628.3,275.3;535.9,298.4;519.4,351.3;522.7,314.9
137#735.8,539.1;725.2,451.6;637.8,388.6;588.8,402.6;553.8,479.6;609.8,563.6;616.8,399.1;585.2,287.1;581.8,273.1;573.0,204.9;648.2,290.6;676.2,301.1;627.2,276.6;539.8,294.1;483.8,339.6;532.8,329.1
138#731.8,510.8;731.8,427.5;638.0,392.7;585.9,406.6;565.1,500.4;610.2,580.3;613.7,399.7;585.9,285.1;585.9,274.7;577.2,210.4;644.9,292.0;686.6,292.0;631.0,274.7;537.3,292.0;471.3,312.9;502.6,295.5
139#719.7,477.9;734.0,395.8;633.9,392.2;583.9,413.6;580.4,517.2;612.5,603.0;608.9,406.5;583.9,285.0;580.4,274.3;585.7,211.8;637.5,238.6;687.5,277.9;630.4,281.5;530.3,285.0;462.5,288.6;491.0,252.9
140#696.9,451.0;721.9,368.8;632.5,397.3;582.5,422.4;596.8,518.9;611.1,604.7;603.9,411.6;586.1,279.4;586.1,272.2;587.9,209.7;659.3,209.7;686.1,261.5;636.1,279.4;539.6,279.4;475.3,265.1;487.8,209.7
141#669.1,429.0;684.5,367.3;634.4,398.1;580.4,413.6;595.8,513.8;599.6,606.4;607.4,405.8;591.9,274.7;591.9,274.7;590.0,199.5;684.5,228.4;688.4,267.0;634.4,274.7;545.6,274.7;487.8,247.7;474.3,199.5
142#643.9,430.7;693.3,354.7;636.3,396.5;583.1,411.7;583.1,510.5;602.1,601.6;609.7,407.9;590.7,274.9;594.5,274.9;592.6,204.6;708.5,263.5;681.9,274.9;636.3,274.9;545.1,274.9;499.5,244.5;469.1,210.3
143#643.1,439.6;685.1,366.2;639.7,394.1;580.3,404.6;569.8,492.0;608.2,575.8;611.7,401.1;594.2,282.3;594.2,278.8;589.0,207.2;695.6,271.9;702.5,289.3;639.7,278.8;548.8,282.3;496.4,268.4;461.5,226.4
144#642.7,464.6;675.2,399.6;645.4,394.2;588.5,405.0;564.1,483.6;607.4,535.0;618.3,399.6;596.6,285.8;593.9,277.7;584.4,219.4;686.0,275.0;699.5,304.8;640.0,280.4;550.6,288.5;493.7,280.4;461.2,245.2
145#637.7,488.4;678.6,406.6;648.6,398.4;591.4,409.3;553.2,431.1;547.7,472.0;624.1,401.1;594.1,289.3;594.1,278.4;585.9,218.4;686.8,292.1;697.7,313.9;640.4,286.6;553.2,294.8;490.5,289.3;463.2,256.6
146#637.0,499.4;677.6,410.2;653.3,402.1;588.4,404.8;547.8,404.8;596.5,467.0;623.5,404.8;599.2,291.2;596.5,280.3;585.6,218.1;688.4,304.7;702.0,323.6;645.2,288.4;553.2,296.6;491.0,299.3;463.9,269.5
147#634.2,517.5;673.7,413.2;656.7,399.1;583.4,393.4;549.6,379.3;591.9,447.0;622.9,399.1;600.3,289.1;597.5,277.8;587.6,217.2;716.0,337.0;699.0,322.9;645.5,283.4;552.4,294.7;490.3,306.0;465.0,277.8
148#634.5,541.4;654.9,459.5;657.9,392.3;596.5,383.5;561.4,366.0;593.5,442.0;625.7,392.3;605.2,287.0;599.4,272.4;583.3,218.3;719.3,357.2;690.0,325.0;652.0,284.1;558.5,290.0;494.1,304.6;467.8,284.1
149#626.0,570.7;645.8,463.3;662.8,384.2;597.8,375.7;561.0,372.9;594.9,446.3;631.7,378.5;606.2,276.8;603.4,265.5;585.0,218.8;719.3,367.2;699.5,330.5;654.3,276.8;558.2,282.4;498.8,302.2;467.8,290.9
150#624.4,553.6;640.6,463.2;656.7,366.4;595.4,360.0;563.1,385.8;598.6,460.0;627.7,363.2;608.3,272.9;605.1,263.2;590.5,200.3;718.0,366.4;701.9,318.0;659.9,269.7;556.7,276.1;508.3,305.1;469.6,301.9
151#630.1,558.1;640.4,469.2;650.6,366.5;592.4,356.2;554.8,387.0;599.3,465.7;619.8,359.7;609.6,263.9;609.6,257.0;594.2,190.3;722.5,369.9;708.8,311.8;657.5,263.9;565.1,267.3;513.7,308.3;469.3,308.3
152#633.2,557.7;636.6,465.0;640.1,358.6;581.7,351.7;557.6,406.7;598.8,478.8;612.6,355.1;612.6,255.6;612.6,245.3;604.0,188.6;684.7,358.6;705.3,307.1;660.7,255.6;564.5,255.6;513.0,296.8;471.8,307.1
153#631.1,559.9;634.8,464.8;638.4,358.7;579.9,355.1;561.6,424.6;601.8,494.1;609.1,355.1;612.8,249.0;612.8,241.6;607.3,174.0;689.6,358.7;704.3,303.8;660.4,252.6;565.2,249.0;503.1,281.9;466.5,325.8
154#630.8,555.8;638.2,463.2;638.2,363.1;578.9,359.4;564.1,437.2;604.9,511.3;608.6,363.1;619.7,244.6;616.0,233.5;610.4,172.3;693.8,355.7;701.2,300.2;664.1,248.3;571.5,240.9;501.1,259.4;504.8,263.1
155#631.6,555.7;635.3,460.9;635.3,377.0;576.9,369.7;569.7,449.9;609.8,530.2;606.1,377.0;617.1,242.1;617.1,227.5;618.9,174.6;690.0,344.2;697.3,300.4;668.1,249.4;566.0,234.8;489.4,242.1;518.6,227.5
156#635.8,550.4;635.8,455.7;635.8,372.3;575.2,376.1;578.9,459.5;609.3,550.4;605.5,376.1;616.8,235.9;616.8,224.5;626.3,169.6;688.8,342.0;692.6,296.5;669.9,247.3;563.8,228.3;499.4,217.0;541.1,186.7
157#643.2,551.2;639.3,461.1;639.3,367.0;580.5,371.0;592.3,468.9;600.1,559.0;611.9,371.0;619.7,233.8;619.7,226.0;621.7,161.3;690.2,335.7;686.3,300.4;666.7,245.6;568.8,222.1;521.8,198.6;559.0,161.3
158#652.4,548.6;644.6,463.7;640.8,371.1;582.9,375.0;594.5,479.1;598.4,564.0;609.9,375.0;617.6,236.1;621.5,228.4;627.3,164.8;690.9,332.5;683.2,305.5;663.9,247.7;571.4,220.7;555.9,186.0;565.6,164.8
159#662.9,553.4;651.4,469.0;643.8,373.2;586.2,373.2;590.1,480.5;601.6,564.9;613.1,373.2;620.7,239.0;624.6,231.3;622.7,168.1;697.4,338.7;678.3,315.7;662.9,250.5;582.4,227.5;569.0,175.7;592.0,168.1
