1#NULL
2#NULL
3#NULL
4#NULL
5#NULL
6#NULL
7#NULL
8#NULL
9#NULL
10#NULL
11#NULL
12#NULL
13#NULL
14#NULL
15#NULL
16#545.2,553.5;542.0,439.9;617.8,462.0;684.1,471.4;542.0,443.0;548.4,559.8;655.7,458.8;668.3,332.6;658.8,319.9;644.6,255.2;636.7,275.8;703.0,310.5;693.5,335.7;699.9,342.0;699.9,323.1;682.5,261.6
17#670.0,616.3;698.7,520.6;657.2,469.5;603.0,466.3;510.4,437.6;526.4,549.3;628.5,469.5;634.9,354.6;631.7,351.4;612.6,281.2;682.8,274.8;698.7,325.9;679.6,351.4;590.2,354.6;583.8,348.2;603.0,325.9
18#605.2,505.6;575.6,434.5;631.9,458.2;575.6,461.2;495.7,431.6;501.6,544.1;599.3,461.2;605.2,360.5;605.2,354.6;596.3,286.5;676.3,289.4;685.2,348.7;652.6,354.6;557.8,363.5;560.8,402.0;587.4,399.0
19#568.7,601.9;648.6,506.6;602.5,485.1;541.0,472.8;476.5,426.8;473.4,537.4;568.7,472.8;574.8,371.5;577.9,362.2;579.4,293.1;667.0,322.3;667.0,368.4;624.0,365.3;522.6,371.5;519.5,426.8;568.7,402.2
20#545.6,624.8;613.9,527.1;561.9,517.4;500.1,504.4;461.0,429.5;457.8,546.7;532.6,507.6;555.4,380.7;555.4,374.2;557.0,304.2;669.3,344.9;649.7,387.2;604.2,380.7;503.3,371.0;454.5,429.5;565.1,413.3
21#531.2,668.3;575.3,559.7;537.9,515.6;476.9,502.0;544.7,532.6;446.3,546.1;510.8,512.2;534.6,386.7;534.6,383.3;546.4,323.9;660.1,369.7;636.3,410.4;588.8,393.5;483.7,373.1;422.6,379.9;453.1,410.4
22#526.9,695.3;547.4,596.1;520.1,524.2;455.1,513.9;437.9,507.1;444.8,585.8;489.3,513.9;520.1,397.6;520.1,387.3;535.5,334.3;650.1,401.0;619.3,435.2;574.8,404.4;461.9,383.9;393.5,370.2;455.1,349.7
23#530.2,709.7;547.8,607.3;505.5,536.7;445.4,526.1;427.8,519.0;445.4,617.9;473.7,529.6;505.5,406.0;505.5,395.4;517.8,330.1;646.7,430.8;607.9,459.0;558.4,416.6;452.5,391.9;388.9,363.7;411.9,337.2
24#526.6,706.5;552.1,587.6;505.4,536.7;437.5,532.4;420.5,528.2;441.8,638.6;467.2,532.4;492.7,405.1;492.7,400.9;509.7,328.7;645.5,447.6;598.8,468.8;552.1,422.1;433.3,388.1;386.6,345.7;416.3,294.8
25#521.3,681.8;556.7,575.4;497.6,536.0;434.6,536.0;414.9,547.9;438.5,658.2;462.2,536.0;489.8,406.0;489.8,402.1;501.6,327.3;643.4,461.2;592.2,477.0;548.8,425.7;434.6,386.3;395.2,339.1;403.1,287.9
26#527.2,640.8;563.7,549.4;494.3,520.2;432.2,520.2;421.2,567.7;439.5,681.0;461.4,520.2;490.6,403.3;494.3,399.6;508.9,322.9;640.5,476.3;585.6,480.0;549.1,425.2;439.5,381.3;406.6,330.2;404.8,284.5
27#535.4,608.7;574.9,523.0;505.7,523.0;446.3,523.0;429.9,595.5;439.7,707.6;476.0,523.0;502.4,407.6;505.7,394.4;525.5,321.9;640.9,493.3;588.1,486.7;558.4,420.8;449.6,377.9;410.1,348.2;398.5,310.3
28#547.0,584.1;576.0,508.2;518.1,519.0;460.3,522.7;438.6,613.0;438.6,725.1;489.2,519.0;521.7,399.7;521.7,392.5;545.2,318.4;655.5,508.2;601.3,486.5;576.0,425.0;467.5,381.7;416.9,356.3;413.3,338.3
29#564.9,579.5;583.4,487.4;539.2,524.2;476.5,520.6;461.8,623.7;432.3,734.2;506.0,520.6;539.2,399.0;542.8,391.6;555.7,334.5;664.4,513.2;623.9,483.7;594.4,413.7;483.9,380.6;432.3,380.6;406.5,373.2
30#583.1,593.7;590.6,492.4;560.6,518.7;493.1,522.4;470.6,623.7;440.6,732.4;530.6,518.7;553.1,398.7;553.1,391.2;570.0,336.8;646.9,484.9;650.6,484.9;613.1,413.7;496.9,383.7;433.1,406.2;403.1,398.7
31#584.0,629.5;601.7,530.0;573.3,522.9;512.9,526.4;473.8,625.9;459.6,732.5;541.3,522.9;562.6,402.1;562.6,387.9;571.5,339.9;658.6,462.5;669.2,466.0;623.0,409.2;502.2,391.4;445.4,430.5;424.1,395.0
32#579.7,658.6;600.9,555.9;593.8,524.0;526.5,520.5;484.0,609.0;473.4,711.8;558.4,524.0;565.5,403.5;569.0,389.4;574.3,334.5;675.3,417.7;693.0,439.0;622.2,407.1;505.3,400.0;452.1,446.1;423.8,417.7
33#579.8,681.6;604.7,589.1;597.6,528.6;537.1,525.1;483.8,574.9;483.8,681.6;565.6,525.1;569.1,400.6;572.7,389.9;567.3,327.7;672.3,361.5;693.6,400.6;626.0,397.0;508.7,400.6;462.4,457.5;426.9,432.6
34#581.9,695.3;605.9,599.5;605.9,531.7;538.0,519.7;478.1,559.6;490.1,659.4;570.0,527.7;570.0,391.9;570.0,387.9;566.0,312.1;649.8,296.1;693.7,360.0;625.8,383.9;510.1,399.9;470.2,463.8;426.2,451.8
35#585.0,720.5;602.4,616.0;606.8,524.6;541.5,515.9;467.5,533.3;489.2,624.7;571.9,524.6;571.9,385.3;567.6,385.3;563.2,306.9;663.4,259.0;676.4,324.4;619.8,372.2;515.3,394.0;476.2,463.7;423.9,472.4
36#588.2,731.8;602.2,620.1;602.2,527.1;541.7,508.4;462.6,494.5;485.9,587.5;574.3,522.4;565.0,373.5;565.0,373.5;551.0,299.1;681.3,243.3;658.0,303.7;616.2,354.9;513.8,392.1;476.6,461.9;425.4,485.2
37#604.8,733.5;599.9,615.2;599.9,516.6;540.7,501.8;471.7,477.2;476.7,561.0;575.3,506.7;565.4,368.7;565.4,368.7;540.7,294.8;683.7,255.3;659.1,304.6;614.7,349.0;506.2,388.4;471.7,452.5;422.4,492.0
38#615.1,719.2;606.2,634.2;592.8,522.3;539.1,508.9;507.7,477.6;422.7,580.5;565.9,508.9;557.0,374.7;557.0,365.7;539.1,289.7;684.5,282.9;673.3,325.4;610.7,352.3;498.8,388.1;458.5,450.7;413.8,477.6
39#630.2,714.5;603.0,601.3;589.4,519.8;526.0,501.7;467.2,442.9;462.7,542.5;553.2,501.7;548.7,370.4;553.2,365.9;544.2,284.4;702.6,288.9;680.0,343.2;603.0,356.8;489.8,379.5;449.1,433.8;417.4,451.9
40#634.0,707.3;604.0,600.2;586.9,514.5;518.3,501.6;441.2,450.2;458.3,561.6;552.6,501.6;552.6,364.5;552.6,360.2;541.9,285.2;706.8,308.8;681.1,360.2;608.3,355.9;492.6,373.1;424.0,428.8;415.4,420.2
41#631.9,703.0;603.6,597.7;587.4,504.5;522.6,504.5;433.5,468.1;461.8,581.5;555.0,504.5;550.9,362.7;550.9,358.7;548.9,291.9;696.8,326.3;680.5,374.9;607.6,358.7;494.2,366.8;421.3,399.2;421.3,362.7
42#625.6,704.1;596.4,591.6;592.2,504.1;529.8,504.1;429.8,487.4;458.9,599.9;563.1,504.1;554.8,362.4;554.8,358.3;552.7,285.4;700.6,345.8;679.7,391.6;613.1,362.4;496.4,362.4;425.6,362.4;454.8,312.4
43#615.0,701.9;581.3,588.3;593.9,495.8;530.8,495.8;434.1,512.6;459.3,622.0;564.5,495.8;564.5,356.9;564.5,352.7;560.3,277.0;699.1,369.5;678.1,403.2;619.2,361.1;505.6,352.7;446.7,331.7;482.4,266.5
44#600.9,690.8;561.8,578.0;600.9,491.1;544.4,491.1;448.9,534.5;461.9,651.8;570.5,491.1;574.8,356.5;574.8,347.8;574.8,274.0;700.7,391.3;679.0,421.7;631.3,365.2;522.7,347.8;488.0,295.7;507.5,250.2
45#590.9,666.0;555.4,571.4;606.6,492.5;547.5,488.6;472.6,551.7;460.8,669.9;575.1,492.5;594.8,358.5;594.8,346.7;590.9,275.8;701.2,409.8;681.5,429.5;642.1,366.4;543.6,342.8;519.9,295.5;517.9,258.0
46#580.9,628.3;554.5,556.8;603.5,504.0;554.5,492.7;494.3,571.8;460.4,684.8;584.6,492.7;607.2,353.4;611.0,345.9;616.7,272.5;708.9,440.0;686.3,451.3;663.7,372.2;558.3,334.6;528.2,304.5;541.3,272.5
47#581.6,592.5;559.8,530.8;621.5,494.5;567.1,483.7;498.1,567.1;472.8,683.1;596.1,487.3;621.5,360.3;625.1,353.1;637.8,278.7;704.9,461.9;683.1,461.9;675.9,378.5;570.7,338.6;523.5,331.3;536.2,286.0
48#589.8,570.9;579.7,503.5;626.9,513.6;579.7,500.1;492.0,554.1;498.7,672.1;603.3,506.8;630.3,368.6;630.3,358.4;645.5,296.0;674.1,476.5;691.0,459.6;684.3,385.4;576.3,344.9;532.5,341.6;530.8,302.8
49#555.7,641.8;562.4,521.9;642.3,511.9;599.0,508.6;492.4,538.6;535.7,648.4;622.3,511.9;635.6,375.4;635.6,365.4;644.0,300.5;688.9,505.2;698.9,458.6;692.2,392.0;582.4,358.7;535.7,362.1;532.4,325.4
50#628.5,547.4;621.9,481.4;664.8,511.1;608.7,521.0;499.7,524.3;555.8,633.2;635.1,511.1;638.4,382.4;638.4,372.5;640.0,308.1;694.5,511.1;704.4,468.2;697.8,395.6;585.5,369.2;536.0,382.4;532.7,342.8
51#662.8,557.1;620.8,515.1;666.2,511.6;613.8,522.1;526.2,532.6;557.8,651.6;641.8,511.6;641.8,382.1;641.8,371.6;633.0,299.9;690.8,504.6;711.8,466.1;701.2,389.1;585.8,371.6;540.2,396.1;533.2,361.1
52#658.2,582.6;647.4,500.2;672.5,503.8;615.2,507.4;547.2,553.9;561.5,682.8;643.9,503.8;647.4,378.5;643.9,367.8;638.5,294.4;679.7,442.9;719.0,453.7;704.7,385.7;590.1,371.3;550.8,400.0;532.9,385.7
53#658.2,601.5;654.8,524.2;675.0,494.0;617.9,497.3;564.1,567.9;557.4,685.4;644.8,494.0;648.1,376.4;648.1,359.6;639.7,300.8;695.1,423.4;728.7,436.9;705.2,376.4;591.0,369.7;550.7,413.3;530.5,410.0
54#653.3,626.1;653.3,536.9;671.9,496.0;612.4,499.7;560.4,566.6;549.2,681.9;642.2,499.7;642.2,373.2;645.9,362.1;640.3,289.6;709.1,403.0;731.4,414.1;701.7,369.5;586.4,373.2;541.8,436.5;526.9,436.5
55#647.4,648.5;651.0,535.2;669.3,495.0;607.2,491.3;552.4,560.8;552.4,670.4;640.1,495.0;636.4,374.4;636.4,363.4;630.9,292.2;698.5,315.9;724.1,367.1;694.9,367.1;574.3,378.1;545.0,440.2;519.5,458.5
56#642.5,666.8;650.2,559.6;665.5,494.5;604.3,490.7;543.0,544.3;550.7,643.8;634.9,490.7;627.2,372.0;627.2,368.2;623.4,295.5;696.1,299.3;711.4,337.6;680.8,360.5;569.8,379.7;543.0,440.9;516.2,486.9
57#636.6,690.7;644.0,584.0;647.6,495.7;596.1,492.0;537.2,525.1;552.0,613.4;621.9,495.7;610.8,370.6;610.8,366.9;609.0,295.1;688.1,308.0;702.8,352.2;666.0,359.5;548.3,385.3;526.2,451.5;507.8,492.0
58#631.6,710.7;639.5,593.2;635.5,503.1;576.8,499.2;529.8,511.0;553.3,585.4;604.2,503.1;592.5,373.9;592.5,366.1;582.7,301.5;686.4,334.7;706.0,373.9;647.3,358.2;533.7,385.6;510.2,456.1;498.5,495.3
59#636.7,719.3;632.8,604.2;624.8,508.9;557.3,496.9;529.5,496.9;541.4,564.5;593.0,500.9;573.2,373.9;573.2,361.9;559.3,304.4;688.3,354.0;688.3,397.7;628.8,358.0;517.6,381.8;485.8,453.3;485.8,504.9
60#644.0,715.1;632.3,605.2;616.6,511.0;557.7,507.1;557.7,554.2;542.0,593.4;585.2,511.0;557.7,369.8;557.7,354.1;555.8,305.0;675.4,373.7;663.7,397.2;612.7,358.0;498.9,377.6;467.5,448.2;479.2,479.6
61#650.9,701.5;630.9,601.6;603.0,497.7;547.0,493.8;551.0,557.7;539.0,609.6;575.0,497.7;547.0,369.9;547.0,353.9;553.0,299.9;662.9,393.8;658.9,417.8;607.0,361.9;487.1,373.9;447.1,433.8;467.1,441.8
62#653.9,684.9;638.8,583.1;593.6,485.1;533.3,485.1;537.0,556.8;537.0,620.8;563.4,485.1;544.6,360.7;540.8,349.4;538.9,279.7;669.0,402.2;642.6,409.7;601.1,357.0;480.5,364.5;427.7,413.5;442.8,406.0
63#657.1,658.4;642.4,548.1;579.9,467.3;521.1,474.6;528.4,529.8;543.1,640.0;550.5,471.0;539.5,357.0;539.5,346.0;541.3,278.0;664.4,412.1;638.7,415.8;598.3,360.7;480.6,357.0;418.2,382.7;447.6,375.4
64#660.3,632.2;649.2,528.7;575.3,458.5;512.5,465.9;527.3,543.5;538.4,643.3;542.1,458.5;531.0,358.7;531.0,347.6;532.8,271.9;660.3,428.9;630.8,414.1;590.1,362.4;475.6,347.6;423.8,340.2;468.2,307.0
65#653.7,609.1;661.4,504.8;564.8,454.5;506.8,470.0;526.1,558.9;537.7,667.1;533.9,466.1;530.0,354.0;530.0,346.3;528.1,267.0;661.4,435.2;630.5,412.0;588.0,361.7;479.8,342.4;437.2,307.6;466.2,267.0
66#646.9,582.0;669.4,482.8;565.8,464.8;502.7,482.8;525.2,577.5;534.2,685.7;534.2,473.8;529.7,347.6;529.7,343.1;538.7,266.5;664.9,451.3;642.4,415.2;588.3,361.1;480.1,334.1;439.5,284.5;468.8,228.1
67#634.6,551.4;673.2,459.5;566.9,474.0;504.1,493.4;518.6,599.7;533.1,715.6;533.1,483.7;533.1,343.6;533.1,343.6;547.6,266.3;629.7,435.4;653.9,406.4;591.1,358.1;475.1,324.2;441.3,275.9;463.0,215.5
68#618.2,536.5;663.8,436.4;563.6,481.9;504.4,500.1;513.5,595.7;522.6,723.2;531.7,486.5;536.3,340.8;536.3,336.2;554.5,267.9;622.8,400.0;663.8,400.0;595.5,354.4;486.2,327.1;440.7,286.1;454.3,226.9
69#611.9,530.0;649.0,427.8;565.5,483.6;495.8,492.8;500.5,604.3;505.1,715.7;533.0,492.8;542.2,348.9;537.6,348.9;560.8,270.0;639.7,381.4;663.0,395.3;598.0,358.2;481.9,335.0;435.5,316.4;454.0,256.1
70#609.8,561.9;645.8,458.6;561.9,487.3;495.8,493.5;487.6,601.6;486.5,712.5;530.4,493.5;539.4,352.5;536.3,351.0;553.2,273.1;619.9,355.8;653.7,379.2;594.9,358.7;478.0,343.2;434.4,343.5;452.4,289.2
71#607.6,593.8;642.5,489.3;558.4,491.1;495.7,494.1;474.8,598.9;467.8,709.2;527.8,494.1;536.5,356.0;535.0,353.2;545.5,276.2;600.0,330.3;644.4,363.0;591.7,359.1;474.2,351.4;433.4,370.5;450.8,322.2
72#605.5,625.7;639.3,520.1;554.8,494.8;495.7,494.8;461.9,596.2;449.2,706.0;525.2,494.8;533.7,359.6;533.7,355.3;537.9,279.3;580.2,304.7;635.1,346.9;588.6,359.6;470.3,359.6;432.3,397.6;449.2,355.3
73#602.5,642.1;632.8,539.8;553.2,498.1;496.4,498.1;443.3,581.5;435.7,687.6;522.9,494.3;522.9,361.6;522.9,357.8;526.7,285.8;558.9,280.1;610.1,323.7;576.0,357.8;466.0,365.4;431.9,429.8;447.1,403.3
74#600.7,676.4;615.7,566.1;555.6,501.0;485.5,501.0;425.4,556.1;420.3,666.3;520.5,501.0;515.5,365.8;515.5,355.7;515.5,285.6;530.6,255.5;580.7,310.6;565.6,350.7;460.4,375.8;435.4,440.9;440.4,410.8
75#601.1,704.0;592.5,587.1;544.8,500.4;479.8,500.4;406.2,539.4;401.9,647.7;510.2,500.4;505.8,361.8;505.8,357.5;497.2,283.8;518.8,244.8;553.5,296.8;549.1,344.5;449.5,374.8;397.5,405.1;371.5,405.1
76#604.7,716.6;579.2,606.1;540.9,499.8;481.4,499.8;387.8,512.5;392.1,618.8;511.1,499.8;489.9,359.5;485.6,359.5;481.4,282.9;511.1,265.9;540.9,308.4;532.4,338.2;438.9,376.5;392.1,448.7;375.1,431.7
77#606.1,722.4;573.2,611.6;528.1,496.7;466.5,496.7;372.2,484.4;384.5,591.1;499.4,496.7;470.6,369.5;470.6,361.3;458.3,287.5;515.8,295.7;540.4,336.7;524.0,353.1;417.3,381.8;372.2,435.2;409.1,459.8
78#594.6,716.7;574.0,605.7;516.4,511.1;446.5,498.7;376.6,469.9;376.6,576.9;479.4,502.9;458.8,375.3;458.8,375.3;442.4,297.2;508.2,317.8;532.9,363.0;508.2,371.2;401.2,387.7;347.8,420.6;380.7,395.9
79#577.0,696.0;565.3,594.4;502.7,508.3;432.3,512.3;377.6,469.2;365.8,578.7;467.5,508.3;444.0,387.1;444.0,387.1;432.3,308.9;510.5,344.1;522.2,387.1;494.9,383.2;393.2,391.0;334.6,402.8;361.9,344.1
80#542.4,665.8;545.6,574.8;487.1,519.6;418.9,526.1;366.9,496.8;353.9,610.6;457.9,519.6;431.9,399.3;431.9,396.1;418.9,324.6;509.9,376.6;516.4,415.6;480.6,392.8;383.1,402.6;344.1,396.1;344.1,347.3
81#517.6,631.2;523.6,545.1;482.0,524.3;416.6,527.3;357.2,530.2;342.4,646.1;449.3,524.3;425.5,408.4;425.5,402.5;418.1,338.6;505.8,399.5;520.6,432.2;479.0,405.5;372.1,411.4;339.4,396.6;339.4,352.0
82#496.0,607.7;507.6,526.3;481.4,532.1;414.6,543.8;353.7,555.4;339.1,674.5;452.4,537.9;423.4,418.9;423.4,404.4;419.0,356.4;513.4,421.8;510.5,459.5;478.5,416.0;371.1,416.0;321.7,430.5;324.6,389.8
83#483.2,607.4;495.3,534.6;480.1,540.6;425.5,543.7;355.8,580.1;337.6,698.4;455.9,543.7;425.5,425.4;425.5,410.2;427.1,360.2;516.5,449.6;510.5,476.9;486.2,422.4;371.0,422.4;319.4,437.5;328.5,407.2
84#399.4,645.9;439.3,619.4;472.5,549.6;412.7,549.6;359.5,606.1;339.6,722.4;442.6,549.6;432.6,426.7;429.3,410.1;427.6,361.9;455.9,483.2;509.0,493.1;492.4,426.7;369.5,423.4;319.7,456.6;333.0,420.0
85#459.9,644.6;473.4,567.4;476.7,537.2;413.0,543.9;366.0,614.4;342.5,725.1;443.2,543.9;433.1,426.5;433.1,409.7;431.4,361.0;483.4,486.9;513.6,496.9;490.1,426.5;376.1,423.1;322.4,473.4;322.4,456.7
86#457.6,678.7;468.3,597.2;478.9,537.0;415.1,537.0;362.0,607.8;351.4,710.5;447.0,540.6;432.9,427.2;432.9,420.2;431.1,347.6;500.1,494.5;524.9,494.5;489.5,427.2;376.2,423.7;330.2,480.4;323.1,483.9
87#460.7,704.2;467.6,613.5;481.6,540.2;422.3,536.7;359.5,596.0;362.9,704.2;450.2,536.7;432.7,435.5;429.3,421.5;424.0,353.4;506.0,498.3;544.4,484.3;488.6,428.5;376.9,432.0;331.5,491.3;317.6,512.2
88#456.6,727.3;459.8,628.0;479.0,548.0;418.2,544.7;363.7,586.4;373.3,688.9;450.2,548.0;434.2,439.0;431.0,423.0;419.8,392.6;533.5,471.1;562.3,474.3;495.1,432.6;373.3,442.2;331.7,503.1;318.9,531.9
89#454.3,749.1;461.1,650.6;474.7,565.6;416.9,555.4;376.1,558.8;386.3,650.6;444.1,555.4;437.3,439.9;433.9,426.3;418.6,390.6;525.7,446.7;566.4,456.9;495.1,429.7;376.1,446.7;325.2,511.2;321.8,535.0
90#454.0,772.5;466.0,664.6;470.0,580.7;406.0,564.7;374.1,560.7;410.0,628.7;438.0,568.7;438.0,436.9;438.0,432.9;428.0,358.9;549.9,384.9;561.9,436.9;494.0,428.9;382.1,444.9;326.1,504.8;318.1,552.8
91#456.9,781.7;470.0,681.2;474.4,576.3;404.5,571.9;461.3,650.6;505.0,663.7;439.4,576.3;435.1,432.1;435.1,432.1;437.3,346.8;566.2,392.7;553.1,427.7;487.5,423.3;373.9,436.4;317.1,493.3;325.8,545.7
92#470.0,786.1;474.0,685.4;470.0,592.7;413.6,580.6;470.0,653.1;506.3,681.3;445.8,580.6;433.8,431.5;429.7,419.4;427.7,369.1;558.7,411.4;550.6,451.7;490.2,427.5;373.3,431.5;308.8,475.8;312.9,483.9
93#478.3,761.3;486.0,680.7;470.6,584.7;401.5,569.3;439.9,634.6;474.5,676.8;436.1,580.9;428.4,431.1;428.4,419.6;430.3,367.7;562.8,434.9;547.4,465.7;486.0,431.1;367.0,431.1;301.7,465.7;320.9,465.7
94#487.0,759.0;501.3,669.8;483.5,584.2;444.3,580.6;458.5,627.0;458.5,684.1;462.1,580.6;430.0,427.3;430.0,416.6;428.2,379.1;561.9,459.4;540.5,477.2;490.6,430.9;372.9,420.2;312.3,430.9;348.0,455.8
95#502.3,735.6;527.3,614.3;463.1,550.1;406.0,553.6;463.1,600.0;463.1,692.8;434.5,550.1;431.0,428.7;431.0,428.7;436.3,359.2;563.0,475.1;538.0,485.8;488.1,435.9;373.9,425.2;331.0,414.5;366.7,375.2
96#521.1,709.8;542.7,594.3;467.0,540.2;409.3,554.6;463.4,616.0;467.0,720.6;438.1,551.0;438.1,432.0;438.1,428.4;439.9,358.0;560.8,496.9;542.7,504.1;492.2,439.2;387.6,428.4;347.9,414.0;366.0,388.7
97#531.3,664.4;551.7,576.0;463.3,535.2;408.9,548.8;459.9,637.2;463.3,742.5;436.1,545.4;449.7,436.7;449.7,426.5;461.6,363.6;575.5,511.4;548.3,504.6;504.1,443.5;391.9,423.1;337.6,423.1;368.2,395.9
98#525.4,630.4;559.5,547.0;487.5,558.4;426.8,584.9;457.1,656.9;464.7,759.3;457.1,569.7;457.1,437.0;460.9,421.9;485.6,374.5;578.5,528.0;551.9,501.5;517.8,444.6;400.3,421.9;335.8,440.8;370.0,418.1
99#514.5,597.0;569.4,531.0;496.2,575.0;433.9,589.7;448.5,677.6;463.2,776.5;463.2,586.0;470.5,432.1;474.2,421.1;498.0,382.6;580.4,523.7;573.1,509.1;529.1,446.8;415.5,417.4;342.3,443.1;378.9,461.4
100#510.7,591.5;552.2,519.7;491.8,572.6;435.1,583.9;450.2,678.3;457.8,776.5;461.6,576.3;484.2,429.0;488.0,421.5;508.8,374.3;582.4,512.1;582.4,512.1;540.9,444.1;427.6,417.7;348.2,429.0;386.0,455.5
101#507.0,613.1;541.9,524.0;499.3,582.1;441.2,589.8;452.8,686.7;460.6,775.7;468.3,586.0;495.4,434.9;499.3,423.3;524.5,374.9;588.4,485.3;600.0,504.6;549.7,446.5;437.3,419.4;363.7,419.4;429.6,411.7
102#502.8,644.1;535.9,555.9;513.8,581.7;451.3,581.7;458.7,673.6;458.7,780.2;484.4,581.7;506.5,442.0;510.1,434.6;537.7,374.0;591.0,453.0;609.4,497.1;557.9,453.0;451.3,423.6;392.5,408.9;442.1,381.3
103#514.4,683.0;522.5,678.9;522.5,573.5;453.5,589.7;457.6,683.0;461.6,784.4;490.0,573.5;510.3,447.8;510.3,447.8;542.7,378.9;571.1,415.4;599.5,480.3;559.0,455.9;461.6,427.5;437.3,382.9;463.7,368.7
104#500.3,691.9;534.0,605.9;530.2,576.0;466.6,572.2;455.4,680.7;459.2,777.9;500.3,576.0;522.8,452.5;519.0,456.3;558.3,390.8;552.7,426.4;571.4,452.5;575.1,467.5;474.1,433.8;447.9,504.9;410.5,553.5
105#503.1,712.9;531.8,634.2;538.9,584.1;478.0,573.3;445.8,666.4;453.0,770.2;510.3,584.1;531.8,458.8;531.8,458.8;551.4,392.5;538.9,519.6;571.1,519.6;585.5,473.1;481.6,437.3;427.9,448.0;456.6,401.5
106#495.8,737.3;538.0,652.9;545.0,579.1;488.8,572.1;443.1,649.4;450.1,747.9;520.4,575.6;541.5,463.1;541.5,459.6;557.3,391.0;545.0,505.3;583.7,529.9;590.7,473.6;492.3,445.5;439.5,466.6;467.7,413.9
107#493.5,757.6;538.3,668.0;552.1,581.8;490.1,574.9;441.8,626.6;445.3,719.7;521.1,581.8;548.7,464.6;548.7,464.6;553.8,400.9;555.6,519.8;593.5,533.6;600.4,475.0;500.4,450.8;445.3,488.8;455.6,454.3
108#492.8,784.4;540.1,686.1;558.4,595.1;500.1,580.5;449.1,609.7;449.1,686.1;529.2,591.5;551.1,467.7;551.1,464.0;542.0,404.0;565.6,525.9;605.7,536.8;605.7,478.6;503.7,456.7;456.4,507.7;460.1,475.0
109#494.9,806.1;537.8,706.1;566.4,606.1;505.6,573.9;452.1,584.6;459.2,663.2;537.8,591.8;552.1,466.8;548.5,459.6;528.9,407.8;584.2,527.5;623.5,541.8;609.2,477.5;502.1,463.2;462.8,523.9;473.5,509.6
110#500.0,807.7;536.2,699.1;572.5,606.6;508.1,586.4;459.8,570.3;395.4,703.1;540.3,602.5;548.3,477.8;548.3,461.7;518.1,407.4;576.5,526.1;636.8,534.1;608.7,473.8;492.0,473.8;459.8,554.3;475.9,638.7
111#496.9,796.4;538.1,706.4;579.4,612.7;523.1,593.9;459.4,575.2;489.4,672.7;549.4,597.7;553.1,466.4;545.6,455.2;517.5,400.8;601.9,533.9;646.9,526.4;605.6,466.4;500.6,462.7;485.6,533.9;463.1,563.9
112#498.9,768.1;543.7,706.0;588.5,602.6;533.4,588.8;464.4,606.1;488.6,699.1;561.0,599.2;550.6,464.7;543.7,447.5;514.4,407.9;609.2,530.2;654.0,513.0;602.3,461.3;502.4,468.2;492.0,533.7;474.8,557.8
113#528.4,732.2;558.9,708.5;596.2,596.6;538.5,586.4;463.9,627.1;491.1,735.6;569.0,596.6;552.1,464.4;545.3,447.4;519.9,405.0;636.9,522.0;674.1,498.3;606.3,461.0;501.2,471.2;480.9,542.4;467.3,569.5
114#535.5,747.8;586.4,690.6;599.1,595.3;541.9,582.6;475.1,639.8;491.0,741.5;570.5,595.3;560.9,468.2;554.6,449.1;533.9,403.0;665.8,484.1;694.4,484.1;615.0,458.6;506.9,471.4;475.1,534.9;500.6,512.7
115#564.5,726.0;624.8,667.8;604.4,590.5;547.4,582.0;492.9,652.7;490.9,756.9;575.3,590.5;570.1,466.9;567.2,452.9;555.9,398.3;662.7,451.1;690.5,468.7;623.8,460.5;517.8,467.7;487.9,520.1;514.9,519.1
116#593.5,704.1;663.1,644.9;609.7,585.6;553.0,581.4;510.7,665.7;490.9,772.3;580.1,585.6;579.4,465.5;579.8,456.6;577.9,393.6;659.5,418.2;686.6,453.2;632.5,462.3;528.8,464.1;500.6,505.3;529.2,525.5
117#622.5,682.3;701.5,622.1;615.0,580.8;558.5,580.8;528.5,678.6;490.8,787.7;584.9,580.8;588.6,464.2;592.4,460.4;599.9,388.9;656.4,385.2;682.7,437.8;641.3,464.2;539.7,460.4;513.4,490.5;543.5,531.9
118#645.7,690.7;712.3,596.6;630.1,592.7;567.4,592.7;536.0,694.6;489.0,792.5;594.8,592.7;606.5,463.4;606.5,467.3;614.4,392.9;637.9,389.0;665.3,396.8;657.5,459.5;555.6,463.4;543.9,522.2;579.1,518.3
119#679.6,692.7;716.6,596.4;638.9,592.7;579.6,592.7;550.0,685.2;520.4,781.5;609.3,592.7;620.4,463.1;620.4,466.8;629.6,390.8;653.7,400.1;687.0,433.4;672.2,459.4;572.2,463.1;553.7,518.6;590.7,522.3
120#682.9,718.9;717.7,618.0;648.1,579.7;585.4,586.7;564.5,677.2;554.1,767.6;616.7,583.2;623.7,464.8;623.7,464.8;628.9,397.0;668.9,426.6;682.9,457.9;675.9,461.4;571.5,464.8;578.5,517.1;623.7,499.7
121#695.3,733.7;720.7,630.2;658.5,579.8;598.6,587.9;571.1,657.3;587.9,741.3;628.5,583.3;624.1,470.4;624.1,467.0;625.9,398.6;664.4,458.5;686.2,478.2;677.0,463.6;572.3,471.5;580.4,525.6;620.7,512.9
122#707.6,748.6;723.8,642.5;668.9,579.9;611.7,589.0;577.6,637.3;621.7,715.0;640.3,583.3;624.5,475.9;624.5,469.1;622.8,400.1;660.0,490.4;689.6,498.6;678.2,465.7;573.2,478.2;582.3,534.2;617.7,526.1
123#720.0,763.4;726.8,654.7;679.3,580.0;624.9,590.2;584.2,617.4;655.5,688.7;652.1,583.4;624.9,481.5;624.9,471.3;619.8,401.7;655.5,522.3;692.9,518.9;679.3,467.9;574.0,484.9;584.2,542.7;614.7,539.3
124#731.0,746.7;741.2,648.7;690.5,577.7;633.0,587.9;592.5,621.6;653.3,702.7;660.1,584.5;633.0,483.1;629.7,469.6;621.2,403.7;663.4,527.0;700.6,527.0;687.1,469.6;575.6,489.9;589.1,554.1;619.5,543.9
125#735.8,722.9;756.1,631.7;695.3,577.7;637.9,587.9;604.2,652.0;648.1,736.4;664.9,581.1;641.3,483.2;637.9,469.7;629.5,403.9;678.4,544.0;705.4,533.9;695.3,469.7;580.6,496.7;587.3,557.5;614.3,544.0
126#740.5,684.4;772.1,607.1;694.8,579.1;638.6,589.6;607.0,666.8;656.2,765.2;666.7,586.1;645.7,487.7;645.7,470.2;643.9,405.2;680.8,533.4;712.4,536.9;701.8,473.7;586.0,494.8;575.4,554.5;614.1,551.0
127#734.6,654.1;785.4,578.0;709.3,581.7;640.5,607.0;618.7,683.1;654.9,777.3;673.1,596.2;651.3,480.2;651.3,469.4;656.8,406.0;687.5,530.9;723.8,538.2;705.7,476.6;593.4,491.1;560.7,545.4;582.5,530.9
128#726.1,632.5;780.9,555.9;704.3,592.4;645.9,610.7;627.6,698.2;645.9,793.1;675.1,596.1;656.8,479.3;660.5,468.4;669.6,404.5;718.8,530.4;748.0,534.0;715.2,479.3;598.4,483.0;543.7,526.7;565.6,526.7
129#716.1,643.0;775.9,549.7;701.2,601.9;645.2,605.7;637.7,710.2;652.7,803.6;671.3,605.7;663.9,475.0;663.9,467.5;676.9,402.1;783.4,482.4;772.2,519.8;719.9,475.0;604.1,471.2;536.9,501.1;585.4,475.0
130#708.6,650.9;762.7,557.2;701.4,604.0;647.3,618.5;643.7,705.0;647.3,798.7;676.2,607.6;672.6,470.6;672.6,467.0;674.4,403.9;784.3,495.9;784.3,506.7;726.6,470.6;618.5,470.6;553.6,467.0;571.6,434.6
131#709.3,673.6;751.2,579.1;705.8,589.6;646.3,589.6;642.8,691.1;660.3,799.5;677.8,589.6;677.8,470.7;677.8,467.2;676.0,406.0;782.7,488.2;789.7,505.7;730.2,474.2;625.3,456.7;562.3,446.2;555.3,439.2
132#707.8,702.1;737.4,598.6;715.2,594.9;648.7,609.7;641.3,687.3;674.6,776.1;682.0,598.6;682.0,476.5;682.0,472.8;683.8,408.1;800.3,517.2;781.8,513.5;733.7,480.2;626.5,465.4;585.8,450.6;571.0,432.1
133#700.2,718.2;720.0,635.4;716.7,589.0;653.8,595.7;640.5,685.1;680.3,761.3;686.9,592.3;683.6,479.7;686.9,469.8;698.5,418.4;792.9,532.7;786.3,529.4;736.6,486.3;630.6,466.5;577.6,466.5;564.3,449.9
134#695.8,734.9;714.7,646.7;721.0,586.8;661.1,586.8;639.1,662.4;670.6,728.6;689.5,586.8;686.3,482.9;689.5,473.4;700.5,424.6;790.3,564.8;777.7,539.6;736.7,489.2;639.1,470.3;585.5,479.7;563.5,467.1
135#697.1,752.0;713.0,662.8;722.6,595.8;662.0,595.8;636.5,646.8;658.8,726.5;690.7,595.8;690.7,484.3;690.7,477.9;701.9,428.5;783.2,551.2;780.0,548.0;744.9,493.8;642.9,471.5;585.5,490.6;566.4,474.7
136#696.4,774.5;716.8,686.2;720.2,598.0;652.3,594.6;635.4,621.8;655.7,696.4;689.7,598.0;693.1,482.7;693.1,482.7;704.9,419.9;757.5,560.7;784.7,550.5;747.3,489.5;642.2,469.1;587.9,499.7;567.5,492.9
137#705.1,782.4;715.6,684.8;722.5,601.2;663.3,597.7;673.7,684.8;652.8,726.6;687.7,597.7;694.6,479.2;694.6,479.2;699.9,414.8;760.9,573.3;785.2,545.4;746.9,482.7;642.4,468.8;590.1,503.6;565.7,503.6
138#705.4,776.8;712.3,672.9;719.2,582.8;660.3,579.4;681.1,693.7;698.4,773.3;688.0,579.4;695.0,472.0;695.0,472.0;703.6,408.0;771.2,579.4;785.0,541.3;743.5,479.0;643.0,465.1;587.6,513.6;559.9,530.9
139#698.9,766.7;710.0,662.6;717.5,573.4;661.7,569.6;654.3,644.0;658.0,733.3;687.7,569.6;695.2,465.5;695.2,461.8;708.2,393.0;773.3,577.1;784.4,532.5;747.2,469.2;643.1,458.1;587.3,517.6;572.5,536.2
140#701.0,754.5;715.6,648.7;715.6,561.1;649.9,561.1;660.9,634.1;657.2,743.5;682.8,561.1;697.4,455.3;701.0,440.7;713.8,380.5;766.7,568.4;784.9,521.0;752.1,459.0;642.6,444.4;587.9,495.4;580.6,528.3
141#712.0,738.5;719.4,653.0;708.3,563.8;652.5,563.8;667.4,638.1;660.0,742.2;678.6,563.8;700.9,444.9;704.6,430.0;721.3,368.7;764.0,552.7;778.9,500.6;756.6,448.6;641.4,437.4;581.9,474.6;604.2,470.9
142#723.0,723.7;726.6,636.7;712.1,560.5;646.8,564.1;657.7,647.6;657.7,738.2;679.4,560.5;697.6,429.9;704.8,411.8;732.0,373.7;762.9,535.1;762.9,484.4;755.6,437.2;643.2,422.7;577.9,448.1;610.5,440.8
143#743.0,711.8;735.5,625.2;709.2,527.3;649.0,531.1;656.5,629.0;656.5,734.3;679.1,531.1;701.6,410.7;701.6,403.1;718.6,341.0;754.3,516.0;746.8,470.9;750.6,418.2;649.0,406.9;588.7,421.9;626.4,418.2
144#758.5,699.0;739.8,605.5;709.9,515.7;653.8,515.7;653.8,620.4;653.8,725.2;679.9,515.7;694.9,396.0;698.6,388.5;715.5,319.4;751.0,500.8;736.1,459.6;739.8,399.8;646.3,392.3;627.6,384.8;653.8,351.1
145#777.9,691.3;747.4,596.1;709.3,504.6;652.1,508.4;663.6,607.5;648.3,702.8;682.6,508.4;690.2,386.5;694.0,382.7;699.8,308.4;747.4,493.2;724.5,447.5;724.5,386.5;659.7,386.5;644.5,447.5;663.6,493.2
