1#985.4,760.6;875.0,487.1;985.4,506.3;951.8,501.5;899.0,640.6;937.4,755.8;971.0,506.3;908.6,381.5;913.4,381.5;889.4,314.3;855.8,261.5;903.8,314.3;947.0,367.1;875.0,386.3;793.4,381.5;755.0,333.5
2#985.2,760.0;875.0,487.1;985.2,506.2;951.7,501.4;899.0,640.3;937.3,755.3;970.8,506.2;908.6,381.7;913.3,381.7;889.4,314.7;855.9,262.0;903.8,314.7;946.9,362.6;875.0,386.5;788.8,381.7;755.3,333.8
3#978.4,753.7;933.5,633.8;968.4,498.9;928.5,498.9;903.5,638.8;938.5,753.7;948.4,498.9;898.5,374.0;898.5,379.0;888.5,304.0;853.5,259.1;898.5,309.0;933.5,359.0;858.5,384.0;778.6,384.0;753.6,334.0
4#965.3,746.7;917.9,613.1;948.1,492.4;905.0,496.7;900.6,630.3;827.4,587.2;926.5,492.4;883.4,354.5;883.4,367.4;883.4,294.1;853.2,259.6;900.6,298.4;922.2,350.1;844.6,371.7;775.6,384.6;749.8,337.2
5#941.7,723.5;892.0,605.9;923.6,483.9;878.4,492.9;892.0,619.5;932.7,728.0;896.5,483.9;869.4,352.7;869.4,352.7;873.9,284.9;855.8,262.3;901.0,303.0;919.1,334.6;824.2,361.8;756.4,388.9;747.3,339.2
6#819.1,578.4;788.1,476.6;898.7,472.2;850.1,481.1;858.9,604.9;920.8,711.1;876.6,472.2;858.9,339.5;858.9,335.1;841.2,259.9;854.5,264.3;903.1,299.7;903.1,330.7;810.2,343.9;743.9,388.2;743.9,335.1
7#885.2,430.9;821.0,563.4;874.3,460.9;814.2,463.7;759.5,480.1;797.8,553.8;844.2,463.7;836.0,324.3;836.0,313.4;819.6,250.5;855.2,261.5;909.8,316.1;874.3,321.6;795.0,329.8;729.5,384.4;740.4,335.2
8#847.1,644.7;785.0,541.3;850.5,441.3;798.8,451.6;760.9,548.2;850.5,651.6;823.0,448.2;795.4,313.8;798.8,303.4;790.2,232.7;854.0,262.0;898.8,320.6;850.5,306.9;740.2,324.1;702.3,389.6;743.7,355.1
9#806.1,591.3;753.6,501.4;828.6,426.4;779.9,437.7;716.2,512.6;794.9,610.1;802.4,430.2;764.9,299.0;764.9,291.5;763.0,210.9;843.6,257.8;884.8,310.2;821.1,287.7;708.7,310.2;678.7,370.2;712.4,347.7
10#803.1,588.1;741.6,490.5;810.3,407.3;748.8,418.1;672.8,483.2;745.2,577.3;781.4,410.9;741.6,284.3;741.6,273.4;732.5,199.3;813.9,240.9;864.6,280.7;795.8,269.8;687.3,295.1;633.1,349.4;636.7,349.4
11#801.6,600.0;751.8,493.3;783.8,393.8;726.9,397.3;627.3,450.7;687.8,539.6;755.3,393.8;723.3,265.7;719.8,262.2;710.9,185.7;766.0,201.7;837.1,244.4;776.7,251.5;662.9,276.4;588.2,315.5;638.0,262.2
12#798.0,606.9;758.1,500.3;749.2,389.2;691.5,393.7;584.9,415.9;633.7,509.2;722.5,393.7;695.9,256.0;700.3,260.4;687.0,176.1;722.5,162.7;780.3,198.3;753.6,238.2;642.6,269.3;562.7,273.8;598.2,211.6
13#796.2,614.8;753.7,506.1;725.3,406.9;654.5,397.5;545.8,388.0;588.3,482.5;687.5,402.2;668.6,251.0;668.6,251.0;663.9,175.4;671.0,116.4;715.9,170.7;725.3,232.1;616.7,260.5;545.8,236.8;560.0,161.2
14#779.0,619.0;731.6,510.1;698.5,406.0;622.8,401.3;523.3,363.4;547.0,467.5;660.6,396.5;637.0,245.0;641.7,254.5;637.0,178.7;625.1,114.8;665.4,169.3;684.3,235.6;589.6,254.5;542.3,221.4;537.5,164.5
15#745.4,609.8;699.4,504.1;671.9,407.6;602.9,403.0;506.4,361.6;511.0,471.9;635.1,407.6;621.3,255.9;625.9,255.9;607.5,191.6;612.1,159.4;644.3,196.2;662.7,242.1;579.9,255.9;520.2,260.5;534.0,205.4
16#693.6,611.7;678.2,511.7;635.9,427.1;578.2,423.2;489.8,380.9;489.8,484.8;609.0,427.1;605.2,273.2;605.2,273.2;582.1,207.9;591.7,194.4;622.5,202.1;651.3,265.6;562.8,284.8;562.8,246.3;489.8,461.7
17#621.9,578.5;650.7,481.4;607.5,445.4;539.2,445.4;463.7,380.7;467.3,492.2;575.2,445.4;575.2,305.2;575.2,305.2;568.0,229.7;620.1,213.5;647.1,276.4;625.5,298.0;524.8,305.2;496.1,319.6;542.8,355.5
18#563.7,567.4;634.8,473.7;583.1,451.1;515.2,457.6;444.2,393.0;447.4,502.8;550.8,451.1;554.0,321.9;557.2,318.7;550.8,244.4;628.3,244.4;641.2,302.5;605.7,315.4;499.1,325.1;466.8,399.4;541.1,354.2
19#522.3,557.2;617.8,477.1;550.0,477.1;488.4,470.9;432.9,393.9;429.8,504.9;522.3,467.9;537.7,338.4;537.7,332.3;540.8,261.4;630.2,279.9;630.2,332.3;587.0,335.3;482.2,338.4;432.9,397.0;423.7,483.3
20#497.5,577.6;590.5,493.6;524.5,487.6;464.5,475.6;449.4,454.6;422.4,505.6;491.5,484.6;521.5,346.5;521.5,340.5;532.0,269.9;635.6,304.5;620.6,358.5;575.5,346.5;464.5,340.5;419.4,403.5;416.4,478.6
21#486.6,614.1;554.4,517.2;496.3,501.1;441.4,478.5;425.3,455.9;415.6,504.3;470.5,491.4;509.2,352.6;509.2,349.4;520.5,283.2;631.9,333.2;609.3,381.6;560.9,359.0;457.6,342.9;405.9,349.4;441.4,378.4
22#488.3,642.6;534.7,530.0;488.3,486.9;425.3,477.0;422.0,460.4;415.4,553.2;458.5,483.6;501.5,357.7;501.5,347.8;519.8,296.4;637.3,354.4;600.9,407.4;557.8,364.3;445.2,344.5;392.2,334.5;441.9,327.9
23#502.8,658.4;527.3,539.6;488.8,487.1;418.9,480.1;404.9,490.6;422.4,571.0;453.8,483.6;495.8,361.3;499.3,354.3;515.0,286.1;635.6,378.7;593.7,420.7;555.2,371.8;436.4,343.8;376.9,319.3;424.1,293.1
24#516.0,656.2;531.1,538.8;493.2,485.8;421.3,482.0;409.9,489.6;425.1,588.1;451.6,482.0;493.2,357.1;493.2,349.5;516.0,277.5;640.9,398.7;591.7,429.0;550.0,368.4;432.6,334.3;383.4,300.3;411.8,256.7
25#513.9,631.1;548.1,516.9;491.0,475.0;426.3,467.3;414.8,513.0;433.9,612.1;460.5,471.2;498.6,353.1;494.8,345.5;513.9,273.1;647.2,414.0;597.7,429.3;555.8,368.3;437.7,330.2;403.4,288.3;401.5,233.1
26#523.2,597.2;565.6,491.2;505.6,470.0;442.0,463.0;424.3,516.0;442.0,629.0;473.8,466.5;509.1,346.4;505.6,335.8;523.2,265.1;650.4,424.1;597.4,427.6;565.6,364.0;456.1,318.1;420.8,275.7;404.9,235.1
27#538.7,552.0;579.7,463.3;518.2,459.9;460.2,459.9;436.3,535.0;443.2,651.0;487.5,456.5;525.1,340.5;525.1,326.8;545.5,255.2;654.7,436.0;603.5,425.8;579.7,357.5;470.5,313.2;415.9,262.0;409.0,265.4
28#554.1,519.0;590.3,442.9;525.1,464.7;467.1,453.8;456.3,551.6;449.0,656.6;496.1,461.0;546.8,327.1;550.4,319.8;574.0,260.1;666.3,439.3;619.2,421.2;601.1,348.8;492.5,301.7;438.2,290.8;429.1,267.3
29#583.8,500.8;602.8,425.0;545.9,451.5;485.2,447.7;481.4,553.9;451.1,656.3;515.6,447.7;568.7,315.0;572.4,303.6;597.1,252.4;678.7,432.5;644.5,406.0;629.3,333.9;515.6,288.4;439.7,296.0;437.8,260.0
30#608.8,509.9;620.5,420.0;573.6,431.7;511.0,427.8;499.3,533.4;471.9,650.7;542.3,427.8;585.3,302.7;589.2,294.8;610.7,218.6;663.5,384.8;671.3,392.6;647.9,318.3;530.6,287.0;460.2,310.5;444.6,275.3
31#608.1,529.2;636.0,428.1;597.7,421.1;531.4,424.6;510.5,518.8;496.6,630.3;566.3,424.6;601.1,295.6;601.1,281.7;616.8,227.6;681.3,354.9;705.7,361.9;660.4,306.1;541.9,281.7;475.6,316.6;447.7,288.7
32#611.2,546.3;639.6,447.0;618.3,415.0;554.4,411.5;522.4,493.1;515.3,596.0;586.3,415.0;607.6,283.7;607.6,273.1;621.8,198.6;703.4,315.7;728.3,326.3;671.5,287.3;543.7,280.2;483.4,326.3;451.5,305.0
33#617.8,564.1;648.0,469.6;632.9,401.6;561.1,397.8;527.1,454.5;527.1,567.9;602.7,397.8;610.2,273.1;614.0,265.5;621.6,193.7;689.6,220.2;734.9,273.1;670.7,273.1;549.8,273.1;496.8,333.5;455.3,318.4
34#622.1,577.0;652.5,482.1;641.1,394.7;572.7,390.9;523.3,432.7;530.9,516.2;606.9,390.9;610.7,261.7;614.5,257.9;610.7,178.1;677.2,168.6;736.1,227.5;671.5,254.1;553.7,269.3;504.3,333.9;458.7,330.1
35#624.3,592.7;645.1,488.5;645.1,384.3;582.6,375.9;511.7,400.9;528.4,475.9;615.9,380.1;611.8,250.9;611.8,250.9;607.6,167.5;693.0,136.3;720.1,188.4;661.8,242.5;553.4,263.4;511.7,330.1;465.9,342.6
36#636.3,600.3;641.2,493.7;641.2,377.4;587.9,367.7;505.5,362.9;529.7,440.4;617.0,372.6;607.3,236.9;607.3,236.9;597.6,154.5;716.3,98.8;709.0,164.2;665.4,217.5;549.1,251.4;510.4,319.3;466.7,353.2
37#648.5,604.3;643.6,492.0;638.8,369.9;580.1,360.1;638.8,492.0;648.5,594.6;614.3,365.0;604.6,223.3;604.6,228.2;589.9,150.1;731.6,111.0;712.0,159.8;658.3,213.6;545.9,238.0;506.9,306.4;462.9,355.2
38#654.5,590.9;645.3,485.7;631.6,366.7;581.3,362.1;636.2,471.9;480.6,417.0;604.1,362.1;595.0,224.8;599.6,224.8;585.8,142.4;739.1,126.4;723.1,188.2;649.9,211.1;540.1,234.0;494.3,302.6;457.7,330.1
39#668.4,581.2;642.0,480.0;633.2,370.0;576.0,365.6;505.6,295.2;505.6,405.2;602.4,365.6;589.2,224.8;593.6,220.4;591.4,139.0;747.6,145.6;725.6,211.6;646.4,216.0;532.0,229.2;461.6,290.8;505.6,400.8
40#665.9,572.4;643.7,466.0;621.5,364.1;559.4,359.6;488.5,324.2;506.2,439.4;590.5,364.1;590.5,222.2;594.9,222.2;597.1,140.2;745.7,173.4;727.9,231.1;648.1,217.8;532.8,222.2;453.0,275.4;466.3,253.2
41#664.6,575.5;635.2,466.5;622.7,366.0;559.8,366.0;480.2,349.2;509.5,458.2;589.1,366.0;589.1,223.6;589.1,219.4;599.6,146.1;740.0,194.2;723.2,244.5;647.8,223.6;530.5,219.4;455.1,244.5;488.6,190.0
42#657.3,573.9;622.5,465.3;622.5,365.4;561.7,361.1;479.2,369.8;509.6,478.4;592.1,365.4;592.1,222.1;592.1,217.8;605.1,139.6;735.5,213.4;713.7,261.2;657.3,226.4;535.6,217.8;474.8,204.7;527.0,152.6
43#648.2,554.1;604.8,449.9;630.8,354.4;565.7,354.4;487.6,393.5;509.3,506.3;600.5,354.4;604.8,219.9;604.8,215.6;613.5,137.4;739.3,237.3;717.6,276.3;661.2,228.6;552.7,206.9;513.7,172.2;554.9,122.3
44#642.1,524.4;591.0,430.6;642.1,349.6;578.2,345.3;501.4,417.8;510.0,528.7;608.0,349.6;620.8,213.2;620.8,208.9;629.3,136.4;740.2,260.1;710.4,289.9;672.0,230.2;569.6,200.4;565.4,260.1;595.2,255.8
45#629.5,485.6;591.7,406.1;644.7,341.8;580.4,341.8;527.4,425.0;508.5,546.1;610.6,345.6;637.1,213.2;640.9,201.8;648.5,133.7;739.3,281.3;716.6,296.4;693.9,228.3;587.9,194.3;576.6,156.4;586.0,112.9
46#627.6,463.4;624.0,394.7;649.3,347.7;587.8,347.7;544.4,430.8;511.8,550.2;616.7,347.7;656.5,213.8;660.1,203.0;669.2,143.3;746.9,304.2;725.2,318.7;710.8,231.9;602.3,195.7;591.4,264.5;569.7,311.5
47#626.7,460.7;634.0,410.1;666.5,348.7;608.7,341.4;540.0,431.8;532.8,547.4;637.6,345.0;670.1,222.2;670.1,211.3;686.4,144.5;742.4,334.2;731.5,312.5;724.3,236.6;612.3,204.1;594.2,269.2;605.1,316.1
48#652.7,411.5;617.8,341.7;684.2,355.6;624.8,352.1;540.9,411.5;568.9,519.9;656.2,355.6;677.2,226.3;677.2,219.4;685.9,158.2;736.6,369.6;736.6,320.7;733.1,247.3;621.3,208.9;603.8,247.3;593.3,177.4
49#742.5,392.9;746.0,382.7;691.4,369.0;633.4,369.0;551.6,392.9;595.9,502.0;664.1,369.0;681.2,239.4;681.2,225.8;686.3,172.9;735.7,379.3;749.4,331.5;739.1,253.1;623.2,225.8;582.3,259.9;589.1,219.0
50#727.8,425.7;759.1,384.0;713.9,363.1;647.9,366.6;571.4,397.9;609.6,516.1;675.7,363.1;686.1,241.5;686.1,234.5;687.9,170.2;731.3,373.6;759.1,335.3;745.2,255.4;630.5,234.5;595.7,258.9;585.3,251.9
51#704.9,453.8;731.2,341.2;712.4,363.7;648.6,367.4;599.8,427.5;614.8,555.1;678.6,363.7;693.6,243.6;693.6,236.0;688.0,159.1;738.7,344.9;768.7,322.4;750.0,251.1;637.3,239.8;603.6,277.3;588.5,266.1
52#701.4,473.2;711.4,393.0;714.7,363.0;654.6,369.7;624.5,449.9;617.8,563.5;688.0,363.0;698.0,242.7;698.0,229.3;699.7,160.8;738.1,299.5;778.2,309.5;754.8,246.0;641.2,239.3;614.5,292.8;594.4,286.1
53#704.8,497.0;719.0,405.1;722.5,362.6;658.9,366.2;627.1,454.6;612.9,560.6;690.7,366.2;694.2,246.0;697.8,235.4;696.0,162.9;757.9,281.3;786.1,284.9;754.3,242.4;637.7,242.4;609.4,306.1;591.7,309.6
54#701.9,525.7;717.3,421.7;728.8,364.0;663.4,364.0;624.9,441.0;621.0,552.6;698.0,367.8;694.2,244.7;694.2,240.8;694.2,167.7;748.1,206.2;786.6,252.4;748.1,240.8;636.4,252.4;609.5,321.6;582.5,329.3
55#702.4,553.8;717.6,439.3;725.2,366.9;664.2,370.7;618.4,431.7;626.1,542.3;694.7,370.7;690.9,252.4;694.7,252.4;687.1,180.0;744.3,176.1;774.8,225.7;748.1,241.0;633.7,263.9;610.8,324.9;584.1,355.4
56#705.2,582.1;716.4,465.6;720.2,382.9;663.8,379.2;611.2,424.3;630.0,525.7;693.9,379.2;678.8,262.7;682.6,258.9;675.1,187.5;739.0,202.5;776.6,240.1;731.5,251.4;626.2,273.9;611.2,337.8;588.7,386.7
57#706.9,614.5;714.9,499.2;714.9,403.8;651.3,403.8;611.5,423.7;635.4,503.2;683.1,403.8;667.2,276.7;667.2,272.7;653.3,199.1;746.7,240.9;782.4,276.7;718.8,264.7;611.5,288.6;591.6,360.1;579.7,423.7
58#709.7,640.0;709.7,524.8;700.8,405.2;638.8,400.8;603.3,449.5;629.9,507.1;669.8,405.2;647.6,290.0;647.6,285.6;636.6,212.5;740.7,267.9;767.2,307.8;709.7,272.3;594.5,303.3;576.8,387.5;572.3,440.6
59#722.4,638.9;709.2,524.5;691.6,414.6;625.6,414.6;634.4,511.4;625.6,528.9;656.4,414.6;634.4,300.3;634.4,291.5;627.8,223.4;748.7,309.1;748.7,331.1;691.6,287.1;577.3,309.1;550.9,405.8;572.9,441.0
60#727.4,637.5;710.5,536.1;680.9,430.5;617.5,439.0;630.2,510.8;621.8,544.6;651.3,434.7;626.0,308.0;626.0,299.6;619.7,234.1;727.4,320.7;727.4,346.0;685.1,299.6;571.1,316.4;541.5,392.5;566.8,413.6
61#736.9,618.8;721.4,525.8;671.1,425.1;612.9,436.7;624.6,502.6;624.6,564.6;640.1,432.8;620.7,308.8;620.7,297.2;618.8,225.5;733.1,343.7;721.4,359.2;678.8,304.9;562.6,316.6;523.8,378.6;558.7,374.7
62#740.1,601.5;728.4,511.3;665.6,424.9;602.8,432.8;614.6,483.8;626.3,597.6;634.2,428.9;618.5,311.1;618.5,303.3;614.6,228.7;736.2,362.2;716.6,366.1;677.4,311.1;559.6,319.0;508.6,362.2;543.9,354.3
63#741.7,576.8;730.6,480.2;656.3,413.4;593.1,428.2;611.7,491.4;619.1,599.1;626.6,420.8;611.7,313.1;611.7,305.6;617.3,233.2;741.7,391.1;712.0,368.8;667.4,316.8;556.0,309.4;507.7,331.7;548.6,350.2
64#736.9,555.7;740.5,461.1;649.5,413.8;580.4,432.0;616.8,512.1;616.8,621.2;613.2,424.7;609.5,315.6;609.5,308.3;611.3,237.3;733.2,402.9;707.8,366.5;664.1,319.2;551.3,308.3;514.9,301.0;569.5,250.1
65#725.7,529.1;747.7,441.2;629.0,423.6;571.9,436.8;611.4,529.1;620.2,647.8;602.6,428.0;602.6,313.7;607.0,309.3;611.4,234.6;730.1,419.2;712.5,370.8;664.2,322.5;549.9,304.9;523.5,274.1;563.1,221.4
66#711.8,508.9;746.3,418.4;647.2,435.6;578.2,461.5;604.1,547.6;617.0,655.4;608.4,444.2;604.1,310.7;604.1,310.7;619.1,231.0;707.5,409.8;720.4,371.0;664.4,315.0;552.4,297.7;526.5,263.3;552.4,427.0
67#701.3,492.5;739.6,401.6;634.3,430.3;576.9,444.6;596.0,559.5;610.4,669.5;610.4,439.9;610.4,305.9;610.4,305.9;629.5,229.3;691.7,372.9;730.0,363.3;667.8,315.4;553.0,291.5;524.3,267.6;543.4,215.0
68#689.4,486.1;726.5,391.4;640.0,440.8;578.2,457.3;586.5,556.1;594.7,667.2;607.1,449.0;611.2,309.1;615.3,304.9;629.7,241.1;705.9,346.1;738.8,362.6;672.9,317.3;553.5,296.7;520.6,296.7;539.1,249.4
69#697.7,504.4;723.4,405.2;638.8,441.9;576.3,464.0;576.3,552.2;576.3,658.8;609.4,453.0;609.4,309.6;613.1,305.9;637.0,260.0;701.3,335.3;734.4,346.4;668.2,317.0;558.0,298.6;524.9,313.3;534.1,267.3
70#694.3,540.7;726.8,439.2;633.4,443.2;564.4,459.5;560.3,552.9;560.3,654.4;600.9,455.4;609.0,309.2;613.1,305.2;623.2,246.3;665.9,349.9;722.7,329.6;661.8,313.3;556.2,305.2;519.7,341.7;564.4,333.6
71#690.8,569.8;725.4,469.7;636.9,438.9;571.4,450.4;544.5,542.8;536.8,646.8;602.2,442.7;606.1,311.9;609.9,304.2;608.0,252.2;646.5,259.9;706.2,304.2;663.8,308.0;548.3,304.2;517.5,365.8;544.5,350.4
72#690.8,591.5;718.1,490.2;628.5,431.8;570.1,435.7;527.3,533.1;515.6,634.3;601.3,435.7;601.3,311.1;605.2,307.2;609.1,237.1;628.5,241.0;683.0,283.8;655.8,303.3;546.7,315.0;523.4,389.0;546.7,357.8
73#688.5,620.6;700.3,514.3;629.4,431.6;566.4,439.5;511.3,522.2;503.4,616.7;597.9,439.5;590.0,309.6;590.0,305.6;597.9,238.7;613.7,223.0;660.9,270.2;645.2,301.7;534.9,321.4;515.2,408.0;531.0,372.6
74#689.7,643.7;678.3,525.9;625.1,438.5;564.3,442.3;495.9,499.3;492.1,598.1;594.7,438.5;579.5,313.1;579.5,305.5;579.5,237.0;596.6,227.5;636.5,259.8;628.9,301.7;526.3,324.5;511.1,385.3;530.1,381.5
75#695.4,649.7;667.6,546.2;619.8,434.7;560.1,442.7;480.5,474.5;484.5,578.0;592.0,438.7;564.1,315.3;564.1,315.3;564.1,243.7;595.9,247.7;623.8,279.5;615.8,299.4;512.3,327.3;488.5,383.0;532.2,387.0
76#690.8,658.3;670.3,547.7;617.0,449.3;551.5,465.7;473.6,449.3;477.7,555.9;584.2,461.6;555.6,322.3;551.5,326.4;547.4,248.6;604.7,273.1;625.2,310.0;608.8,310.0;502.3,330.5;457.2,371.5;490.0,351.0
77#671.1,637.8;663.2,535.5;600.3,453.0;537.4,468.7;478.4,437.3;478.4,543.4;568.8,464.8;541.3,331.1;541.3,331.1;537.4,260.3;604.2,303.6;623.9,342.9;588.5,323.2;490.2,339.0;443.0,366.5;486.3,354.7
78#653.9,612.7;653.9,530.0;585.0,461.2;523.1,471.5;474.9,440.5;468.0,554.1;550.6,464.6;529.9,344.1;529.9,344.1;535.1,277.0;605.7,330.3;612.6,361.3;578.2,333.8;481.7,347.5;437.0,375.1;450.8,320.0
79#627.3,578.3;633.6,521.9;580.3,465.4;520.8,471.7;473.7,471.7;458.1,584.6;552.1,468.6;527.0,355.7;527.0,349.4;525.5,291.5;605.4,349.4;611.7,383.9;580.3,349.4;480.0,358.8;451.8,358.8;439.3,327.5
80#599.5,571.3;611.0,502.2;576.4,473.4;513.0,487.8;464.1,508.0;449.7,617.4;544.7,482.0;527.4,363.9;527.4,352.4;531.8,307.8;567.8,415.8;599.5,421.5;579.3,361.0;475.6,363.9;492.9,407.1;527.4,407.1
81#580.5,576.3;589.6,527.4;580.5,484.7;510.3,487.8;461.4,533.6;449.2,643.4;546.9,484.7;528.6,368.7;531.6,368.7;536.2,303.1;608.0,405.3;604.9,426.7;583.5,371.8;476.7,365.7;430.9,417.5;433.9,374.8
82#496.1,586.5;545.9,550.0;562.5,493.6;499.4,496.9;463.0,553.3;449.7,659.4;529.3,496.9;532.6,374.2;532.6,374.2;540.9,306.2;602.3,424.0;605.6,443.9;589.0,377.5;479.5,367.6;426.5,424.0;436.4,400.7
83#561.3,580.1;561.3,526.0;561.3,492.2;497.0,499.0;470.0,563.2;449.7,671.4;527.5,495.6;537.6,373.9;537.6,377.3;546.0,304.6;612.0,465.2;601.8,438.1;591.7,380.7;480.1,373.9;432.8,431.4;449.7,428.0
84#556.2,604.5;559.6,539.0;573.4,487.3;511.4,483.8;473.5,563.1;452.8,670.0;542.4,483.8;539.0,377.0;539.0,377.0;547.6,309.7;607.9,480.4;607.9,442.5;590.7,380.4;487.3,373.5;442.4,425.2;435.5,445.9
85#556.2,631.5;566.5,552.6;576.8,483.9;515.0,483.9;473.8,552.6;463.5,652.1;545.9,483.9;542.5,384.3;542.5,377.4;540.7,310.5;600.8,463.3;628.3,446.1;594.0,384.3;490.9,377.4;449.7,432.4;432.6,466.7
86#551.9,650.5;564.1,555.4;576.4,481.7;518.1,478.7;475.2,552.3;475.2,653.6;545.7,481.7;542.7,386.6;542.7,380.5;535.0,345.2;604.0,454.1;650.1,438.8;591.8,386.6;490.5,383.5;450.6,435.7;435.3,472.5
87#552.0,673.0;561.5,584.7;571.0,493.2;514.2,483.7;479.5,534.2;485.8,628.8;542.6,490.0;545.7,389.1;545.7,376.5;541.0,343.4;627.7,423.8;665.6,426.9;599.4,389.1;492.1,389.1;441.6,449.0;438.5,474.3
88#551.8,689.3;566.1,603.6;569.6,503.7;512.5,492.9;508.9,589.3;501.8,614.3;541.1,500.1;548.2,385.8;548.2,382.3;550.0,326.9;630.3,375.1;666.0,410.8;601.8,385.8;491.1,389.4;434.0,443.0;437.5,482.2
89#553.1,710.8;568.0,621.7;568.0,510.4;504.9,503.0;545.7,606.9;516.0,577.2;538.3,506.7;545.7,387.9;549.4,384.2;555.0,323.0;653.3,354.5;660.8,399.1;597.7,384.2;493.8,387.9;430.7,432.5;456.7,477.0
90#557.0,711.5;564.9,629.0;568.8,519.0;506.0,519.0;557.0,605.4;458.8,577.9;537.4,519.0;541.3,385.5;541.3,385.5;551.1,312.8;651.3,369.7;651.3,397.2;596.3,381.5;486.3,385.5;423.5,424.7;458.8,428.7
91#562.6,706.0;570.2,630.9;570.2,525.6;517.5,525.6;551.4,612.1;596.5,642.1;543.8,525.6;536.3,386.6;536.3,379.1;549.5,328.4;656.6,386.6;649.1,424.2;592.7,386.6;483.7,382.8;423.6,405.4;461.2,405.4
92#572.2,688.6;586.9,615.0;568.5,511.9;505.9,511.9;561.1,574.5;586.9,662.8;535.4,511.9;535.4,379.5;535.4,375.8;551.9,318.8;656.8,412.6;645.8,427.3;590.6,379.5;480.2,375.8;447.1,405.2;476.5,500.9
93#583.5,662.7;609.2,563.7;565.2,490.3;506.5,497.7;561.5,560.0;572.5,648.0;535.8,494.0;535.8,376.6;539.5,372.9;546.8,303.3;653.2,420.6;645.9,431.6;590.8,380.3;484.5,376.6;499.1,417.0;605.5,446.3
94#592.7,632.8;632.6,538.5;567.3,473.3;502.1,484.2;570.9,545.8;578.2,643.7;531.1,480.5;541.9,371.8;545.6,371.8;558.2,301.1;657.9,426.2;647.1,429.8;596.3,375.4;491.2,371.8;502.1,418.9;607.2,458.8
95#609.0,588.4;647.8,510.8;566.6,457.8;510.2,479.0;573.7,553.1;573.7,651.9;538.4,471.9;552.5,366.1;552.5,366.1;571.9,297.2;665.5,436.6;644.3,426.0;601.9,373.1;506.6,362.5;460.8,394.3;492.5,344.9
96#610.7,548.7;652.1,483.2;552.1,476.3;500.4,486.6;562.5,565.9;572.8,665.9;524.6,479.7;562.5,359.1;562.5,352.2;591.8,291.9;669.4,441.8;652.1,421.1;614.2,366.0;510.8,352.2;455.6,393.5;503.9,393.5
97#608.5,514.6;604.8,473.8;582.6,451.6;515.8,462.7;552.9,562.9;567.7,666.8;549.2,459.0;575.1,347.7;578.9,340.2;606.7,279.0;641.9,477.5;675.3,421.9;627.1,355.1;519.5,336.5;460.1,381.1;493.5,384.8
98#611.8,487.9;551.3,551.8;583.3,445.2;526.5,455.9;544.2,559.0;558.4,654.9;554.9,448.8;586.9,335.0;590.4,327.9;620.7,272.8;647.3,448.8;679.3,395.4;640.2,345.7;533.6,324.3;466.0,335.0;498.0,363.4
99#606.6,500.8;576.8,511.7;594.6,441.8;534.5,451.3;547.5,550.5;554.6,643.7;565.2,445.4;592.4,327.4;595.9,325.0;626.6,270.7;654.9,400.9;683.3,381.7;644.3,339.2;540.4,316.7;495.4,340.2;528.4,356.8
100#601.4,513.6;602.4,471.7;606.0,438.5;542.5,446.7;550.8,542.1;550.8,632.6;575.4,442.0;597.8,319.7;601.3,322.0;632.5,268.5;662.5,352.9;687.2,368.0;648.4,332.6;547.3,309.1;524.7,345.5;558.8,350.3
101#596.2,526.5;627.9,431.6;617.3,435.1;550.5,442.1;554.1,533.6;547.0,621.4;585.7,438.6;603.3,312.1;606.8,319.1;638.4,266.4;670.1,305.0;691.2,354.3;652.5,326.1;554.1,301.5;554.1,350.7;589.2,343.7
102#591.1,533.6;628.5,465.6;625.1,428.2;567.3,431.6;550.3,520.0;550.3,608.3;594.5,431.6;618.3,312.7;618.3,319.5;645.5,261.7;642.1,370.4;679.5,356.8;665.9,326.3;567.3,302.5;560.5,353.4;591.1,339.9
103#594.0,542.0;629.3,477.6;632.6,419.7;574.7,419.7;548.9,493.7;548.9,583.8;603.6,419.7;629.3,316.8;629.3,313.6;647.0,250.8;645.4,368.2;677.6,374.7;674.4,326.4;587.5,300.7;542.5,332.9;581.1,355.4
104#591.4,560.6;627.7,488.0;636.7,418.5;582.3,412.4;549.0,475.9;546.0,554.5;609.5,415.4;633.7,309.6;639.7,303.6;650.3,259.7;648.8,364.0;685.1,379.1;682.1,321.7;594.4,291.5;546.0,330.8;570.2,345.9
105#586.3,572.9;630.6,493.8;643.2,414.8;586.3,402.1;551.5,446.4;545.2,522.3;614.7,408.4;646.4,304.1;646.4,297.8;647.9,251.9;665.3,361.0;693.8,383.1;693.8,316.7;602.1,285.1;551.5,342.0;576.8,342.0
106#587.2,584.1;632.8,503.4;643.3,415.6;590.7,401.5;566.1,478.8;552.0,499.9;618.8,412.1;653.9,299.7;653.9,299.7;645.1,231.2;674.9,366.4;710.1,377.0;703.0,313.7;608.2,285.7;566.1,341.8;597.7,345.4
107#593.4,592.5;629.4,502.6;654.6,409.1;600.6,391.1;575.4,481.0;521.5,491.8;629.4,398.3;654.6,293.9;654.6,290.3;634.8,227.4;683.4,362.3;726.5,358.7;705.0,304.7;604.2,283.1;575.4,333.5;607.8,344.3
108#602.1,587.2;632.1,504.7;658.4,410.9;605.9,388.4;572.1,377.2;594.6,463.4;632.1,403.4;654.6,287.2;654.6,287.2;626.5,217.8;692.1,365.9;737.1,343.4;703.4,290.9;605.9,283.4;575.9,343.4;605.9,347.2
109#597.9,570.2;635.2,503.1;672.5,398.5;612.8,383.6;568.0,406.0;597.9,476.9;642.7,394.8;657.6,279.1;653.9,275.4;629.6,213.8;706.1,353.8;747.2,327.6;702.4,279.1;605.3,275.4;583.0,346.3;579.2,379.9
110#590.8,559.1;655.4,479.1;689.2,386.9;630.8,377.6;572.3,426.8;600.0,506.8;661.5,383.8;655.4,273.0;652.3,266.9;635.4,200.8;729.2,337.6;763.1,310.0;701.5,273.0;606.2,270.0;581.6,331.5;603.1,340.7
111#607.4,547.2;663.5,491.1;690.0,405.5;631.0,393.7;580.8,443.9;601.5,514.7;657.6,399.6;663.5,272.7;660.5,263.9;638.4,238.8;746.1,302.2;778.6,293.4;710.7,272.7;610.4,269.8;569.0,322.9;604.5,322.9
112#633.9,523.7;696.8,471.2;697.1,397.9;634.6,392.4;593.1,452.5;598.8,532.1;663.9,396.3;671.3,271.2;669.3,265.3;655.2,230.7;747.8,275.3;779.3,281.5;717.9,270.1;618.6,270.4;585.2,322.0;615.8,330.1
113#660.5,500.1;730.1,451.4;704.3,390.4;638.3,391.1;605.3,461.1;596.0,549.5;670.3,393.1;679.2,269.7;678.2,266.8;672.0,222.5;749.6,248.3;780.1,269.7;725.0,267.4;626.8,271.1;601.4,321.2;627.1,337.4
114#687.0,476.6;763.4,431.5;711.4,382.8;641.9,389.8;617.6,469.7;593.3,566.9;676.6,389.8;687.0,268.2;687.0,268.2;688.8,214.4;751.3,221.4;780.8,257.8;732.2,264.8;635.0,271.7;617.6,320.3;638.4,344.6
115#720.4,475.8;789.6,410.1;717.0,378.9;651.2,389.3;630.4,465.5;592.4,562.4;685.8,385.9;703.1,268.2;703.1,271.6;704.8,211.1;746.4,218.0;753.3,211.1;751.6,268.2;654.7,268.2;640.8,313.2;682.3,302.8
116#745.3,470.1;802.0,398.5;724.4,368.6;667.6,368.6;643.7,461.2;607.9,547.8;697.5,368.6;712.4,270.0;712.4,270.0;716.9,211.8;754.2,240.2;769.2,264.1;754.2,273.0;667.6,270.0;670.6,299.9;703.5,299.9
117#756.4,497.6;802.6,419.4;734.1,375.4;679.4,376.4;653.0,457.0;640.7,533.6;707.8,376.4;715.6,278.2;716.6,279.3;720.7,219.5;752.9,272.0;772.3,287.9;760.2,279.2;670.0,279.3;673.1,318.1;706.5,317.0
118#767.5,525.0;803.2,440.4;743.7,382.2;691.3,384.3;662.4,452.9;673.5,519.5;718.0,384.3;718.8,286.5;720.9,288.5;724.5,227.2;751.6,303.7;775.5,311.7;766.3,285.3;672.4,288.5;675.5,336.2;709.6,334.2
119#778.6,552.5;803.8,461.3;753.4,389.0;703.1,392.1;671.7,448.7;706.3,505.3;728.3,392.1;722.0,294.7;725.1,297.8;728.3,234.9;750.3,335.5;778.6,335.5;772.3,291.5;674.8,297.8;678.0,354.4;712.6,351.3
120#792.2,568.6;804.9,476.5;763.6,400.4;709.7,406.7;681.1,454.3;738.2,508.3;738.2,406.7;725.5,308.3;725.5,308.3;730.3,249.6;754.1,359.1;785.8,355.9;776.3,302.0;674.8,317.8;665.2,378.1;709.7,371.8
121#800.4,572.6;816.0,488.6;772.4,410.8;719.6,413.9;694.7,463.7;747.6,522.8;744.4,410.8;732.0,320.6;732.0,320.6;733.6,263.0;760.0,370.3;788.0,364.1;781.8,317.4;682.2,333.0;685.3,389.0;716.4,398.3
122#803.2,561.0;834.1,489.9;778.5,421.9;722.8,425.0;704.3,493.0;738.3,561.0;750.6,421.9;741.4,341.5;741.4,332.3;746.0,275.1;769.2,394.1;797.0,384.8;787.7,335.3;691.9,344.6;682.6,403.4;716.6,418.8
123#808.4,543.2;848.8,490.5;783.6,440.8;721.5,456.4;718.4,537.0;733.9,608.4;755.7,450.1;749.4,357.0;749.4,347.7;763.4,287.2;771.2,406.7;805.3,409.8;799.1,353.9;699.8,357.0;671.9,409.8;709.1,425.3
124#813.6,533.2;861.2,488.7;800.9,469.7;727.8,485.6;721.5,555.4;737.4,634.8;765.9,472.9;756.4,374.4;759.6,364.9;777.1,306.1;788.2,418.9;819.9,425.2;807.2,374.4;702.4,374.4;658.0,415.7;699.2,425.2
125#797.8,567.7;864.9,487.8;791.4,507.0;730.6,516.6;724.2,583.7;733.8,666.9;759.4,510.2;759.4,395.1;765.8,382.3;793.0,351.9;794.6,436.7;842.5,446.2;810.6,398.3;711.4,391.9;650.7,420.7;692.3,433.5
126#798.2,588.3;857.7,510.6;791.8,527.6;734.3,535.1;726.8,601.1;737.5,684.1;761.9,529.8;765.1,414.8;771.5,404.2;799.7,373.8;821.5,456.4;849.2,460.6;815.2,420.2;719.3,410.6;661.9,434.0;698.1,493.5
127#798.5,608.8;850.6,533.4;792.1,548.3;737.9,553.6;729.4,618.4;741.1,701.3;764.5,549.3;770.9,434.6;777.3,426.0;806.5,395.8;848.4,476.0;855.8,474.9;819.7,442.0;727.3,429.2;673.1,447.4;703.9,553.5
128#798.9,629.4;843.4,556.2;792.5,568.9;741.6,572.1;732.0,635.8;744.8,718.5;767.0,568.9;776.6,454.3;783.0,447.9;813.2,417.7;875.3,495.7;862.5,489.3;824.3,463.9;735.2,447.9;684.3,460.7;709.7,613.5
129#794.9,668.3;835.3,587.4;800.7,573.0;737.1,575.9;728.4,642.3;745.8,734.7;771.8,573.0;789.1,471.9;789.1,471.9;813.7,421.3;870.0,529.6;864.2,555.6;835.3,480.5;745.8,463.2;693.8,474.8;662.0,477.6
130#788.3,705.2;822.8,633.6;806.8,572.6;743.2,572.6;735.2,652.1;740.5,729.1;775.0,575.2;793.6,487.7;793.6,487.7;816.1,443.9;867.9,577.9;865.2,543.4;836.0,495.6;748.5,477.1;698.1,485.0;661.0,508.9
131#789.0,738.7;816.3,665.1;810.8,591.4;750.8,583.2;734.4,654.1;745.4,727.8;780.8,588.7;794.5,504.1;791.7,506.8;817.7,461.8;868.1,599.6;873.6,561.4;838.1,515.0;750.8,493.2;696.2,512.3;660.8,539.5
132#791.1,770.4;811.4,694.1;811.4,615.2;745.3,612.6;730.0,655.9;735.1,734.8;778.4,612.6;796.2,523.6;796.2,521.0;817.8,486.7;862.3,617.7;875.1,577.0;842.0,531.2;750.4,510.8;699.5,538.8;663.8,566.8
133#792.8,800.6;803.9,731.3;806.6,628.8;751.2,623.2;759.5,717.5;745.7,750.7;778.9,626.0;798.3,540.1;795.6,545.6;821.9,499.9;856.5,623.2;875.9,592.8;839.9,551.2;754.0,529.0;698.6,567.8;662.5,601.1
134#796.5,805.9;801.7,720.7;801.7,645.8;747.5,645.8;768.1,738.8;791.4,811.1;775.9,645.8;796.5,558.0;796.5,558.0;828.8,520.6;848.2,653.6;874.0,612.2;835.3,568.3;755.2,547.7;701.0,586.4;675.2,625.2
135#789.6,808.6;794.7,739.8;800.9,656.2;747.2,656.8;764.5,751.5;781.1,823.4;775.4,656.2;797.6,567.4;798.9,564.2;827.8,527.2;846.4,662.7;870.7,619.8;839.2,576.9;754.2,557.1;697.4,591.8;688.0,618.4
136#782.6,811.4;787.7,758.8;800.2,666.6;747.0,667.8;761.0,764.1;770.8,835.8;774.8,666.6;798.8,576.7;801.3,570.5;826.8,533.8;844.6,671.8;867.4,627.5;843.1,585.5;753.2,566.6;693.8,597.1;700.9,611.6
137#775.7,814.1;780.7,777.9;799.4,677.0;746.7,678.9;757.4,776.8;760.4,848.1;774.2,677.0;800.0,586.0;803.7,576.7;825.7,540.3;842.7,680.8;864.1,635.1;847.0,594.2;752.3,576.0;690.2,602.4;713.7,604.7
138#768.8,816.8;773.7,796.9;798.6,687.4;746.4,689.9;753.8,789.5;750.1,860.4;773.7,687.4;801.1,595.4;806.1,582.9;824.7,546.9;840.9,689.9;860.8,642.7;850.9,602.8;751.3,585.4;686.6,607.8;726.5,597.9
139#783.0,817.6;799.4,741.3;796.6,681.3;750.3,681.3;744.8,787.6;744.8,874.9;774.8,681.3;799.4,594.1;804.8,585.9;828.0,535.4;832.1,686.8;848.4,645.9;851.2,602.2;750.3,585.9;690.3,602.2;731.2,599.5
140#813.4,823.6;808.3,754.8;795.6,675.8;752.2,675.8;747.1,770.1;742.0,826.2;772.6,673.3;800.7,591.7;805.8,584.1;824.9,539.5;816.0,683.5;836.3,645.2;846.5,596.8;754.8,586.6;747.1,624.8;767.5,642.7
141#835.1,834.1;820.1,764.3;790.2,674.5;752.8,672.0;742.8,774.2;724.1,857.8;770.3,674.5;797.7,589.7;802.7,582.2;818.9,543.5;812.7,684.4;827.6,647.0;832.6,592.2;765.3,584.7;757.8,627.1;770.3,664.5
