1#767.5,578.1;739.2,482.5;774.6,397.6;753.3,415.3;725.0,507.3;767.5,585.2;764.0,408.2;707.3,323.2;710.9,323.2;682.5,266.5;643.6,224.0;682.5,266.5;732.1,298.4;682.5,333.8;633.0,294.9;608.2,238.2
2#767.4,578.8;735.6,501.0;774.4,398.6;749.7,416.2;721.4,508.1;767.4,585.8;760.3,409.2;703.8,324.4;710.8,324.4;682.6,267.8;672.0,430.4;682.6,267.8;732.0,299.6;682.6,331.4;629.6,296.1;604.8,239.6
3#764.1,570.8;735.7,485.7;771.2,400.5;749.9,414.7;718.0,510.5;767.6,585.0;760.5,407.6;703.8,319.0;703.8,322.5;682.5,269.3;671.9,432.5;682.5,265.8;728.6,301.2;678.9,333.2;625.7,290.6;604.5,237.4
4#764.5,570.9;735.9,485.2;771.6,406.6;750.2,417.4;718.1,510.2;764.5,585.2;757.3,410.2;703.8,324.5;707.4,324.5;682.4,271.0;671.7,431.6;682.4,267.4;732.3,299.5;678.8,331.7;628.8,296.0;603.8,238.8
5#763.4,570.7;734.9,485.1;770.5,410.2;749.1,417.3;717.0,510.1;767.0,585.0;756.3,413.8;702.8,324.6;702.8,324.6;681.4,271.1;642.2,224.8;681.4,267.6;731.3,299.6;677.8,331.7;627.9,296.1;602.9,239.0
6#764.3,570.4;725.1,485.0;764.3,410.2;742.9,417.3;714.5,509.9;764.3,584.7;753.6,410.2;703.8,324.7;703.8,324.7;678.9,271.3;671.7,431.6;682.4,267.8;728.7,299.8;678.9,331.9;625.4,292.7;604.1,239.3
7#766.4,581.0;724.0,485.5;762.9,411.2;741.7,418.2;713.4,510.2;766.4,584.5;752.3,414.7;702.8,319.2;702.8,322.7;678.0,269.7;670.9,432.4;681.5,266.2;727.5,301.5;678.0,333.4;621.4,290.9;603.7,241.4
8#762.2,570.1;723.1,481.2;758.6,410.2;737.3,420.9;712.4,513.2;762.2,587.8;744.4,413.7;698.2,324.9;701.8,324.9;676.9,268.1;669.8,431.5;680.5,264.5;726.6,300.1;673.4,332.0;620.1,289.4;602.3,239.7
9#756.2,575.3;717.9,494.8;756.2,410.5;729.4,422.0;710.2,514.0;763.9,586.8;744.7,414.3;694.9,322.4;694.9,322.4;679.6,268.7;633.6,222.7;679.6,261.1;721.7,303.2;668.1,333.9;614.4,291.7;599.1,238.1
10#749.1,554.9;718.2,493.0;753.0,411.7;725.9,423.3;710.4,516.2;760.7,585.9;737.5,415.5;691.1,322.6;694.9,322.6;679.5,268.4;636.9,229.7;683.3,260.7;722.0,303.3;664.0,330.4;613.6,291.7;598.2,241.3
11#746.2,563.9;714.7,480.0;746.2,406.6;718.2,420.6;707.7,511.5;756.6,584.8;732.2,413.6;690.3,315.8;690.3,319.3;676.3,263.4;634.3,228.4;679.8,259.9;718.2,301.8;662.3,329.8;606.4,291.3;599.4,242.4
12#662.6,438.6;659.0,378.2;740.7,406.6;708.7,417.3;708.7,513.2;751.3,584.2;722.9,410.2;687.4,314.3;687.4,317.9;673.2,261.1;630.6,225.5;680.3,257.5;715.8,300.1;655.5,325.0;602.2,296.6;598.7,246.9
13#731.9,567.0;710.1,479.9;735.5,403.7;702.8,414.5;702.8,508.9;735.5,577.8;721.0,407.3;681.1,309.3;681.1,312.9;673.8,254.9;630.3,233.1;677.4,262.1;710.1,294.8;652.0,320.2;601.2,294.8;597.6,247.6
14#659.6,441.6;639.4,377.7;726.8,401.2;696.6,414.7;689.8,505.4;730.1,582.7;710.0,408.0;676.4,310.5;679.8,313.9;666.3,250.1;629.4,233.3;673.0,260.2;710.0,300.5;646.2,320.6;599.1,300.5;595.8,250.1
15#657.1,451.8;631.9,382.5;720.1,401.4;688.6,414.0;672.9,499.1;720.1,574.7;704.4,407.7;676.0,310.1;676.0,310.1;663.4,247.0;625.6,237.6;669.7,259.6;704.4,297.5;647.7,319.5;597.3,306.9;597.3,256.5
16#645.7,453.8;625.0,385.8;713.7,400.6;684.2,412.4;660.5,492.3;707.8,560.3;699.0,406.5;672.3,314.9;669.4,309.0;654.6,249.8;631.0,249.8;666.4,270.5;701.9,303.0;645.7,323.7;598.4,314.9;595.5,267.6
17#693.1,549.0;651.6,465.9;711.0,397.6;675.3,412.4;636.7,480.7;687.2,552.0;690.2,406.5;666.4,311.5;666.4,308.5;648.6,252.1;636.7,272.9;669.4,287.8;696.1,302.6;642.7,323.4;598.1,320.4;595.2,272.9
18#668.6,531.4;643.1,463.2;702.7,400.7;665.8,412.0;620.3,477.4;668.6,542.8;682.8,406.4;660.1,315.4;657.3,312.6;643.1,255.7;631.7,278.5;662.9,295.5;688.5,306.9;634.5,326.8;594.7,329.6;594.7,287.0
19#652.0,509.2;623.1,440.0;692.3,405.4;657.7,416.9;600.1,471.7;654.9,535.1;677.9,411.2;652.0,321.8;646.2,318.9;634.7,261.3;623.1,293.0;654.9,301.6;677.9,313.2;623.1,333.3;588.6,336.2;591.4,295.9
20#645.1,503.7;602.6,444.3;687.5,413.2;647.9,427.3;580.0,466.9;633.8,526.3;664.9,421.6;642.2,328.3;639.4,322.7;625.3,266.1;625.3,305.7;647.9,317.0;670.5,319.8;616.8,342.5;582.9,350.9;588.5,311.4
21#639.7,511.4;603.9,454.0;673.1,425.4;644.5,434.9;560.9,461.2;615.8,518.5;658.8,430.2;632.5,339.4;630.1,327.4;617.0,278.5;627.7,332.2;646.9,348.9;663.6,327.4;599.1,348.9;575.2,368.0;584.8,329.8
22#639.7,533.8;597.3,453.9;667.2,436.4;634.7,446.4;542.4,461.4;602.3,513.8;647.2,443.9;622.2,346.6;619.7,341.6;604.8,289.2;644.7,354.1;677.1,349.1;654.7,341.6;589.8,354.1;567.3,386.5;587.3,356.6
23#619.1,512.5;603.7,471.7;659.9,448.7;621.6,458.9;532.2,458.9;639.5,556.0;639.5,453.8;611.4,359.3;611.4,354.2;599.9,299.2;657.4,366.9;685.5,361.8;642.0,351.6;580.7,369.5;552.6,400.1;570.5,379.7
24#567.1,512.2;562.1,464.5;655.0,462.0;614.8,469.5;599.7,509.7;634.9,580.0;634.9,464.5;604.8,371.5;602.3,369.0;591.0,317.5;650.0,369.0;680.1,371.5;634.9,361.5;572.1,384.1;531.9,411.7;552.0,399.2
25#549.5,519.3;617.6,541.1;639.3,473.0;609.4,483.9;606.7,541.1;633.9,600.9;625.7,481.2;595.8,386.0;595.8,383.3;583.6,330.2;680.1,361.5;669.3,380.5;628.5,380.5;557.7,394.1;514.2,418.6;530.5,413.2
26#543.9,523.4;610.3,556.5;626.8,493.0;599.2,504.0;607.5,564.8;632.4,628.4;610.3,501.3;585.4,407.3;585.4,404.5;572.9,347.9;679.3,379.7;657.2,390.7;621.3,393.5;552.2,410.1;494.2,429.4;549.5,410.1
27#628.9,657.4;618.1,587.2;612.7,533.2;574.8,533.2;618.1,595.3;626.2,657.4;593.8,533.2;577.5,430.5;577.5,427.8;565.4,377.9;642.4,476.5;650.5,414.3;604.6,433.2;558.6,433.2;488.4,435.9;528.9,411.6
28#632.8,684.0;549.1,589.1;557.5,544.5;599.3,547.3;613.3,611.4;630.0,684.0;579.8,547.3;574.2,435.7;574.2,444.1;567.3,386.9;641.2,491.5;593.8,472.0;621.7,432.9;610.5,432.9;476.6,444.1;577.0,491.5
29#623.7,704.0;614.6,631.8;590.5,571.6;545.4,574.6;548.4,616.7;506.3,580.6;569.5,571.6;560.4,469.3;560.4,460.2;557.4,397.0;635.7,523.4;617.6,427.1;596.6,460.2;527.3,475.3;461.1,454.2;512.3,418.1
30#622.1,725.8;606.3,659.4;584.2,583.6;549.4,586.7;596.8,656.3;618.9,725.8;558.9,586.7;552.6,479.3;555.7,482.4;546.3,425.6;492.5,422.4;448.3,460.3;514.7,488.8;587.3,463.5;445.1,460.3;502.0,428.7
31#613.3,741.0;596.2,672.6;579.1,604.3;531.3,607.7;582.6,669.2;613.3,741.0;551.8,604.3;548.4,498.3;548.4,501.7;541.5,440.2;533.0,404.3;596.2,559.9;582.6,491.5;507.4,508.6;445.8,471.0;480.0,423.1
32#600.6,758.3;564.1,677.3;560.9,617.0;522.8,626.5;567.3,680.5;607.0,758.3;535.5,623.3;529.2,515.3;532.3,521.7;554.6,474.1;510.1,420.1;548.2,451.8;567.3,502.6;484.7,518.5;440.2,480.4;465.7,432.8
33#589.4,780.0;558.7,694.7;555.3,636.8;504.1,643.6;555.3,698.1;592.8,780.0;528.0,636.8;524.6,544.7;521.2,544.7;531.4,490.1;500.7,435.6;586.0,572.0;562.1,548.1;480.2,544.7;439.3,490.1;453.0,439.0
34#486.6,720.3;459.9,666.8;489.6,654.9;549.0,660.9;552.0,720.3;578.7,794.5;516.3,654.9;510.4,548.0;477.7,470.7;449.5,424.7;442.0,455.9;575.7,589.6;534.1,548.0;471.7,565.8;480.7,438.1;439.1,452.9
35#499.1,745.0;474.7,671.2;480.3,683.7;536.4,685.4;534.5,712.4;544.4,793.3;506.7,682.2;502.0,565.2;481.0,512.9;452.4,448.8;468.2,472.4;546.3,563.1;530.4,566.8;465.2,574.7;464.1,477.8;442.3,469.2
36#511.7,769.8;489.4,675.6;471.0,712.6;523.8,709.8;516.9,704.4;510.1,792.2;497.2,709.4;493.7,582.5;484.3,555.2;455.2,472.9;494.5,488.8;517.0,536.5;526.7,585.7;458.7,583.7;447.6,517.5;445.5,485.4
37#524.2,794.5;504.2,680.0;461.7,741.4;511.2,734.3;499.4,696.5;475.8,791.0;487.6,736.7;485.3,599.7;487.6,597.4;458.1,497.0;520.7,505.3;487.6,510.0;523.0,604.5;452.2,592.6;431.0,557.2;448.7,501.7
38#509.3,790.2;493.7,688.1;455.6,736.7;504.5,733.2;494.2,706.4;472.8,791.8;479.2,742.8;482.8,607.1;484.3,606.0;461.2,513.8;513.1,534.0;477.8,531.3;513.9,610.3;457.5,605.8;439.0,576.5;450.1,530.1
39#494.4,786.0;483.3,696.2;449.4,732.0;497.8,732.0;488.9,716.4;469.8,792.6;470.8,749.0;480.3,614.5;481.1,614.7;464.3,530.6;505.4,562.7;467.9,552.6;504.7,616.1;462.8,618.9;446.9,595.8;451.4,558.5
40#479.5,781.7;472.8,704.3;443.3,727.3;491.1,730.9;483.7,726.3;466.8,793.4;462.4,755.1;477.8,621.9;477.8,623.4;467.4,547.4;497.8,591.4;458.1,573.9;495.6,621.9;468.1,632.1;454.9,615.1;452.8,587.0
41#464.5,777.4;462.4,712.4;437.2,722.6;484.4,729.8;478.5,736.3;463.7,794.2;454.0,761.2;475.3,629.2;474.5,632.0;470.5,564.2;490.1,620.1;448.2,595.1;486.4,627.7;473.4,645.2;462.8,634.3;454.2,615.4
42#449.6,773.2;451.9,720.4;431.1,717.8;477.7,728.6;473.3,746.2;460.7,795.1;445.7,767.4;472.9,636.6;471.3,640.6;473.7,581.1;482.5,648.9;438.4,616.4;477.2,633.6;478.8,658.4;470.8,653.6;455.5,643.8
43#434.7,768.9;441.4,728.5;424.9,713.1;471.0,727.5;468.0,756.1;457.7,795.9;437.3,773.5;470.4,644.0;468.0,649.3;476.8,597.9;474.9,677.6;428.5,637.7;468.1,639.4;484.1,671.6;478.8,672.9;456.9,672.2
44#419.8,764.7;431.0,736.6;418.8,708.4;464.3,726.3;462.8,766.1;454.7,796.7;428.9,779.7;467.9,651.4;464.8,657.9;479.9,614.7;467.2,706.3;418.7,659.0;458.9,645.2;489.4,684.7;486.7,692.2;458.2,700.7
45#404.9,760.4;420.5,744.7;412.7,703.7;457.6,725.2;457.6,776.0;451.7,797.5;420.5,785.8;465.4,658.8;461.5,666.6;483.0,631.5;459.6,735.0;408.8,680.3;449.8,651.0;494.7,697.9;494.7,711.5;459.6,729.1
46#392.8,781.1;412.3,757.6;413.6,716.6;450.7,733.5;451.4,779.1;442.9,805.2;422.7,773.3;457.2,674.9;452.0,682.1;480.7,652.8;431.2,753.1;403.2,693.2;435.1,669.7;486.5,694.5;491.1,720.5;454.0,732.9
47#380.7,801.7;404.2,770.5;414.6,729.5;443.9,741.9;445.1,782.2;434.1,812.8;425.0,760.7;449.1,691.1;442.6,697.6;478.3,674.2;402.9,771.1;397.7,706.0;420.4,688.5;478.4,691.1;487.5,729.4;448.4,736.6
48#368.6,822.4;396.0,783.4;415.5,742.4;437.0,750.2;438.9,785.3;425.3,820.5;427.2,748.2;440.9,707.2;433.1,713.1;476.0,695.5;374.5,789.2;392.1,718.9;405.7,707.2;470.2,687.7;483.9,738.4;442.8,740.4
49#360.6,796.1;366.5,784.4;393.8,800.0;380.1,784.4;434.8,792.2;427.0,823.4;388.0,794.1;430.9,716.0;432.9,716.0;468.0,688.7;479.8,702.3;487.6,743.4;395.8,712.1;399.7,710.1;520.8,690.6;475.9,700.4
50#403.6,832.2;432.9,787.3;395.8,808.8;372.3,793.2;345.0,785.4;346.9,787.3;388.0,801.0;427.0,728.7;432.9,719.0;462.2,683.8;485.6,719.0;487.6,750.2;464.1,744.4;395.8,713.1;374.3,761.9;454.4,701.4
51#367.4,813.7;375.2,784.4;404.5,809.8;369.4,794.2;336.2,788.3;334.2,829.3;387.0,800.0;426.0,731.7;431.9,721.9;461.2,688.7;482.7,731.7;482.7,761.0;459.2,745.4;394.8,714.1;375.2,753.2;400.6,755.1
52#374.1,826.5;378.1,797.2;397.6,801.1;368.3,789.4;333.1,783.5;339.0,826.5;382.0,797.2;428.8,732.7;432.7,724.9;458.1,685.9;487.4,740.5;483.5,765.9;460.1,752.3;393.7,713.2;372.2,756.2;395.6,758.1
53#367.1,825.5;435.5,794.2;392.5,800.1;363.2,786.4;332.0,780.6;335.9,825.5;378.9,796.2;425.7,731.7;431.6,723.9;458.9,684.9;484.3,749.3;480.4,776.6;460.9,753.2;394.5,712.2;371.1,753.2;400.4,755.2
54#370.0,824.5;416.8,795.2;391.4,799.1;360.2,785.4;328.9,777.6;330.9,820.6;375.8,795.2;424.6,730.7;432.5,722.9;457.9,685.8;485.2,752.2;479.3,785.4;461.8,750.3;393.4,711.2;368.0,750.3;395.4,754.2
55#381.6,817.7;412.9,811.8;389.4,800.1;354.3,784.5;332.8,774.7;326.9,819.6;371.9,790.3;424.6,731.7;432.4,720.0;461.7,684.9;487.1,759.1;477.3,790.3;463.7,753.2;395.3,710.2;369.9,749.3;393.4,751.3
56#378.7,822.5;415.8,793.2;388.5,797.1;349.4,781.5;331.9,771.7;327.9,816.6;367.0,787.3;425.6,728.7;435.4,717.0;464.7,681.9;488.1,769.7;480.3,799.0;464.7,752.2;396.3,707.2;378.7,740.4;413.9,748.3
57#383.6,820.6;419.9,792.5;391.5,795.6;352.2,780.2;341.1,772.6;336.8,814.4;369.9,786.0;427.7,724.1;437.2,712.7;466.2,676.8;484.0,753.5;484.4,793.7;467.4,747.6;397.9,702.6;378.7,730.2;412.6,734.7
58#388.6,818.7;423.9,791.9;394.5,794.1;355.0,779.0;350.2,773.4;345.7,812.3;372.9,784.7;429.8,719.6;439.0,708.5;467.6,671.7;479.9,737.4;488.4,788.3;470.1,742.9;399.4,698.0;378.7,720.1;411.3,721.2
59#393.5,816.9;428.0,791.2;397.5,792.7;357.8,777.8;359.4,774.3;354.7,810.1;375.8,783.4;432.0,715.0;440.7,704.2;469.1,666.6;475.8,721.2;492.5,783.0;472.8,738.3;401.0,693.4;378.7,709.9;410.0,707.6
60#398.5,815.0;432.1,790.5;400.5,791.2;360.5,776.5;368.6,775.2;363.6,807.9;378.8,782.1;434.1,710.5;442.5,700.0;470.5,661.5;471.6,705.0;496.5,777.7;475.5,733.6;402.5,688.7;378.6,699.7;408.7,694.0
61#403.4,813.1;436.1,789.9;403.5,789.7;363.3,775.2;377.8,776.1;372.5,805.8;381.7,780.8;436.2,705.9;444.3,695.7;472.0,656.4;467.5,688.9;500.6,772.4;478.2,729.0;404.1,684.1;378.6,689.5;407.4,680.4
62#408.4,811.2;440.2,789.2;406.5,788.2;366.1,774.0;386.9,776.9;381.4,803.6;384.7,779.5;438.3,701.4;446.1,691.5;473.4,651.3;463.4,672.7;504.6,767.0;480.9,724.3;405.6,679.5;378.6,679.4;406.1,666.9
63#413.3,809.3;444.2,788.6;409.5,786.7;368.9,772.8;396.1,777.8;390.3,801.5;387.6,778.2;440.4,696.8;447.9,687.2;474.9,646.2;459.3,656.6;508.7,761.7;483.6,719.7;407.2,674.9;378.6,669.2;404.8,653.3
64#418.2,807.5;448.3,787.9;412.5,785.3;371.7,771.5;405.3,778.7;399.3,799.3;390.5,776.8;442.6,692.2;449.6,682.9;476.4,641.0;455.2,640.4;512.8,756.4;486.2,715.1;408.8,670.3;378.6,659.0;403.6,639.7
65#423.2,805.6;452.4,787.2;415.5,783.8;374.5,770.2;414.4,779.5;408.2,797.1;393.5,775.5;444.7,687.7;451.4,678.7;477.8,635.9;451.1,624.2;516.8,751.0;488.9,710.4;410.3,665.7;378.6,648.9;402.3,626.2
66#428.1,803.7;456.4,786.6;418.5,782.3;377.3,769.0;423.6,780.4;417.1,795.0;396.4,774.2;446.8,683.1;453.2,674.4;479.3,630.8;447.0,608.1;520.9,745.7;491.6,705.8;411.9,661.1;378.6,638.7;401.0,612.6
67#433.1,801.8;460.5,785.9;421.5,780.8;380.0,767.8;432.8,781.3;426.0,792.8;399.4,772.9;448.9,678.6;455.0,670.2;480.7,625.7;442.8,591.9;524.9,740.4;494.3,701.1;413.4,656.4;378.5,628.5;399.7,599.0
68#438.0,800.0;464.6,785.2;424.5,779.4;382.8,766.5;442.0,782.2;435.0,790.6;402.3,771.6;451.1,674.0;456.7,665.9;482.2,620.6;438.7,575.7;529.0,735.1;497.0,696.5;415.0,651.8;378.5,618.3;398.4,585.4
69#443.0,798.1;468.6,784.6;427.5,777.9;385.6,765.2;451.1,783.0;443.9,788.5;405.3,770.3;453.2,669.5;458.5,661.7;483.6,615.5;434.6,559.6;533.0,729.7;499.7,691.8;416.5,647.2;378.5,608.2;397.1,571.9
70#447.9,796.2;472.7,783.9;430.5,776.4;388.4,764.0;460.3,783.9;452.8,786.3;408.2,769.0;455.3,664.9;460.3,657.4;485.1,610.4;430.5,543.4;537.1,724.4;502.4,687.2;418.1,642.6;378.5,598.0;395.8,558.3
71#461.8,794.4;479.1,767.1;437.0,772.0;389.8,759.6;429.5,777.0;439.4,796.8;412.2,764.6;459.3,657.9;461.8,650.5;486.6,603.4;543.6,667.8;548.6,697.6;501.4,677.8;419.6,638.1;377.4,603.4;399.7,553.7
72#466.7,798.8;483.9,752.0;439.6,766.8;397.7,759.4;437.1,757.0;437.1,796.4;417.4,764.3;461.8,651.1;461.8,648.6;483.9,599.3;540.6,665.8;555.4,683.1;501.2,665.8;422.4,638.7;375.6,604.3;400.2,557.5
73#470.2,787.4;485.1,742.8;450.4,760.1;400.7,752.7;438.0,780.0;433.0,789.9;425.6,760.1;462.8,648.5;462.8,643.6;487.6,596.4;554.5,665.9;559.5,660.9;502.4,660.9;423.1,633.6;375.9,606.4;403.2,554.3
74#460.9,793.4;504.9,720.0;456.0,744.5;407.1,746.9;419.3,793.4;426.7,788.5;429.1,746.9;465.8,641.8;463.3,636.9;487.8,590.4;551.4,654.0;553.8,641.8;500.0,654.0;426.7,632.0;375.3,610.0;399.8,563.5
75#481.1,774.1;510.0,709.0;461.8,742.8;411.2,742.8;411.2,788.6;423.2,786.2;437.7,742.8;464.2,636.7;466.6,631.9;488.3,583.7;517.2,595.8;555.8,622.3;502.8,648.8;425.6,629.5;379.8,617.5;396.7,574.1
76#473.7,775.6;503.6,715.7;471.4,731.8;416.1,734.1;409.2,787.1;413.8,780.2;446.0,731.8;466.8,635.2;466.8,628.3;489.8,582.3;519.7,575.4;554.2,612.2;505.9,642.1;429.9,628.3;383.9,623.7;400.0,577.7
77#479.3,767.8;504.7,707.7;474.7,730.8;423.9,730.8;410.0,790.9;411.2,829.0;449.3,728.5;472.4,633.8;472.4,626.8;486.3,576.0;518.6,557.5;553.3,601.4;511.7,636.1;433.1,624.5;389.2,631.4;398.5,587.5
78#511.1,741.6;491.1,741.6;481.2,731.6;431.4,729.1;414.0,788.9;410.2,822.5;456.3,731.6;473.7,632.0;473.7,624.5;488.7,572.3;521.0,539.9;550.9,589.7;513.6,632.0;433.9,627.0;391.5,634.5;404.0,592.2
79#510.4,735.3;507.8,725.0;489.9,730.1;436.1,730.1;415.6,786.5;401.5,818.6;461.7,730.1;474.5,625.1;472.0,625.1;487.3,571.3;523.2,530.3;546.3,579.0;515.5,622.5;431.0,625.1;395.1,640.5;400.2,602.0
80#413.8,788.6;513.6,725.6;489.9,730.8;440.1,730.8;411.2,780.7;392.8,828.0;466.3,730.8;474.2,623.2;474.2,620.6;487.3,568.1;526.7,518.2;542.4,570.7;516.2,620.6;432.2,625.8;395.4,646.8;403.3,607.5
81#521.9,699.0;508.2,712.7;491.8,726.4;445.2,726.4;417.8,775.7;395.9,825.0;467.1,726.4;475.3,619.6;475.3,619.6;483.5,567.6;530.1,518.3;538.3,564.8;513.7,614.1;431.5,625.1;398.7,652.4;404.1,611.4
82#416.5,779.3;427.1,758.0;498.9,723.5;448.4,723.5;413.9,771.3;399.2,823.1;472.3,723.5;475.0,617.2;475.0,619.9;482.9,564.1;530.7,511.0;536.0,561.4;514.8,609.3;432.5,622.5;400.6,657.1;405.9,617.2
83#422.5,776.2;435.2,753.2;499.0,720.1;453.1,722.6;414.8,773.7;405.9,815.7;476.0,722.6;476.0,615.5;473.5,618.1;481.1,564.5;532.1,505.8;534.7,559.4;514.3,607.8;435.2,623.2;404.6,661.4;404.6,618.1
84#530.5,711.3;428.6,752.1;499.9,719.0;454.1,721.5;421.0,762.3;407.0,814.5;479.6,719.0;474.5,614.5;474.5,617.1;479.6,563.6;533.0,507.6;540.7,556.0;512.7,604.3;433.7,622.2;403.1,665.5;408.2,627.3
85#488.8,795.0;517.0,700.1;504.2,720.6;455.5,720.6;422.1,764.2;410.5,816.8;481.1,720.6;473.4,612.8;476.0,615.4;476.0,561.5;535.0,515.3;545.3,561.5;514.5,605.1;434.9,620.5;401.6,669.3;406.7,628.2
86#483.9,802.3;494.3,739.8;507.4,716.4;457.9,716.4;431.9,747.6;416.2,802.3;483.9,716.4;473.5,612.2;473.5,614.8;473.5,562.8;536.0,526.3;549.0,568.0;512.6,604.4;434.5,614.8;400.6,672.1;403.2,633.1
87#490.1,795.1;500.0,733.1;506.8,715.7;456.5,715.7;434.4,739.4;424.8,793.9;482.2,715.7;472.2,612.5;472.7,612.1;473.5,561.0;535.5,530.5;547.5,573.4;511.4,603.8;432.4,615.8;398.2,669.1;400.7,637.0
88#496.2,787.9;505.8,726.5;506.2,714.9;455.0,714.9;436.9,731.2;433.3,785.5;480.5,714.9;471.0,612.8;471.8,609.4;473.5,559.2;534.9,534.8;546.0,578.8;510.2,603.1;430.3,616.8;395.9,666.1;398.2,641.0
89#502.4,780.8;511.5,719.8;505.6,714.2;453.6,714.2;439.5,722.9;441.9,777.0;478.9,714.2;469.7,613.0;471.0,606.6;473.4,557.3;534.4,539.0;544.5,584.2;508.9,602.5;428.1,617.8;393.5,663.0;395.8,644.9
90#508.5,773.6;517.3,713.2;505.0,713.4;452.1,713.4;442.0,714.7;450.4,768.6;477.2,713.4;468.5,613.3;470.1,603.9;473.4,555.5;533.8,543.3;543.0,589.6;507.7,601.8;426.0,618.8;391.2,660.0;393.3,648.9
91#514.7,766.4;523.0,706.5;504.4,712.7;450.7,712.7;444.5,706.5;459.0,760.2;475.5,712.7;467.2,613.6;469.3,601.2;473.4,553.7;533.3,547.5;541.5,595.0;506.5,601.2;423.9,619.8;388.8,657.0;390.8,652.8
92#512.3,775.4;521.8,718.9;503.5,710.4;450.6,709.9;442.1,705.8;442.6,746.6;475.8,710.4;467.4,611.5;468.9,599.4;471.8,550.9;533.9,554.2;539.5,598.6;505.6,601.1;423.9,617.2;384.4,647.3;390.9,639.8
93#509.9,784.4;520.6,731.4;502.5,708.2;450.5,707.1;439.8,705.0;426.2,733.0;476.1,708.2;467.6,609.3;468.6,597.7;470.1,548.2;534.5,561.0;537.5,602.2;504.7,601.0;423.9,614.6;380.1,637.6;391.0,626.8
94#507.5,793.3;519.5,743.8;501.6,705.9;450.4,704.3;437.4,704.3;409.8,719.4;476.3,705.9;467.7,607.1;468.2,595.9;468.4,545.4;535.2,567.7;535.6,605.8;503.8,600.8;424.0,612.0;375.8,627.9;391.1,613.7
95#505.1,802.3;518.3,756.2;500.7,703.6;450.3,701.5;435.0,703.6;393.4,705.8;476.6,703.6;467.9,605.0;467.9,594.1;466.8,542.6;535.8,574.4;533.6,609.4;502.9,600.7;424.0,609.4;371.4,618.2;391.2,600.7
96#506.8,805.3;515.6,757.2;495.9,698.0;452.1,702.4;410.5,724.3;399.5,719.9;476.2,700.2;463.0,601.7;465.2,593.0;468.5,543.7;535.3,582.0;533.1,614.8;502.5,599.5;421.4,603.9;368.9,610.5;386.4,582.0
97#513.8,803.5;518.2,761.9;496.3,696.2;450.3,698.4;413.1,737.8;393.4,733.5;474.4,698.4;465.7,597.7;467.9,591.1;471.1,539.7;535.7,586.8;529.2,619.6;500.7,595.5;424.1,602.1;373.7,602.1;391.2,564.9
98#514.8,808.1;517.0,760.9;497.7,696.6;450.5,696.6;414.0,745.9;386.2,735.2;474.1,696.6;467.7,597.9;469.8,589.3;466.6,543.2;527.7,597.9;525.6,625.8;502.0,597.9;431.2,597.9;375.4,587.2;390.4,550.7
99#515.5,806.3;518.1,761.9;494.7,691.4;447.7,696.7;411.2,756.7;400.7,748.8;471.2,694.0;463.4,597.5;466.0,589.7;471.2,534.9;533.8,605.3;526.0,628.8;499.9,597.5;426.8,594.9;377.2,576.6;392.9,529.7
100#516.0,805.2;518.7,759.2;497.0,694.3;448.4,699.7;415.9,764.6;397.0,753.8;472.7,697.0;464.6,594.2;467.3,588.8;472.7,534.7;540.3,615.8;526.8,634.8;499.7,596.9;424.0,594.2;380.7,564.4;391.5,515.8
101#513.9,801.0;513.9,746.7;500.3,697.9;451.5,703.3;435.2,735.9;402.7,765.7;473.2,700.6;467.8,594.8;470.5,589.4;478.6,535.1;541.0,624.6;527.5,638.2;508.5,600.2;427.1,592.1;383.7,556.8;386.4,505.3
102#508.0,822.0;513.5,735.5;499.6,696.5;449.4,699.3;438.2,735.5;407.6,769.0;474.5,699.3;471.7,598.9;471.7,590.5;480.1,534.7;535.9,635.1;533.1,646.3;513.5,601.7;427.1,590.5;388.0,551.5;385.2,498.5
103#511.4,799.0;514.1,732.3;500.2,698.9;450.2,701.7;447.4,729.5;414.0,762.9;475.2,698.9;475.2,596.0;475.2,593.2;486.3,534.8;547.5,643.3;533.6,651.6;516.9,604.3;433.5,587.7;391.8,548.7;383.4,501.4
104#508.5,794.8;508.5,728.2;500.2,700.4;450.2,697.6;455.7,714.3;455.7,758.7;475.2,697.6;480.7,594.8;480.7,592.1;491.8,536.5;550.2,650.4;536.3,655.9;522.4,605.9;436.3,583.7;391.8,550.4;383.5,506.0
105#503.2,789.3;508.6,727.4;503.2,695.0;457.4,695.0;449.3,727.4;452.0,762.4;479.0,695.0;481.7,595.4;484.4,590.0;497.8,536.1;522.1,673.5;540.9,660.0;527.5,608.9;438.6,581.9;392.8,557.7;384.7,511.9
106#498.3,779.8;506.3,721.1;503.7,699.8;458.3,694.5;450.3,729.1;447.7,777.1;479.7,697.1;487.7,595.8;487.7,590.5;503.7,534.5;522.3,683.8;543.6,665.1;530.3,611.8;445.0,582.5;391.7,563.8;386.3,521.2
107#492.4,773.4;516.6,708.8;505.9,698.0;460.1,695.3;454.7,727.6;446.7,781.4;481.6,698.0;489.7,598.4;492.4,590.3;508.6,536.5;524.7,689.9;548.9,665.7;535.5,611.9;446.7,582.3;392.8,571.5;384.8,531.1
108#486.5,765.6;525.3,695.8;507.2,703.5;463.2,698.4;450.3,721.6;447.7,788.9;486.5,703.5;496.8,600.1;499.4,589.7;509.8,535.4;538.2,680.3;551.1,669.9;540.8,613.0;452.9,587.2;396.0,579.4;385.6,540.6
109#489.4,752.8;528.5,692.8;515.5,692.8;468.6,695.4;452.9,721.5;450.3,794.5;492.0,695.4;502.5,598.9;505.1,591.1;510.3,533.7;539.0,677.2;554.6,664.1;546.8,612.0;460.7,588.5;403.4,588.5;390.3,546.8
110#500.9,742.2;528.5,692.1;518.4,699.6;470.8,694.6;453.2,732.2;450.7,799.9;493.3,697.1;508.4,599.3;508.4,586.8;515.9,531.6;531.0,677.0;563.6,659.5;551.0,611.8;465.8,589.3;408.1,594.3;390.5,554.2
111#508.5,738.4;523.3,684.4;523.3,694.2;476.6,696.7;454.5,740.9;452.0,807.2;498.7,696.7;513.5,595.9;513.5,586.1;518.4,532.0;538.0,664.7;572.4,652.4;555.2,605.8;471.7,588.6;410.3,598.4;393.1,559.1
112#480.6,749.8;533.0,673.5;533.0,690.2;483.0,692.6;456.7,749.8;449.6,816.6;509.2,692.6;516.3,594.8;516.3,582.9;518.7,528.0;545.0,647.3;585.5,644.9;561.7,602.0;475.8,587.7;413.8,602.0;394.7,563.8
113#506.6,743.9;520.7,678.2;537.1,685.2;487.9,687.6;457.4,755.6;439.8,822.4;513.7,685.2;518.4,591.4;516.0,579.7;519.5,526.9;558.2,628.9;593.4,631.3;565.3,596.1;473.8,586.7;419.8,607.8;394.0,572.6
114#521.1,743.1;525.8,677.2;537.6,681.9;490.5,684.3;457.6,754.8;444.7,821.9;516.4,684.3;521.1,587.9;518.7,576.1;519.9,525.6;584.6,611.4;608.1,618.4;568.1,590.2;474.1,585.5;424.7,611.4;396.5,573.8
115#522.3,741.8;500.9,689.4;543.8,677.5;496.1,677.5;460.4,746.6;448.4,820.5;519.9,677.5;522.3,582.2;519.9,570.3;516.4,523.8;605.7,591.7;615.2,596.5;570.0,582.2;477.0,582.2;429.4,615.5;400.8,575.0
116#520.9,740.1;523.3,683.0;547.1,671.1;499.5,673.5;461.4,742.5;447.1,809.2;525.7,671.1;520.9,575.9;518.5,566.3;512.6,519.9;625.7,575.9;616.1,580.6;566.1,571.1;475.7,578.2;430.4,616.3;399.5,585.4
117#520.2,747.1;517.8,684.1;548.2,660.8;503.8,663.1;461.8,730.8;450.2,803.1;524.8,663.1;520.2,569.7;517.8,560.4;514.3,512.5;592.5,551.1;615.9,553.4;566.9,560.4;473.5,576.7;431.5,614.1;396.5,588.4
118#518.2,743.6;520.6,672.3;553.9,662.8;504.0,660.4;458.8,717.5;451.7,798.3;530.1,662.8;518.2,565.4;518.2,555.9;512.3,507.1;550.3,511.9;601.4,534.5;561.0,555.9;470.7,574.9;432.6,612.9;397.0,591.5
119#518.1,745.3;518.1,678.8;555.0,659.1;508.2,659.1;459.0,708.3;454.1,787.1;530.4,659.1;515.6,565.5;515.6,555.6;509.5,500.2;548.9,495.3;594.5,521.2;557.5,555.6;471.3,572.9;431.9,617.2;397.4,597.5
120#519.8,749.2;510.5,687.3;550.7,653.2;507.4,656.3;457.9,693.5;457.9,770.8;529.0,656.3;513.6,560.4;513.6,554.2;504.3,495.5;550.7,470.7;587.8,504.7;553.8,548.1;467.2,572.8;433.1,619.2;399.1,603.7
121#516.2,753.9;510.0,688.2;547.5,653.8;506.8,653.8;459.9,672.6;459.9,757.0;528.7,653.8;510.0,556.9;506.8,550.7;497.5,494.4;553.7,453.7;578.8,494.4;547.5,538.2;466.2,572.5;428.7,619.5;397.4,610.1
122#517.4,758.6;511.3,682.2;547.9,651.6;499.0,654.7;456.2,654.7;462.4,737.2;523.5,651.6;505.2,550.8;502.1,547.7;492.9,492.7;541.8,440.7;575.5,486.6;544.9,532.4;459.3,572.2;428.7,614.9;389.0,621.1
123#520.4,767.6;511.7,689.9;546.3,649.6;500.2,649.6;448.4,643.8;465.7,721.6;523.3,649.6;497.3,548.8;497.3,545.9;488.7,488.4;544.9,446.6;575.1,491.2;540.5,528.7;454.2,569.0;422.5,615.0;390.8,626.5
124#519.5,778.0;513.7,695.6;543.1,648.5;501.9,645.6;448.9,636.8;463.6,704.4;522.5,648.5;493.1,545.6;493.1,542.6;481.3,486.8;543.1,445.6;575.4,486.8;534.2,525.0;451.9,566.2;422.5,610.3;390.1,630.9
125#518.0,780.5;518.0,695.5;536.2,640.9;493.7,640.9;451.3,628.8;466.4,692.5;514.9,644.0;487.6,546.9;487.6,537.8;472.5,483.2;542.2,452.9;578.6,492.3;530.1,525.7;445.2,562.1;414.9,604.5;390.6,631.8
126#521.4,788.0;524.3,703.1;530.2,635.7;480.4,638.7;454.0,626.9;454.0,679.6;506.7,635.7;483.3,542.0;480.4,536.2;465.8,480.6;541.9,454.2;577.0,495.2;524.3,524.5;439.4,562.5;410.1,603.5;386.7,635.7
127#527.0,792.5;527.0,705.3;524.2,635.0;476.4,635.0;451.1,660.3;442.7,685.6;501.7,632.2;473.6,539.4;473.6,530.9;459.5,474.7;549.5,463.4;574.8,502.8;515.8,522.5;434.2,556.3;400.5,601.3;383.6,637.8
128#530.7,791.1;536.3,718.2;522.2,625.7;474.6,628.5;412.9,653.7;427.0,698.6;497.0,625.7;469.0,536.0;469.0,527.6;453.6,470.1;543.3,475.8;561.5,519.2;508.2,519.2;427.0,552.8;390.5,597.7;384.9,634.1
129#536.2,787.0;536.2,709.1;517.3,623.1;469.0,623.1;458.2,609.7;431.3,706.4;493.2,623.1;460.9,534.4;460.9,523.7;446.1,476.6;546.9,531.7;555.0,523.7;501.2,515.6;417.9,545.2;380.3,596.2;385.7,628.5
130#540.7,781.3;538.0,705.5;511.0,621.6;464.9,624.3;443.3,616.2;440.6,675.7;486.6,621.6;456.8,529.6;456.8,518.7;441.9,460.5;538.0,505.2;554.3,532.3;500.1,516.0;413.5,540.4;370.2,586.4;389.1,616.2
131#545.6,769.9;534.7,688.7;505.0,618.3;456.2,618.3;426.5,610.2;440.0,683.3;480.6,618.3;453.5,523.6;453.5,515.4;441.3,460.0;532.0,504.6;548.3,539.8;496.8,512.7;410.2,534.4;361.5,575.0;391.3,599.4
132#547.3,758.2;538.2,681.3;499.4,615.3;451.6,618.2;426.1,618.5;439.9,692.8;475.5,617.2;449.8,521.8;449.8,512.5;440.3,457.1;534.5,514.8;542.5,542.1;493.9,512.6;406.7,529.9;353.3,561.8;377.0,575.2
133#549.1,746.4;541.6,673.8;493.7,612.4;447.1,618.0;425.8,626.7;439.7,702.4;470.4,616.2;446.2,520.0;446.2,509.7;439.2,454.1;536.9,525.1;536.6,544.4;491.0,512.6;403.2,525.5;345.2,548.5;362.7,550.9
134#550.8,734.7;545.1,666.4;488.1,609.4;442.5,617.9;425.4,635.0;439.6,711.9;465.3,615.1;442.5,518.2;442.5,506.8;438.2,451.2;539.4,535.3;530.8,546.7;488.1,512.5;399.7,521.0;337.0,535.3;348.4,526.7
135#553.7,724.8;545.5,651.4;485.7,613.4;436.8,621.5;423.2,637.8;439.5,716.7;458.5,613.4;442.2,515.5;442.2,504.6;438.1,448.9;534.6,540.0;518.3,545.4;485.7,512.8;404.1,518.2;338.9,518.2;390.5,493.7
136#554.4,712.0;548.9,640.8;477.8,610.7;433.9,621.7;423.0,649.0;439.4,725.7;455.8,613.4;439.4,512.1;439.4,503.9;438.0,447.8;543.5,564.2;518.8,547.7;483.2,512.1;395.6,509.4;335.4,498.4;387.4,471.1
137#552.8,696.8;552.8,623.1;476.2,611.3;429.1,623.1;426.1,661.4;437.9,732.2;452.6,617.2;437.9,508.2;437.9,502.3;436.4,438.9;546.9,581.8;520.4,552.4;482.1,511.1;396.6,505.2;337.7,481.6;381.9,446.3
138#552.8,684.8;549.8,607.4;478.4,607.4;427.8,619.3;424.8,669.9;439.7,741.4;451.6,616.4;439.7,506.2;439.7,500.3;439.7,440.8;546.8,580.7;523.0,556.8;481.3,509.2;398.0,500.3;341.4,464.6;384.6,433.3
139#551.8,671.2;551.8,594.4;471.8,604.0;423.8,616.8;427.0,677.6;436.6,751.1;449.4,610.4;439.8,504.8;439.8,498.4;439.8,437.6;545.4,575.2;523.0,559.2;481.4,508.0;398.2,495.2;350.2,450.4;396.6,423.2
140#546.4,656.7;553.4,579.6;469.3,600.7;423.7,614.7;430.7,677.8;437.7,758.4;448.2,607.7;441.2,495.5;441.2,492.0;441.2,432.4;518.3,548.1;521.8,555.1;479.8,502.5;399.1,488.5;357.1,439.4;393.9,395.6
141#543.9,642.0;547.5,566.5;468.4,602.4;425.2,613.2;428.8,681.6;439.6,764.3;446.8,606.0;439.6,490.9;443.2,487.3;443.2,429.7;497.2,548.5;522.4,544.9;479.2,498.1;403.6,483.7;360.5,429.7;389.2,383.0
142#490.6,786.0;475.6,699.8;464.4,590.9;419.3,602.2;426.9,684.7;434.4,767.3;441.9,598.5;441.9,485.9;441.9,485.9;445.6,425.9;498.1,542.2;531.9,538.4;483.1,497.1;404.3,474.6;370.6,425.9;385.6,369.6
143#481.7,781.9;485.6,684.7;462.3,587.6;419.5,595.3;423.4,688.6;427.3,770.2;442.8,591.5;446.7,482.6;446.7,482.6;450.6,424.3;547.8,603.1;540.0,537.0;485.6,494.3;404.0,471.0;372.9,420.4;376.8,362.1
144#534.8,621.0;534.8,542.7;456.5,581.8;417.4,593.6;417.4,691.4;421.3,773.6;440.9,589.7;444.8,480.1;444.8,480.1;452.6,421.4;507.4,574.0;542.6,519.2;487.8,491.8;405.6,468.3;378.2,417.5;374.3,358.7
145#480.1,787.0;524.9,533.5;465.2,589.4;416.8,593.1;413.0,686.4;416.8,772.1;442.9,593.1;446.6,481.3;446.6,481.3;454.0,421.6;521.1,499.9;551.0,511.1;487.6,488.7;409.3,470.1;375.7,417.9;368.3,358.2
146#481.0,794.6;472.2,698.0;461.7,582.2;416.1,592.7;409.1,691.0;409.1,771.7;440.7,585.7;451.2,480.4;451.2,480.4;451.2,420.8;567.0,487.5;549.5,498.0;489.8,487.5;409.1,466.4;367.0,420.8;359.9,364.6
147#473.1,788.0;458.3,699.5;462.0,588.9;417.8,596.2;406.7,684.7;399.3,765.9;439.9,592.5;451.0,478.2;451.0,481.9;454.7,419.2;605.8,496.7;554.2,493.0;491.5,485.6;410.4,470.9;355.1,434.0;362.5,378.7
148#459.6,775.9;445.5,687.6;466.7,588.8;413.7,592.3;399.6,680.6;389.0,761.8;442.0,592.3;449.0,479.3;449.0,482.8;452.6,419.3;622.1,493.4;555.0,475.8;491.4,486.4;410.2,475.8;350.2,444.0;357.2,387.5
149#440.8,776.7;433.5,685.8;466.3,591.2;415.4,591.2;393.5,682.1;382.6,754.9;440.8,591.2;451.7,482.1;451.7,482.1;451.7,420.3;499.0,456.6;553.6,467.6;491.7,485.7;408.1,478.5;349.9,456.6;357.2,398.5
150#497.7,655.2;501.2,595.3;462.4,591.7;413.1,595.3;388.4,676.3;370.8,750.4;437.8,595.3;444.8,482.4;444.8,478.9;451.9,419.0;494.2,447.2;543.5,457.8;487.1,486.0;406.0,478.9;346.1,464.8;360.2,411.9
151#496.1,670.1;509.5,596.4;462.5,593.0;415.6,593.0;378.8,670.1;358.6,747.2;439.1,593.0;445.8,485.8;445.8,479.1;449.1,422.1;482.7,432.1;532.9,448.9;482.7,485.8;405.6,482.4;345.2,472.4;358.6,422.1
152#494.3,678.0;516.7,601.5;462.5,598.3;414.7,598.3;376.4,665.3;354.1,741.8;440.2,598.3;443.3,486.8;443.3,480.4;446.5,426.2;468.8,423.0;526.2,442.1;484.8,486.8;405.1,486.8;347.7,483.6;360.5,432.6
153#492.6,688.1;512.0,613.7;466.7,607.2;414.9,604.0;369.6,659.0;346.9,736.7;440.8,607.2;444.0,487.5;440.8,481.0;444.0,422.8;457.0,416.3;518.5,432.5;482.9,487.5;405.2,490.7;350.2,490.7;363.1,442.2
154#493.7,698.1;506.7,623.0;464.0,606.5;413.0,603.7;362.1,649.6;344.4,727.2;438.3,606.5;438.5,489.1;435.7,482.6;437.2,424.7;450.3,410.7;507.2,431.4;476.5,486.5;400.2,493.6;348.2,498.9;360.3,452.5
155#494.7,708.1;501.4,632.3;461.4,605.7;411.2,603.3;354.6,640.2;341.9,717.6;435.9,605.7;433.0,490.7;430.6,484.1;430.4,426.6;443.6,405.2;495.9,430.4;470.0,485.5;395.2,496.6;346.1,507.1;357.6,462.8
156#495.8,718.2;496.1,641.6;458.7,605.0;409.3,603.0;347.1,630.8;339.5,708.1;433.4,605.0;427.5,492.3;425.5,485.6;423.6,428.4;437.0,399.6;484.6,429.3;463.6,484.5;390.2,499.6;344.1,515.2;354.8,473.2
157#496.8,728.2;490.8,650.9;456.0,604.2;407.5,602.6;339.6,621.4;337.0,698.5;430.9,604.2;422.1,493.9;420.5,487.2;416.8,430.3;430.3,394.0;473.3,428.2;457.1,483.5;385.3,502.5;342.1,523.4;352.0,483.5
158#497.9,738.2;485.6,660.3;453.4,603.5;405.6,602.3;332.2,612.1;334.5,689.0;428.4,603.5;416.6,495.6;415.4,488.8;410.1,432.2;423.6,388.4;461.9,427.1;450.7,482.5;380.3,505.4;340.1,531.6;349.3,493.8
159#498.9,748.2;480.3,669.6;450.7,602.8;403.8,602.0;324.7,602.7;332.0,679.5;425.9,602.8;411.1,497.2;410.3,490.3;403.3,434.1;416.9,382.9;450.6,426.1;444.3,481.5;375.3,508.4;338.1,539.8;346.5,504.1
160#500.0,758.3;475.0,678.9;448.1,602.0;401.9,601.6;317.2,593.3;329.6,669.9;423.5,602.0;405.6,498.8;405.2,491.9;396.5,435.9;410.3,377.3;439.3,425.0;437.8,480.5;370.3,511.3;336.0,547.9;343.8,514.5
161#501.0,768.3;469.7,688.2;445.4,601.3;400.1,601.3;309.7,583.9;327.1,660.4;421.0,601.3;400.1,500.4;400.1,493.4;389.7,437.8;403.6,371.7;428.0,423.9;431.4,479.5;365.3,514.3;334.0,556.1;341.0,524.8
162#505.5,771.8;471.9,691.0;438.2,603.5;387.7,613.6;300.1,573.2;320.3,654.0;414.6,606.8;394.4,499.1;391.1,495.7;380.9,441.9;401.2,377.9;424.7,418.3;424.7,482.3;357.4,515.9;317.0,556.3;320.3,536.1
163#504.7,775.9;468.5,689.0;432.3,616.5;381.6,620.1;298.2,565.8;309.1,645.5;406.9,616.5;388.8,500.6;388.8,496.9;370.7,446.2;408.7,379.2;417.8,424.5;421.4,482.5;356.2,518.7;301.9,551.3;301.9,547.7
164#339.5,619.1;470.8,695.0;430.0,616.2;371.6,619.1;295.8,563.7;298.7,639.6;400.8,616.2;383.3,502.4;383.3,499.5;365.8,447.0;397.9,403.2;412.5,432.4;415.4,487.8;354.1,519.9;289.9,549.1;395.0,400.3
165#338.9,612.6;472.5,688.9;423.4,620.7;366.2,623.5;298.0,566.2;295.3,634.4;396.2,620.7;377.1,509.0;377.1,506.2;363.5,449.0;393.4,413.5;415.3,449.0;409.8,495.3;347.1,522.6;284.4,547.1;281.7,549.9
166#492.2,763.3;474.6,682.5;418.4,629.8;365.7,629.8;302.5,566.6;288.4,640.3;390.3,629.8;365.7,517.4;369.2,513.8;362.2,454.1;400.8,411.9;407.9,436.5;407.9,503.3;330.6,531.4;270.8,538.4;306.0,510.3
167#481.0,761.0;477.8,686.9;410.2,632.2;352.3,635.4;300.8,571.0;284.7,645.1;384.5,632.2;362.0,519.5;362.0,519.5;355.5,461.6;378.0,432.6;407.0,455.2;400.6,506.7;326.5,532.4;262.2,529.2;297.6,503.5
168#470.8,754.5;476.8,688.9;405.3,644.2;345.6,644.2;295.0,578.7;280.1,650.2;375.5,644.2;354.6,528.0;354.6,528.0;348.6,471.4;384.4,447.5;411.2,492.2;393.3,519.0;318.8,536.9;256.2,525.0;292.0,489.2
169#457.2,747.0;471.2,679.9;398.5,646.4;334.2,649.2;292.3,590.5;272.8,660.4;365.0,649.2;351.0,534.6;351.0,534.6;345.4,478.7;390.1,456.3;409.7,503.9;390.1,529.0;311.9,545.8;250.4,520.6;286.7,484.3
170#447.0,743.3;473.4,671.8;394.0,658.6;335.8,666.5;285.5,605.6;269.6,669.2;367.6,658.6;343.7,544.8;346.4,542.1;343.7,483.9;380.8,470.7;407.3,513.0;386.1,536.8;306.7,552.7;251.1,521.0;274.9,470.7
171#439.6,733.7;467.1,665.0;387.4,670.5;324.1,670.5;282.9,612.7;260.9,681.5;354.4,670.5;340.6,549.5;343.4,549.5;340.6,491.7;384.6,483.5;406.6,522.0;384.6,544.0;299.4,557.7;252.6,516.5;258.1,461.5
172#431.8,723.2;465.1,653.8;379.1,678.8;318.1,676.0;276.5,631.6;259.9,698.2;351.4,678.8;337.5,556.8;340.3,559.5;343.1,498.5;384.7,495.7;404.1,534.6;381.9,554.0;298.7,559.5;257.1,517.9;251.5,462.5
173#423.5,722.0;453.7,653.5;377.0,689.1;313.9,689.1;275.6,639.8;256.4,713.8;346.8,689.1;335.9,565.8;338.6,565.8;344.1,508.2;387.9,508.2;404.4,546.6;377.0,565.8;294.7,565.8;253.6,519.2;248.2,472.6
174#418.0,708.3;442.7,642.4;368.6,686.4;319.1,689.1;272.5,656.1;253.2,724.8;343.8,686.4;335.6,573.8;335.6,571.0;343.8,513.3;387.8,518.8;404.3,560.0;374.1,573.8;294.4,571.0;253.2,529.8;247.7,483.1
175#413.6,708.3;435.2,640.9;373.2,697.5;319.3,697.5;268.1,667.9;251.9,737.9;343.5,697.5;335.4,581.6;335.4,578.9;343.5,522.3;394.7,530.4;405.5,570.8;373.2,581.6;292.3,578.9;249.2,541.2;246.5,492.7
176#406.4,695.0;422.9,637.1;373.3,697.7;318.1,706.0;268.5,675.7;251.9,750.1;345.7,697.7;334.7,587.4;337.4,584.7;342.9,526.8;395.3,540.6;400.8,584.7;373.3,590.2;293.3,587.4;243.6,554.3;243.6,507.5
177#397.3,691.1;417.9,634.5;379.3,706.5;317.6,706.5;271.3,688.5;253.3,760.5;351.0,706.5;335.6,593.3;338.1,588.2;345.9,531.6;399.9,552.2;399.9,595.9;374.2,595.9;294.4,593.3;240.4,562.4;245.5,518.7
178#401.9,693.5;415.0,638.5;378.4,704.0;320.7,709.2;270.9,696.1;255.2,772.1;349.5,706.6;336.4,596.5;339.0,588.7;344.3,533.6;396.7,565.1;404.6,601.8;375.7,599.2;294.5,596.5;242.1,572.9;244.7,528.4
179#301.7,750.8;414.6,643.1;380.5,711.4;320.1,714.0;272.8,706.1;254.4,779.7;349.0,711.4;338.4,595.8;341.1,590.6;346.3,535.4;396.2,572.2;409.4,606.3;377.9,598.4;299.0,595.8;243.9,580.1;249.1,538.0
180#344.4,743.0;409.1,649.9;380.6,704.2;323.7,704.2;277.1,709.4;253.8,789.6;352.2,704.2;341.8,595.5;341.8,587.8;347.0,533.4;398.8,585.2;414.3,613.6;383.2,598.1;297.8,595.5;243.5,587.8;246.1,546.4
181#343.0,749.3;401.3,663.1;378.5,698.6;322.7,701.2;277.1,713.8;251.7,795.0;350.6,701.2;345.5,594.7;345.5,584.5;348.1,531.3;411.5,589.6;419.1,617.5;386.1,594.7;302.5,592.1;246.7,592.1;244.1,554.1
182#359.1,752.5;399.5,676.7;381.8,696.9;326.3,699.4;275.8,717.1;253.0,797.9;354.0,696.9;346.5,590.8;349.0,580.7;349.0,527.7;409.6,598.4;419.7,626.2;386.9,593.4;308.6,590.8;248.0,598.4;248.0,560.5
183#344.7,755.8;344.7,689.4;383.1,691.9;334.5,694.5;278.3,714.9;250.1,799.3;360.1,694.5;349.8,587.1;349.8,579.4;352.4,523.2;378.0,620.3;416.3,630.6;390.8,587.1;303.8,589.7;250.1,605.0;245.0,571.8
184#348.2,759.0;360.8,686.5;385.8,681.5;335.8,684.0;280.8,711.5;250.8,791.5;358.2,686.5;353.2,586.5;353.2,574.0;352.0,520.2;380.8,621.5;425.8,636.5;395.8,581.5;313.2,586.5;253.2,614.0;245.8,579.0
185#345.7,764.8;363.6,700.7;389.3,677.6;340.5,677.6;284.1,705.8;258.4,782.8;363.6,677.6;355.9,582.6;355.9,572.3;354.7,514.6;394.4,608.3;430.4,621.1;399.6,580.0;309.8,585.2;261.0,616.0;248.2,585.2
186#346.0,771.2;366.4,697.3;386.8,674.4;340.9,674.4;284.9,704.9;264.5,778.8;363.8,674.4;356.2,580.1;356.2,567.4;357.5,512.7;399.5,603.1;440.2,610.7;402.0,577.6;312.9,580.1;274.7,613.3;246.7,598.0
187#349.4,777.0;362.5,706.4;391.2,669.8;349.4,667.2;294.5,690.7;276.2,769.2;370.3,669.8;359.8,575.6;359.8,565.2;361.2,508.9;433.1,596.6;448.8,601.8;406.9,573.0;312.8,578.2;276.2,620.1;247.4,601.8
188#348.5,779.4;364.1,701.8;392.5,668.2;351.1,668.2;299.4,675.9;286.4,756.2;371.8,668.2;361.5,572.4;361.5,559.5;360.2,506.4;431.3,585.4;459.8,593.1;410.6,569.8;314.9,575.0;273.5,619.0;258.0,600.9
189#348.3,788.6;361.7,706.0;396.3,666.1;351.0,666.1;303.1,668.8;297.8,743.3;372.3,666.1;361.7,570.3;361.7,557.0;360.3,502.4;433.5,572.9;462.8,578.3;406.9,565.0;313.7,572.9;279.1,618.2;257.8,607.5
190#346.5,795.3;362.8,717.0;389.8,660.3;343.8,657.6;300.6,663.0;306.0,727.8;368.2,660.3;362.8,563.0;365.5,554.9;361.4,496.9;416.8,544.1;465.4,563.0;408.7,557.6;316.8,568.5;279.0,617.1;257.4,609.0
191#347.2,799.7;367.3,729.6;384.8,662.0;344.7,659.5;304.7,647.0;317.2,714.6;364.8,662.0;364.8,561.8;364.8,549.3;366.0,493.0;419.8,514.3;464.9,546.8;409.8,554.3;317.2,566.8;279.6,606.9;247.1,616.9
192#350.3,804.0;368.7,732.9;381.9,656.5;339.8,656.5;310.8,638.1;326.6,701.3;363.5,656.5;363.5,556.5;366.1,548.6;370.1,492.0;422.7,492.0;460.9,532.8;408.2,548.6;318.7,561.8;279.2,601.2;247.6,614.4
193#354.2,806.8;371.4,737.8;380.0,654.5;339.8,648.8;365.7,668.9;405.9,703.3;359.9,651.6;362.8,551.1;365.7,542.5;371.4,485.0;433.2,474.9;460.5,519.5;405.9,545.3;316.8,556.8;276.6,591.3;245.0,608.5
194#360.3,804.7;372.1,739.8;384.0,648.2;336.7,642.3;428.3,713.2;398.7,713.2;360.3,645.3;366.2,544.8;366.2,538.9;372.1,482.8;444.5,466.6;454.8,512.4;407.6,538.9;319.0,547.8;274.7,580.3;245.2,601.0
195#364.5,811.0;373.6,738.8;379.6,642.6;337.5,633.6;358.5,666.6;400.6,714.8;358.5,642.6;364.5,537.3;364.5,531.3;373.6,474.1;447.2,463.6;454.8,504.2;406.6,534.3;319.4,543.3;256.3,573.4;250.2,591.4
196#369.7,807.9;378.3,736.0;378.3,635.3;338.1,632.4;381.2,655.4;404.2,715.8;358.2,635.3;363.9,531.7;363.9,528.8;368.3,472.7;443.1,472.7;453.1,505.8;404.2,528.8;320.8,534.6;251.7,563.3;269.0,563.3
197#370.9,806.8;382.5,737.1;376.7,635.3;333.1,632.4;382.5,655.7;368.0,745.8;353.5,632.4;362.2,530.7;365.1,524.9;369.4,465.3;445.0,471.1;455.2,513.3;405.8,524.9;318.6,530.7;251.7,548.1;269.2,548.1
198#372.7,805.0;389.1,734.1;375.4,633.2;331.8,633.2;383.6,655.0;367.3,753.2;353.6,633.2;364.5,526.9;364.5,521.4;371.4,476.4;447.7,481.9;457.2,521.4;405.4,524.2;318.2,526.9;274.6,532.3;255.5,529.6
199#379.6,794.1;396.5,722.6;376.2,631.7;332.9,630.1;382.4,654.9;368.6,746.9;354.6,630.9;363.5,522.9;364.2,518.0;372.5,469.8;449.6,486.1;456.7,524.1;404.8,522.4;319.6,520.6;274.7,516.2;270.6,506.2
200#386.4,783.2;403.8,711.1;377.0,630.1;333.9,627.1;381.2,654.8;369.9,740.5;355.5,628.6;362.4,518.9;364.0,514.6;373.5,463.1;451.4,490.3;456.1,526.9;404.3,520.6;321.0,514.3;274.8,500.2;285.8,482.9
201#393.2,772.3;411.2,699.6;377.9,628.6;334.9,624.0;379.9,654.6;371.3,734.2;356.5,626.2;361.4,514.9;363.8,511.3;374.6,456.4;453.2,494.5;455.6,529.6;403.8,518.8;322.4,508.0;274.8,484.1;300.9,459.5
202#400.1,761.4;418.5,688.1;378.7,627.0;336.0,620.9;378.7,654.5;372.6,727.8;357.4,623.9;360.4,510.9;363.5,507.9;375.7,449.8;455.1,498.7;455.1,532.3;403.2,517.0;323.8,501.7;274.9,468.1;316.1,436.1
203#407.0,744.7;420.6,669.8;379.7,618.7;338.9,622.1;376.3,656.1;376.3,734.5;355.9,618.7;366.1,509.7;366.1,506.3;376.3,448.4;447.9,506.3;454.7,536.9;403.6,516.5;325.2,499.5;284.4,458.6;308.2,410.9
204#416.4,728.4;425.4,654.5;381.0,617.0;340.1,621.5;375.3,661.4;376.5,740.0;357.1,618.1;366.2,506.5;367.4,503.1;378.7,446.2;448.2,513.4;453.9,541.8;405.0,515.6;326.4,496.3;285.4,456.4;307.0,408.6
205#425.7,712.2;430.3,639.1;382.3,615.2;341.2,621.0;374.3,666.6;376.6,745.4;358.4,617.6;366.4,503.4;368.6,500.0;381.2,444.0;448.6,520.6;453.1,546.8;406.3,514.8;327.5,493.1;286.5,454.3;305.8,406.4
206#435.1,695.9;435.1,623.8;383.6,613.5;342.4,620.4;373.3,671.9;376.8,750.9;359.6,617.0;366.5,500.2;369.9,496.8;383.6,441.8;448.9,527.7;452.3,551.7;407.7,513.9;328.7,489.9;287.5,452.1;304.6,404.1
207#436.6,681.9;436.6,605.3;386.7,611.9;346.7,618.6;376.7,678.6;373.3,758.5;363.3,615.3;373.3,498.6;373.3,495.3;386.7,438.7;456.6,535.3;453.3,551.9;413.3,512.0;330.0,485.3;283.4,458.7;306.7,412.0
208#440.0,665.2;440.0,597.1;391.3,603.6;345.9,616.5;371.8,684.7;371.8,765.8;368.6,613.3;375.1,496.5;375.1,493.3;394.6,434.9;459.4,541.9;456.2,554.9;417.3,509.5;329.7,483.5;281.0,464.1;307.0,421.9
209#438.3,646.2;441.4,587.2;391.7,599.7;354.4,609.0;366.9,689.7;373.1,767.4;373.1,605.9;379.3,497.2;382.4,491.0;397.9,432.0;466.2,550.0;456.9,556.2;422.8,506.5;335.8,484.8;283.0,472.3;306.3,427.3
210#438.1,634.8;447.5,578.9;397.8,588.2;357.4,600.7;360.6,690.7;369.9,765.1;376.1,597.6;382.3,495.1;385.4,485.8;402.4,428.4;469.2,551.0;456.8,554.1;425.7,504.5;338.8,482.7;286.1,476.5;307.8,433.1
211#433.3,621.5;430.3,600.5;403.4,585.6;364.5,597.5;361.5,693.3;367.5,762.1;385.4,591.6;385.4,492.8;388.4,480.8;401.9,428.5;463.2,561.6;460.3,555.6;433.3,501.8;343.6,480.8;286.7,480.8;307.7,441.9
212#430.3,614.7;436.4,590.4;406.0,587.4;366.6,599.5;360.5,690.6;366.6,757.4;384.8,593.5;390.9,490.3;390.9,478.1;401.5,428.1;451.6,554.0;460.7,557.1;436.4,499.4;345.3,478.1;287.7,484.2;312.0,444.8
213#435.1,761.8;435.1,581.1;413.7,584.2;370.8,590.3;358.5,688.3;361.6,758.7;389.2,590.3;392.2,486.2;395.3,477.0;406.0,429.5;441.2,578.1;459.6,553.6;438.2,495.4;346.3,477.0;291.2,492.3;306.5,449.4
214#442.2,759.8;423.6,666.7;414.3,582.9;370.9,589.1;355.3,679.1;361.6,750.5;392.6,589.1;392.6,483.6;395.7,474.3;403.4,426.2;454.7,576.7;464.0,548.8;439.1,492.9;346.0,474.3;293.3,496.0;302.6,461.9
215#447.1,751.6;425.7,662.9;422.6,583.3;373.7,589.4;355.3,672.1;361.4,745.5;398.1,586.4;395.1,482.3;395.1,470.1;402.7,422.6;453.2,577.2;468.5,546.6;444.0,488.4;349.2,476.2;297.1,500.7;309.4,467.0
216#447.9,746.4;426.5,666.9;423.4,584.4;377.6,587.4;353.1,666.9;362.3,737.2;402.0,587.4;395.9,480.5;399.0,468.2;403.6,420.9;450.9,578.3;472.3,541.6;441.8,486.6;350.1,474.3;301.2,508.0;316.5,474.3
217#446.9,743.2;423.5,664.9;425.1,584.7;379.8,587.8;350.9,661.1;361.6,732.1;403.9,587.8;397.5,480.0;400.4,468.1;404.6,420.2;454.5,564.0;474.8,533.7;442.9,485.2;352.1,474.2;302.2,504.6;318.3,470.0
218#446.0,740.0;420.6,662.9;426.9,585.1;382.0,588.1;348.7,655.3;360.8,726.9;405.7,588.1;399.1,479.5;401.7,468.0;405.7,419.4;458.0,549.6;477.3,525.7;444.1,483.8;354.1,474.2;303.2,501.2;320.1,465.7
219#445.0,736.8;417.6,660.9;428.6,585.4;384.1,588.5;346.5,649.5;360.1,721.8;407.6,588.5;400.6,479.0;403.1,467.9;406.7,418.7;461.6,535.3;479.8,517.8;445.2,482.4;356.1,474.1;304.3,497.8;321.9,461.4
220#444.1,733.6;414.6,658.9;430.4,585.8;386.3,588.9;344.2,643.8;359.3,716.7;409.4,588.9;402.2,478.5;404.4,467.8;407.7,418.0;465.2,520.9;482.3,509.8;446.3,480.9;358.2,474.0;305.3,494.3;323.8,457.0
221#443.1,730.4;411.7,656.9;432.1,586.1;388.5,589.2;342.0,638.0;358.6,711.5;411.3,589.2;403.8,478.0;405.8,467.7;408.7,417.2;468.7,506.6;484.8,501.9;447.5,479.5;360.2,474.0;306.3,490.9;325.6,452.7
222#442.2,727.2;408.7,654.9;433.9,586.5;390.7,589.6;339.8,632.2;357.8,706.4;413.1,589.6;405.4,477.5;407.1,467.6;409.8,416.5;472.3,492.2;487.3,493.9;448.6,478.1;362.2,473.9;307.3,487.5;327.4,448.4
223#441.2,724.0;405.8,652.9;435.6,586.8;392.9,589.9;337.6,626.4;357.1,701.2;415.0,589.9;407.0,477.0;408.5,467.5;410.8,415.7;475.8,477.9;489.8,486.0;449.8,476.7;364.2,473.9;308.3,484.1;329.2,444.1
224#440.3,720.9;402.8,650.9;437.3,587.1;395.0,590.3;335.4,620.6;356.4,696.1;416.9,590.3;408.5,476.4;409.9,467.4;411.8,415.0;479.4,463.6;492.4,478.1;450.9,475.3;366.2,473.8;309.4,480.7;331.0,439.8
225#439.3,717.7;399.8,648.9;439.1,587.5;397.2,590.7;333.2,614.8;355.6,691.0;418.7,590.7;410.1,475.9;411.2,467.3;412.9,414.3;483.0,449.2;494.9,470.1;452.0,473.9;368.2,473.7;310.4,477.3;332.8,435.5
226#438.4,714.5;396.9,646.9;440.8,587.8;399.4,591.0;331.0,609.0;354.9,685.8;420.6,591.0;411.7,475.4;412.6,467.2;413.9,413.5;486.5,434.9;497.4,462.2;453.2,472.5;370.2,473.7;311.4,473.9;334.6,431.2
227#437.4,711.3;393.9,644.9;442.6,588.2;401.6,591.4;328.7,603.3;354.1,680.7;422.4,591.4;413.3,474.9;413.9,467.1;414.9,412.8;490.1,420.5;499.9,454.2;454.3,471.0;372.3,473.6;312.4,470.4;336.5,426.8
228#436.5,708.1;390.9,642.9;444.3,588.5;403.7,591.8;326.5,597.5;353.4,675.6;424.3,591.8;414.8,474.4;415.3,467.0;415.9,412.1;493.7,406.2;502.4,446.3;455.4,469.6;374.3,473.5;313.5,467.0;338.3,422.5
229#435.5,704.9;388.0,640.9;446.1,588.9;405.9,592.1;324.3,591.7;352.6,670.4;426.1,592.1;416.4,473.9;416.6,466.9;417.0,411.3;497.2,391.8;504.9,438.3;456.6,468.2;376.3,473.5;314.5,463.6;340.1,418.2
230#434.6,701.7;385.0,638.9;447.8,589.2;408.1,592.5;322.1,585.9;351.9,665.3;428.0,592.5;418.0,473.4;418.0,466.8;418.0,410.6;500.8,377.5;507.4,430.4;457.7,466.8;378.3,473.4;315.5,460.2;341.9,413.9
231#393.1,738.1;389.8,648.6;446.2,592.2;409.7,592.2;323.5,578.9;353.3,658.5;429.6,592.2;419.7,472.8;419.7,469.5;416.3,413.1;497.6,394.9;509.2,433.0;459.5,466.2;376.5,472.8;316.8,459.5;346.7,416.4
232#439.4,712.6;392.5,655.6;452.8,588.7;412.6,592.0;325.5,571.9;355.7,648.9;432.7,592.0;419.3,471.4;419.3,471.4;416.0,411.1;501.4,396.0;513.1,441.3;462.9,468.1;379.1,474.8;315.5,468.1;345.6,424.5
233#429.7,729.6;403.0,663.5;454.5,589.5;413.0,590.6;330.1,567.1;358.1,643.2;434.3,591.7;420.8,474.1;420.8,471.9;415.3,412.5;501.5,405.8;516.1,449.6;463.4,469.7;379.4,477.5;321.2,478.7;346.9,433.8
234#420.1,746.7;413.4,671.3;456.1,590.4;413.4,589.2;334.8,562.2;360.6,637.5;435.9,591.5;422.4,476.9;422.4,472.3;414.5,413.9;501.6,415.7;519.0,457.8;464.0,471.2;379.6,480.3;326.9,489.3;348.2,443.2
235#410.4,763.7;423.9,679.2;457.8,591.2;413.8,587.8;339.4,557.4;363.0,631.8;437.5,591.2;423.9,479.6;423.9,472.8;413.8,415.3;501.7,425.5;522.0,466.1;464.5,472.8;379.9,483.0;332.6,499.9;349.5,452.5
236#416.0,761.9;435.6,676.6;458.6,588.0;416.0,584.7;340.5,555.2;366.7,627.4;438.9,584.7;425.8,476.5;425.8,473.2;414.3,415.8;501.3,433.8;524.2,473.2;465.2,473.2;383.1,479.7;330.6,506.0;347.0,466.6
237#426.6,760.1;440.0,679.5;456.8,585.5;416.5,585.5;339.3,535.2;369.5,625.8;436.7,585.5;426.6,481.5;426.6,471.4;414.9,412.6;503.8,441.2;524.0,481.5;466.9,478.1;386.3,481.5;329.2,518.4;349.4,471.4
238#428.6,763.2;442.0,676.0;462.2,588.8;415.2,588.8;341.4,541.9;375.0,622.4;442.0,588.8;425.3,481.5;425.3,474.8;416.9,416.1;502.4,451.3;525.9,491.6;468.9,478.2;385.0,481.5;331.4,525.1;348.1,484.9
239#437.3,760.3;443.9,671.0;463.7,588.4;424.0,588.4;344.7,552.0;377.7,631.4;443.9,588.4;430.7,485.9;427.3,479.2;422.4,414.8;503.4,462.7;526.5,502.4;470.3,482.6;391.0,485.9;338.1,528.8;344.7,499.1
240#442.9,749.6;452.8,666.9;464.9,589.2;424.0,589.2;347.1,564.8;376.6,644.6;444.5,589.7;432.0,487.2;429.2,479.1;425.8,415.4;505.3,471.3;529.0,506.3;473.3,484.4;391.1,487.2;339.2,530.3;347.6,504.1
241#448.5,738.9;461.7,662.7;466.1,590.0;424.0,590.0;349.6,577.5;375.5,657.9;445.1,591.0;433.3,488.4;431.1,479.1;429.3,416.1;507.2,479.8;531.4,510.2;476.4,486.2;391.2,488.4;340.3,531.7;350.6,509.0
242#454.1,728.2;470.6,658.6;467.3,590.9;423.9,590.9;352.0,590.3;374.4,671.1;445.6,592.4;434.7,489.7;432.9,479.0;432.7,416.8;509.2,488.4;533.9,514.1;479.4,488.1;391.3,489.7;341.4,533.2;353.5,514.0
243#459.7,717.5;479.5,654.5;468.5,591.7;423.9,591.7;354.4,603.1;373.3,684.3;446.2,593.7;436.0,491.0;434.8,478.9;436.1,417.4;511.1,497.0;536.4,518.0;482.4,489.9;391.4,491.0;342.5,534.7;356.4,518.9
244#465.3,706.8;488.4,650.3;469.7,592.5;423.9,592.5;356.9,615.8;372.2,697.6;446.8,595.0;437.3,492.2;436.7,478.9;439.6,418.1;513.0,505.5;538.8,521.9;485.5,491.7;391.5,492.2;343.6,536.1;359.4,523.9
245#470.9,696.1;497.3,646.2;470.9,593.3;423.9,593.3;359.3,628.6;371.1,710.8;447.4,596.3;438.6,493.5;438.6,478.8;443.0,418.7;514.9,514.1;541.3,525.8;488.5,493.5;391.6,493.5;344.7,537.6;362.3,528.8
246#479.4,687.6;511.4,635.5;472.9,591.8;425.4,591.8;364.0,636.1;370.4,718.9;449.6,594.0;443.0,490.9;443.0,477.4;445.9,416.4;519.8,509.6;547.7,520.8;491.8,491.6;395.5,490.9;344.1,528.0;367.1,518.9
247#487.9,679.1;525.5,624.8;474.9,590.2;427.0,590.2;368.7,643.6;369.7,727.1;451.8,591.7;447.4,488.2;447.4,475.9;448.8,414.1;524.6,505.0;554.0,515.8;495.1,489.8;399.5,488.2;343.4,518.4;371.8,509.1
248#496.5,670.5;539.7,614.1;476.9,588.6;428.5,588.6;373.3,651.2;368.9,735.2;453.9,589.4;451.7,485.6;451.7,474.5;451.6,411.9;529.4,500.5;560.4,510.7;498.4,487.9;403.4,485.6;342.8,508.8;376.6,499.2
249#505.0,662.0;553.8,603.4;478.9,587.1;430.1,587.1;378.0,658.7;368.2,743.4;456.1,587.1;456.1,482.9;456.1,473.1;454.5,409.6;534.3,495.9;566.8,505.7;501.7,486.1;407.3,482.9;342.2,499.2;381.3,489.4
250#415.8,749.4;559.8,592.6;486.2,583.0;438.2,583.0;387.0,666.2;371.0,746.2;460.6,583.0;460.6,480.5;460.6,470.9;459.0,411.7;534.2,490.1;572.6,493.3;505.4,480.5;415.8,477.3;348.6,486.9;383.8,461.3
251#528.8,652.4;575.4,584.0;491.5,584.0;438.7,587.1;395.2,677.2;367.2,751.8;466.7,587.1;466.7,475.3;466.7,465.9;462.0,424.0;525.7,475.3;575.4,481.5;510.2,475.3;423.2,475.3;361.0,472.2;398.3,441.1
252#537.7,656.2;579.3,586.3;497.6,584.2;445.1,587.4;397.4,670.4;378.4,744.8;472.9,587.4;470.0,474.1;470.0,466.7;465.1,422.6;525.0,461.2;570.6,472.4;512.7,473.3;427.4,475.8;371.3,471.8;406.0,438.8
253#546.6,660.0;583.2,588.7;503.6,584.5;451.5,587.6;399.7,663.6;389.6,737.9;479.2,587.6;473.3,472.9;473.3,467.5;468.1,421.1;524.3,447.1;565.7,463.4;515.1,471.3;431.6,476.3;381.6,471.4;413.7,436.5
254#555.5,663.8;587.2,591.0;509.7,584.8;457.9,587.9;401.9,656.8;400.7,730.9;485.4,587.9;476.7,471.7;476.7,468.4;471.2,419.6;523.6,433.0;560.9,454.4;517.6,469.3;435.7,476.8;391.8,471.1;421.4,434.1
255#564.5,667.6;591.1,593.4;515.7,585.0;464.4,588.2;404.2,650.0;411.9,724.0;491.7,588.2;480.0,470.5;480.0,469.2;474.3,418.2;522.8,418.8;556.1,445.3;520.1,467.2;439.9,477.2;402.1,470.7;429.1,431.8
256#573.4,671.4;595.0,595.7;521.8,585.2;470.8,588.5;406.4,643.1;423.1,717.0;497.9,588.5;483.3,469.4;483.3,470.0;477.4,416.8;522.1,404.7;551.2,436.2;522.6,465.2;444.1,477.7;412.4,470.3;436.8,429.5
257#582.3,675.2;598.9,598.0;527.9,585.5;477.2,588.8;408.7,636.3;434.2,710.1;504.2,588.8;486.6,468.2;486.6,470.8;480.4,415.3;521.4,390.6;546.4,427.2;525.0,463.2;448.2,478.2;422.6,469.9;444.5,427.2
258#591.2,679.0;602.9,600.4;533.9,585.8;483.6,589.0;410.9,629.5;445.4,703.1;510.4,589.0;490.0,467.0;490.0,471.7;483.5,413.9;520.7,376.5;541.5,418.1;527.5,461.2;452.4,478.7;432.9,469.6;452.2,424.8
259#600.1,682.8;606.8,602.7;540.0,586.0;490.0,589.3;413.2,622.7;456.6,696.2;516.7,589.3;493.3,465.8;493.3,472.5;486.6,412.4;520.0,362.4;536.7,409.1;530.0,459.2;456.6,479.2;443.2,469.2;459.9,422.5
260#606.7,687.5;609.8,609.5;550.5,590.7;494.3,597.0;422.6,612.6;466.3,681.3;522.4,593.9;497.5,472.1;497.5,472.1;485.0,419.1;522.4,375.4;544.3,416.0;534.9,459.7;463.1,484.6;444.4,475.3;460.0,425.3
261#610.2,695.0;610.2,612.3;558.8,598.0;504.6,606.6;424.7,600.9;478.9,666.5;530.3,600.9;504.6,481.0;504.6,478.2;490.3,421.1;521.7,381.1;547.4,421.1;538.8,469.6;470.4,492.4;450.4,481.0;461.8,432.5
262#612.2,700.4;613.5,615.5;563.9,600.3;510.0,608.3;431.3,593.7;485.3,656.7;535.9,603.2;507.9,481.9;508.4,479.7;492.3,423.5;523.2,385.7;546.4,423.5;542.1,470.2;474.8,495.3;452.4,487.2;462.6,438.9
263#614.2,705.8;616.8,618.7;569.1,602.7;515.5,610.0;438.0,586.5;491.6,646.9;541.5,605.5;511.2,482.9;512.3,481.2;494.2,425.8;524.7,390.2;545.4,425.8;545.5,470.8;479.1,498.2;454.4,493.4;463.4,445.3
264#616.2,711.1;620.2,621.8;574.2,605.0;520.9,611.6;444.6,579.3;498.0,637.2;547.0,607.8;514.6,483.8;516.1,482.7;496.2,428.2;526.1,394.8;544.3,428.2;548.8,471.3;483.5,501.0;456.5,499.7;464.2,451.8
265#618.2,716.5;623.5,625.0;579.4,607.4;526.4,613.3;451.3,572.1;504.3,627.4;552.6,610.1;517.9,484.8;520.0,484.2;498.1,430.5;527.6,399.3;543.3,430.5;552.2,471.9;487.8,503.9;458.5,505.9;465.0,458.2
266#620.2,721.9;626.8,628.2;584.5,609.7;531.8,615.0;457.9,564.9;510.7,617.6;558.2,612.4;521.2,485.7;523.8,485.7;500.1,432.9;529.1,403.9;542.3,432.9;555.5,472.5;492.2,506.8;460.5,512.1;465.8,464.6
267#621.6,725.5;630.7,643.0;586.2,606.3;533.8,616.8;463.1,567.0;515.5,622.0;560.0,611.6;526.0,491.1;526.0,488.5;499.8,438.7;526.0,417.8;544.3,441.3;560.0,478.0;494.5,512.0;463.1,517.3;468.4,470.1
268#624.7,740.4;630.4,648.9;596.1,600.4;536.1,611.8;464.7,577.5;516.1,637.5;564.7,608.9;530.4,494.6;527.6,491.8;504.7,440.4;526.1,421.8;553.3,454.6;564.7,477.5;496.1,511.8;464.7,526.1;467.6,477.5
269#629.3,745.9;635.2,661.3;597.2,605.9;544.7,617.5;465.9,588.4;521.4,649.6;571.0,605.9;530.1,497.9;530.1,495.0;506.8,442.5;533.0,439.5;556.4,457.1;565.1,480.4;495.1,512.5;465.9,535.8;468.8,489.2
270#632.2,750.2;637.4,665.1;598.7,600.7;549.7,608.4;462.1,600.7;534.2,660.0;575.5,605.8;531.7,500.1;529.1,495.0;508.5,440.8;529.1,440.8;557.4,466.6;567.8,484.7;495.6,518.2;467.2,543.9;467.2,497.5
271#636.8,753.5;636.8,671.1;602.7,602.9;551.6,614.2;463.5,617.1;526.0,682.4;580.0,611.4;528.8,497.7;528.8,497.7;509.0,440.9;543.1,537.5;580.0,537.5;568.6,486.4;494.7,514.8;469.2,554.6;469.2,506.3
272#644.1,757.7;635.6,672.9;604.5,602.2;553.6,619.1;468.7,630.4;533.8,698.3;579.0,607.8;522.5,503.2;525.3,497.5;515.4,442.4;542.3,531.5;579.0,542.8;567.7,494.7;482.9,508.8;471.6,562.6;471.6,514.5
273#651.2,762.3;636.9,679.0;602.4,604.3;556.4,618.6;476.0,644.5;536.3,713.4;579.4,610.0;530.6,506.6;527.7,498.0;514.8,441.9;544.9,538.2;579.4,543.9;567.9,498.0;487.5,518.1;470.2,569.8;470.2,526.7
274#656.6,762.4;639.3,681.6;598.9,600.7;555.6,618.1;477.6,652.7;535.3,722.0;578.7,609.4;526.7,511.3;526.7,496.8;516.6,443.4;549.8,540.1;575.8,528.6;567.1,499.7;489.2,522.8;466.1,577.7;466.1,534.4
275#661.3,764.2;643.3,683.4;598.4,602.6;553.5,614.5;481.6,662.4;535.5,731.3;574.5,605.6;526.6,512.7;526.6,500.8;522.1,442.4;553.5,533.7;589.4,530.7;565.5,500.8;487.6,524.7;457.7,578.6;463.7,542.7
276#660.2,760.1;645.2,679.3;591.4,604.6;549.5,616.5;486.7,667.4;531.6,742.1;570.5,607.6;528.6,514.9;528.6,502.9;527.1,444.6;564.5,532.8;597.4,529.8;564.5,502.9;489.7,526.8;450.8,577.7;459.8,544.8
277#657.7,755.8;645.7,674.7;588.6,605.5;546.5,617.5;492.4,674.7;531.5,752.8;567.5,611.5;528.5,515.3;528.5,503.3;523.9,444.7;567.5,530.4;603.6,530.4;567.5,506.3;486.4,527.4;441.3,575.5;447.3,545.4
278#655.4,749.6;649.4,667.9;585.8,607.4;540.4,619.5;498.1,680.0;534.4,761.7;564.6,610.4;528.3,516.6;528.3,504.5;523.8,457.6;576.7,519.6;610.0,528.7;570.7,510.6;486.0,525.7;431.5,565.0;440.6,537.8
279#652.7,739.8;655.7,665.3;584.2,614.6;536.5,626.6;500.7,689.1;533.5,775.6;560.4,620.6;527.6,519.3;530.5,504.4;526.1,461.1;578.2,522.2;614.0,525.2;569.3,510.3;488.8,525.2;423.3,558.0;432.2,525.2
280#651.2,734.1;660.3,661.0;581.1,618.4;535.4,627.5;508.0,697.6;535.4,785.9;559.8,621.4;529.3,517.8;529.3,505.6;530.8,458.4;578.0,520.9;620.7,520.9;568.9,508.7;483.6,527.0;416.6,545.2;428.7,511.7
281#648.1,721.2;660.0,650.1;580.0,620.5;532.6,635.3;514.8,706.4;532.6,792.3;556.3,626.4;535.6,516.8;535.6,504.9;528.1,447.1;580.0,501.9;627.4,516.8;577.0,510.8;494.1,525.6;414.1,531.6;428.9,496.0
282#642.0,711.8;661.0,640.0;578.9,620.3;530.6,633.5;516.5,715.3;529.5,794.7;555.3,626.5;536.0,515.7;536.0,505.5;532.1,447.0;592.2,488.0;629.3,511.2;578.0,510.6;495.0,522.6;418.3,518.9;424.9,477.4
283#636.0,702.5;662.1,630.0;577.7,620.1;528.7,631.7;518.3,724.2;526.5,797.2;554.3,626.5;536.3,514.5;536.3,506.1;536.0,446.9;604.3,474.0;631.3,505.7;578.9,510.3;495.8,519.7;422.6,506.1;420.9,458.8
284#629.9,693.1;663.1,619.9;576.6,619.9;526.7,629.9;520.0,733.1;523.4,799.6;553.3,626.6;536.7,513.4;536.7,506.7;540.0,446.8;616.5,460.1;633.2,500.1;579.9,510.1;496.7,516.7;426.8,493.4;416.9,440.2
285#626.9,685.1;653.8,614.4;576.4,617.8;529.3,627.9;519.2,735.6;512.5,799.5;552.9,624.5;539.4,510.1;539.4,510.1;539.4,449.5;620.2,459.6;637.0,500.0;579.8,510.1;495.7,513.5;438.5,486.6;408.2,436.1
286#616.3,678.7;642.6,613.0;576.9,619.6;530.9,632.7;511.2,731.3;511.2,800.3;553.9,626.2;540.8,511.2;540.8,507.9;537.5,448.8;619.6,468.5;639.3,507.9;583.5,507.9;498.1,511.2;445.5,481.6;406.1,435.6
287#576.7,802.9;570.3,723.0;573.5,620.7;528.8,627.1;506.4,729.4;509.6,796.5;551.2,623.9;541.6,512.1;541.6,508.9;538.4,451.4;618.3,477.0;640.6,515.3;586.3,512.1;496.8,512.1;445.7,486.5;407.4,438.6
288#588.0,793.6;640.8,605.6;578.1,628.7;531.9,632.0;505.6,714.5;512.2,793.6;555.0,628.7;545.1,513.2;545.1,509.9;541.8,453.8;621.0,486.8;640.8,526.4;588.0,513.2;499.0,513.2;442.9,496.7;406.6,447.3
289#597.5,779.3;555.6,705.2;574.9,627.9;526.6,634.3;500.8,708.4;513.7,785.7;552.4,631.1;545.9,518.4;545.9,512.0;539.5,457.2;616.8,495.9;639.3,534.5;587.8,515.2;500.8,518.4;436.4,502.3;407.4,463.6
290#606.5,769.1;552.2,705.2;577.7,628.6;529.8,638.1;497.8,702.0;517.0,775.5;555.4,634.9;545.8,523.1;545.8,513.5;542.6,459.2;619.3,510.3;641.6,545.5;590.5,519.9;501.0,523.1;437.1,510.3;405.2,472.0
291#609.1,752.4;554.7,701.1;575.9,631.6;533.6,640.6;494.3,686.0;518.5,761.5;554.7,637.6;548.7,528.8;548.7,519.8;547.2,463.9;621.2,522.8;639.3,559.0;591.0,525.8;503.4,525.8;436.9,516.7;406.7,480.5
292#542.2,694.9;503.9,650.8;583.4,630.2;539.2,636.1;495.1,680.2;521.6,747.8;562.8,633.1;551.0,530.2;551.0,521.3;545.1,465.5;630.4,559.6;639.2,562.5;595.1,527.2;503.9,530.2;436.3,524.3;403.9,483.1
293#548.3,703.1;603.0,642.8;586.6,631.9;542.8,637.4;493.5,667.5;523.6,735.9;564.7,637.4;551.0,533.3;551.0,525.1;545.5,467.6;635.9,571.6;635.9,563.4;592.1,530.6;504.5,533.3;441.5,533.3;405.9,495.0
294#557.6,705.2;604.1,645.9;588.6,635.6;542.2,638.1;495.8,653.6;521.6,725.8;565.4,638.1;549.9,537.6;549.9,527.3;544.8,473.1;637.6,586.6;635.0,568.5;593.7,535.0;508.7,537.6;436.5,540.2;405.5,504.1
295#549.2,724.7;567.0,638.2;592.4,638.2;541.5,638.2;498.3,648.4;521.2,712.0;569.5,638.2;551.7,541.5;549.2,528.7;546.6,475.3;638.2,587.3;635.7,574.6;595.0,538.9;505.9,541.5;437.2,546.6;404.1,510.9
296#557.4,721.1;587.6,628.1;587.6,638.1;534.8,635.6;499.6,638.1;522.2,703.5;562.4,635.6;549.9,542.6;549.9,530.0;547.3,474.7;637.8,595.4;637.8,577.8;595.1,540.1;504.6,542.6;436.7,552.7;404.1,517.5
297#547.5,748.1;566.0,682.1;581.9,629.3;534.3,629.3;502.6,645.2;494.7,716.5;558.1,629.3;550.2,542.2;550.2,531.6;544.9,473.5;639.9,584.4;637.3,581.8;595.1,539.5;507.9,542.2;441.9,555.4;404.9,523.7
298#543.9,769.1;562.3,698.0;580.7,632.1;533.3,632.1;520.1,621.6;491.2,719.1;557.0,632.1;549.1,542.5;549.1,529.4;542.5,480.6;638.7,582.0;636.1,579.4;593.9,537.3;504.3,539.9;454.3,555.7;409.5,532.0
299#544.6,791.8;561.3,702.4;583.7,632.5;533.4,626.9;508.2,680.0;491.5,724.7;555.8,629.7;547.4,540.3;547.4,529.1;543.2,474.6;631.2,579.4;636.8,579.4;592.1,537.5;499.9,540.3;435.6,559.8;407.6,534.7
300#545.6,798.1;559.7,713.9;576.5,632.5;528.8,624.1;503.5,680.2;486.7,736.4;554.0,629.7;548.4,537.1;548.4,525.9;544.2,473.9;632.6,570.8;638.2,579.2;593.3,537.1;500.7,537.1;439.0,559.5;405.3,539.9
301#545.8,800.9;563.0,721.0;577.2,632.5;525.9,624.0;517.3,624.0;511.6,686.7;548.7,626.8;548.7,535.5;548.7,524.1;544.4,471.3;634.3,566.9;637.2,578.3;594.4,535.5;497.3,532.6;448.8,558.3;408.9,549.8
302#542.3,800.5;562.9,718.0;577.6,629.6;524.6,614.8;512.8,623.7;506.9,700.3;551.1,623.7;548.2,535.3;548.2,523.5;546.7,466.0;627.7,570.6;639.5,579.5;595.3,532.3;498.1,529.4;450.9,561.8;409.6,555.9
303#543.4,798.4;561.3,718.0;570.2,631.5;522.5,622.6;513.6,646.4;504.6,715.0;543.4,625.6;549.4,533.2;549.4,518.3;550.8,463.1;609.0,589.8;638.8,574.9;594.1,530.2;501.7,527.2;451.0,563.0;409.3,563.0
304#544.8,792.6;559.9,719.7;566.0,628.5;517.4,619.4;514.4,661.9;487.0,762.2;541.7,622.4;550.8,531.3;550.8,519.1;555.4,459.8;608.6,598.1;639.0,576.8;596.4,531.3;505.2,525.2;456.6,558.6;411.0,564.7
305#541.4,794.2;559.3,716.9;559.3,627.6;517.6,612.7;514.6,660.3;505.7,728.8;538.4,621.6;550.3,529.3;550.3,517.4;557.8,462.4;612.8,597.8;633.7,577.0;595.0,529.3;502.7,523.4;458.1,553.1;413.4,571.0
306#540.8,800.3;559.1,727.1;556.0,623.5;513.3,608.2;516.4,660.0;504.2,736.3;534.7,620.4;549.9,525.9;549.9,513.7;560.6,457.3;610.9,605.2;632.2,577.7;595.6,532.0;501.1,522.8;449.3,547.2;412.7,568.6
307#536.7,802.0;558.0,729.0;552.0,619.4;509.3,607.2;518.5,668.1;503.3,741.1;530.7,616.4;548.9,522.0;548.9,512.9;562.6,456.6;615.9,607.2;628.0,576.8;597.6,531.2;506.3,516.0;454.6,537.3;418.1,546.4
308#536.7,803.7;555.0,718.7;548.9,615.4;506.4,606.3;515.5,670.1;500.3,752.1;527.6,612.4;548.9,521.2;548.9,512.1;559.5,456.0;612.7,609.3;624.8,579.0;594.4,530.4;506.4,512.1;433.5,533.4;415.3,591.1
309#541.2,802.5;556.7,718.6;550.5,616.1;503.9,606.8;516.3,678.2;497.7,759.0;525.7,613.0;550.5,519.9;550.5,507.4;558.3,453.1;612.6,613.0;628.1,575.8;594.0,529.2;503.9,510.6;426.3,523.0;448.0,550.9
310#548.6,799.4;554.9,720.3;548.6,615.9;507.4,606.4;513.8,688.7;501.1,767.8;526.4,612.7;548.6,517.8;551.7,505.2;559.6,449.8;615.0,615.9;627.7,574.8;592.9,527.3;504.3,508.3;431.5,505.2;447.3,502.0
311#551.5,795.4;557.8,719.9;551.5,616.0;504.2,606.5;513.7,691.5;504.2,773.4;526.3,612.8;551.5,515.2;551.5,502.6;562.5,450.7;617.6,616.0;627.0,575.0;595.5,524.7;507.4,502.6;431.8,496.3;450.7,486.9
312#554.8,795.2;558.0,715.1;554.8,615.8;506.8,609.3;506.8,699.1;500.3,782.4;529.2,612.6;551.6,510.0;554.8,503.6;566.1,447.5;622.1,615.8;625.3,574.1;596.5,522.8;506.8,500.4;433.0,484.3;465.1,461.9
313#554.3,793.4;561.0,713.3;554.3,613.3;511.0,606.6;504.3,706.7;497.6,786.7;531.0,613.3;551.0,509.9;554.3,499.8;564.4,439.8;621.1,616.6;624.4,573.2;594.4,523.2;511.0,496.5;440.9,469.8;477.6,439.8
314#557.9,793.2;561.3,707.3;557.9,607.6;513.2,607.6;499.5,710.7;496.0,793.2;533.8,607.6;551.0,504.5;551.0,497.6;564.8,439.2;623.2,621.4;623.2,576.7;592.3,521.7;509.8,490.7;451.3,456.4;484.0,420.3
315#557.3,793.8;564.6,706.6;561.0,608.6;517.4,604.9;499.2,710.3;495.6,793.8;535.6,608.6;550.1,506.8;553.7,495.9;561.0,437.8;622.7,619.5;619.1,572.2;593.7,521.4;510.1,488.7;462.9,448.7;490.1,399.7
316#559.5,792.1;570.9,708.4;563.3,609.5;513.9,605.7;502.4,712.2;494.8,795.9;540.5,609.5;551.9,503.0;551.9,499.2;559.5,438.3;620.4,617.1;616.6,571.5;593.8,522.0;513.9,487.8;483.4,442.1;498.6,388.8
317#563.8,797.5;571.7,711.2;563.8,609.2;516.7,605.2;501.0,715.1;497.1,797.5;540.3,605.2;552.0,507.2;552.0,499.3;556.0,440.4;618.7,617.0;618.7,573.9;591.3,522.8;516.7,491.5;497.1,436.5;505.0,381.6
318#572.8,796.0;576.5,713.0;561.4,611.1;516.2,607.3;501.1,720.5;493.5,796.0;538.8,607.3;553.9,505.4;553.9,501.7;553.9,445.1;618.0,614.9;618.0,577.1;591.6,524.3;516.2,486.6;504.8,437.5;516.2,384.7
319#574.8,804.7;574.8,720.7;563.4,617.6;513.7,613.8;502.3,720.7;494.6,793.2;540.5,613.8;555.7,514.5;555.7,506.9;551.9,449.6;616.8,610.0;616.8,579.4;593.9,529.8;517.5,495.4;509.9,442.0;519.5,386.6
