1#971.9,666.2;1044.7,720.9;1070.2,618.9;1041.1,629.8;1041.1,724.5;1055.7,815.6;1055.7,626.2;1019.2,505.9;1026.5,520.5;1008.3,455.0;957.3,414.9;1004.7,440.4;1052.0,491.4;986.5,516.9;931.8,487.7;902.7,440.4
2#1033.7,802.8;976.3,592.2;1064.3,619.0;1041.3,619.0;1029.9,722.4;1049.0,810.4;1049.0,619.0;1014.5,504.2;1018.4,515.6;1003.1,454.4;957.1,412.3;1003.1,446.7;1049.0,492.7;980.1,515.6;926.5,488.8;899.7,439.1
3#976.0,672.3;964.1,596.7;1059.6,612.6;1027.8,616.6;999.9,712.1;1031.7,795.6;1043.7,612.6;1011.8,501.2;1015.8,505.2;991.9,441.6;956.1,425.6;991.9,441.6;1047.6,489.3;976.0,509.2;924.3,489.3;900.4,441.6
4#1007.5,776.0;948.5,595.8;1045.6,606.2;1014.4,609.6;965.9,696.3;1007.5,779.5;1028.3,606.2;1004.0,488.3;1004.0,491.8;979.7,429.4;934.7,436.3;983.2,450.2;1038.7,474.4;969.3,502.2;920.8,488.3;896.5,443.2
5#992.3,739.3;927.7,600.0;1019.4,589.8;995.7,596.6;931.1,674.7;985.5,746.1;1005.9,593.2;995.7,481.1;992.3,481.1;968.5,420.0;948.1,443.8;988.9,460.8;1033.0,467.5;961.7,491.3;907.4,491.3;897.2,447.2
6#961.6,693.3;929.2,615.6;1003.6,576.8;977.7,580.1;890.4,641.5;961.6,706.2;990.7,580.1;977.7,470.1;974.5,463.6;938.9,405.4;948.6,453.9;981.0,483.0;1016.5,457.1;945.4,483.0;893.6,489.5;893.6,450.7
7#947.8,682.8;911.0,606.1;981.6,566.2;950.9,572.3;858.8,606.1;923.3,673.6;966.2,569.2;950.9,455.7;947.8,449.6;914.1,394.3;975.4,431.2;1021.4,452.6;984.6,443.4;920.2,468.0;877.2,492.5;886.4,455.7
8#953.3,690.9;915.4,618.3;969.1,555.2;924.9,558.3;827.0,571.0;883.9,640.4;947.0,558.3;921.7,444.7;918.6,441.6;887.0,381.6;975.4,425.8;1013.3,444.7;956.5,432.1;887.0,460.5;852.3,492.1;871.2,470.0
9#953.5,701.5;924.7,621.3;943.9,550.8;902.2,554.0;806.0,531.5;844.5,608.5;924.7,550.8;895.8,435.3;895.8,435.3;871.8,372.8;998.4,441.7;995.2,435.3;931.1,422.5;854.1,454.6;802.8,480.2;838.1,451.4
10#950.7,705.7;927.4,622.6;920.8,546.3;867.7,546.3;797.9,506.4;814.5,579.5;894.2,546.3;871.0,430.1;867.7,430.1;846.1,362.0;897.5,386.9;963.9,403.5;917.5,416.8;824.5,443.3;764.7,463.3;801.3,450.0
11#937.6,700.3;915.4,617.9;896.4,535.6;842.6,535.6;782.4,503.9;804.6,576.8;871.1,538.7;842.6,424.7;842.6,424.7;822.0,362.9;872.7,356.6;909.1,374.0;890.1,412.0;795.1,434.2;728.5,440.5;779.2,415.2
12#910.5,685.8;889.4,606.1;873.1,543.2;816.2,545.1;760.3,515.2;787.9,587.4;846.4,546.9;820.0,433.3;819.6,431.8;802.8,371.5;855.1,364.2;887.5,386.9;866.4,421.2;773.1,442.3;721.1,450.6;767.1,429.6
13#883.4,671.2;863.3,594.2;849.9,550.8;789.7,554.6;738.2,526.6;771.2,598.0;821.6,555.1;797.3,441.9;796.6,438.8;783.6,380.2;837.5,371.8;866.0,399.7;842.7,430.4;751.2,450.5;713.7,460.8;755.0,443.9
14#856.4,656.6;837.3,582.4;826.6,558.3;763.3,564.0;716.1,537.9;754.6,608.6;796.9,563.4;774.7,450.5;773.5,445.9;764.3,388.8;819.9,379.4;844.4,412.6;818.9,439.5;729.2,458.6;706.2,470.9;743.0,458.2
15#829.3,642.1;811.3,570.6;803.4,565.9;736.9,573.5;694.0,549.3;737.9,619.2;772.2,571.6;752.0,459.1;750.5,453.0;745.1,397.4;802.3,387.0;822.8,425.5;795.2,448.7;707.3,466.8;698.8,481.0;730.9,472.6
16#802.2,627.5;785.2,558.7;780.1,573.5;710.4,583.0;671.9,560.6;721.2,629.8;747.4,579.8;729.4,467.7;727.5,460.0;725.9,406.1;784.7,394.6;801.3,438.3;771.5,457.9;685.4,474.9;691.4,491.2;718.8,486.9
17#775.1,613.0;759.2,546.9;756.9,581.1;684.0,592.5;649.8,572.0;704.5,640.4;722.7,588.0;706.7,476.3;704.5,467.1;706.7,414.7;767.1,402.2;779.7,451.2;747.8,467.1;663.4,483.1;684.0,501.3;706.7,501.3
18#770.4,633.0;755.4,557.7;721.0,594.3;650.0,600.7;622.1,566.3;656.5,639.5;684.4,598.6;684.4,488.9;682.3,478.2;684.4,426.6;764.0,426.6;770.4,473.9;725.3,480.3;641.4,493.2;650.0,531.9;678.0,529.8
19#773.8,659.6;753.6,585.4;690.6,612.3;625.4,610.1;596.2,558.4;609.7,623.6;661.4,610.1;659.2,493.2;659.2,484.2;659.2,430.3;764.8,457.2;758.1,491.0;701.9,486.5;616.4,499.9;629.9,538.2;663.7,526.9
20#765.8,663.4;738.4,594.9;665.3,604.1;610.5,610.9;578.5,558.4;585.4,622.3;637.9,610.9;640.2,494.5;640.2,483.1;636.8,429.4;749.8,471.6;738.4,508.2;683.6,485.3;592.2,501.3;605.9,544.7;635.6,533.3
21#748.1,663.9;720.3,589.6;648.3,605.9;599.5,615.2;564.7,589.6;580.9,652.3;625.0,605.9;625.0,492.1;625.0,480.5;616.9,428.2;748.1,494.4;722.6,524.6;673.8,487.4;578.6,494.4;594.8,533.9;636.6,522.3
22#715.8,654.2;703.5,577.9;639.5,597.6;587.9,602.5;560.8,624.7;570.6,698.5;612.5,600.1;617.4,491.8;614.9,479.5;613.7,436.4;745.4,511.5;710.9,533.6;666.6,494.2;573.1,486.8;565.7,526.2;622.3,511.5
23#683.2,637.2;685.8,564.7;629.4,594.2;575.7,605.0;559.5,650.7;567.6,725.9;605.2,599.6;613.3,486.7;613.3,484.0;614.6,431.6;742.3,527.0;702.0,543.2;661.7,494.8;567.6,484.0;559.5,548.5;570.3,583.5
24#665.4,622.0;671.3,551.3;624.2,592.5;571.1,601.4;562.3,666.2;568.2,739.9;597.6,595.5;618.3,486.4;618.3,480.5;625.6,426.0;739.1,542.4;697.8,548.3;668.4,498.2;571.1,474.6;571.1,515.9;594.7,521.8
25#696.6,618.6;661.9,615.5;633.5,584.0;573.6,590.3;567.3,678.6;567.3,757.4;608.3,587.1;630.3,479.9;630.3,479.9;647.7,418.4;740.7,558.7;696.6,555.6;674.5,498.8;589.3,460.9;565.7,424.7;608.3,448.3
26#680.7,607.0;667.8,565.3;639.0,584.6;587.7,587.8;571.7,680.7;562.1,760.8;613.3,587.8;635.8,478.8;639.0,472.4;659.8,419.5;744.8,574.9;699.9,555.7;680.7,498.0;590.9,456.3;581.3,504.4;533.2,430.7
27#679.1,627.3;707.8,566.7;644.0,585.8;593.0,585.8;577.1,678.3;561.2,757.9;618.5,585.8;647.2,474.3;650.4,471.1;671.1,418.5;746.0,576.3;714.2,550.8;695.0,493.4;612.2,451.9;601.0,418.5;532.5,436.0
28#673.4,653.2;718.2,593.5;649.5,584.5;598.8,584.5;580.9,674.1;568.9,760.6;622.7,584.5;658.5,468.1;658.5,465.1;671.9,412.9;754.0,557.7;730.1,548.7;703.2,486.0;622.7,444.3;624.2,412.9;648.0,412.9
29#675.2,670.2;716.2,605.8;654.8,579.5;605.1,579.5;593.4,664.3;584.6,755.0;628.5,579.5;666.5,465.5;666.5,459.6;670.8,414.3;768.8,521.0;754.2,535.7;710.3,483.0;628.5,445.0;625.5,488.9;648.9,494.7
30#672.2,695.7;714.5,628.7;665.2,572.3;615.9,568.8;601.8,656.9;598.2,741.5;640.5,572.3;675.8,456.1;675.8,459.6;672.2,396.2;770.9,484.3;770.9,512.4;718.0,473.7;633.5,434.9;644.1,385.6;652.9,341.6
31#671.7,711.7;711.2,639.8;675.2,568.0;628.6,560.8;603.4,643.4;614.2,726.1;650.1,564.4;678.8,453.1;678.8,453.1;668.1,388.4;775.8,445.9;790.2,485.4;729.1,460.3;635.7,438.7;639.3,392.0;659.1,350.7
32#669.6,725.7;703.5,651.3;686.5,570.1;642.6,560.0;605.4,631.0;625.7,705.4;662.9,563.4;679.8,445.0;679.8,445.0;666.3,380.8;767.7,414.6;791.4,461.9;730.5,451.8;632.5,438.3;632.5,401.1;668.0,372.4
33#677.4,724.0;701.1,646.4;697.7,558.6;653.8,555.2;609.9,605.9;643.7,676.7;674.1,558.6;677.4,443.9;674.1,440.5;662.2,374.7;768.6,396.6;792.2,443.9;724.7,440.5;630.2,443.9;647.1,430.4;704.4,477.6
34#687.4,718.5;712.6,642.7;709.0,563.2;654.9,563.2;607.9,584.9;658.5,646.3;680.1,563.2;676.5,440.4;676.5,440.4;656.7,373.6;772.2,380.8;788.5,429.6;719.9,436.8;629.6,444.0;640.4,494.6;676.5,491.0
35#694.5,694.8;721.6,630.4;714.9,559.2;664.0,559.2;613.1,576.1;670.8,633.8;687.7,559.2;677.6,440.5;677.6,437.1;667.4,372.7;775.9,369.3;782.7,416.8;721.6,433.7;630.1,447.3;636.9,494.8;664.0,474.4
36#711.5,659.4;732.8,595.6;723.7,556.0;665.9,559.1;620.3,574.3;675.0,635.1;693.3,559.1;681.1,443.5;681.1,434.4;668.9,376.6;781.5,361.4;778.4,410.1;723.7,434.4;635.5,449.6;641.6,498.3;668.9,477.0
37#731.2,631.6;740.0,555.5;728.3,558.4;669.8,558.4;631.8,581.8;675.7,649.1;699.1,558.4;684.4,444.3;684.4,441.4;675.7,379.9;791.2,355.1;778.1,400.4;731.2,435.5;640.5,456.0;649.3,505.7;678.6,494.0
38#752.3,608.0;746.4,539.4;740.4,551.4;671.8,557.3;642.0,584.1;668.9,661.6;707.6,557.3;689.7,450.0;689.7,441.1;680.8,381.5;807.5,362.1;779.1,396.4;737.4,435.1;645.0,461.9;648.0,518.6;671.8,503.7
39#767.4,604.6;759.1,535.3;736.9,552.0;678.8,565.8;653.8,582.4;676.0,657.2;712.0,557.5;695.4,452.3;692.6,444.0;684.3,385.8;808.9,377.5;789.5,413.5;742.5,435.6;648.3,466.1;645.5,527.0;664.9,504.9
40#777.5,628.1;764.4,551.7;727.5,559.6;674.9,570.1;653.8,575.4;688.0,638.6;703.8,562.2;693.3,454.3;693.3,443.8;682.8,388.5;809.1,396.4;796.0,430.6;743.3,438.5;648.5,470.1;643.3,533.3;669.6,509.6
41#788.0,658.6;772.4,583.0;733.3,562.2;676.0,567.4;652.5,575.2;689.0,603.8;704.6,564.8;694.2,455.3;694.2,442.3;683.8,385.0;803.7,408.4;795.8,437.1;741.1,437.1;647.3,471.0;639.5,538.7;670.8,512.7
42#784.1,669.2;770.6,580.1;730.1,563.9;667.9,572.0;657.1,566.6;694.9,601.7;700.3,569.3;694.9,453.2;694.9,442.3;682.8,384.3;800.3,423.4;781.4,436.9;743.6,436.9;643.6,469.4;632.8,534.2;662.5,512.6
43#784.0,686.5;775.6,605.7;725.4,561.0;672.4,563.8;661.2,555.4;658.5,588.9;697.5,563.8;691.9,449.5;691.9,435.5;685.0,383.9;800.7,443.9;786.8,466.2;742.1,438.3;641.7,460.6;622.2,513.6;664.0,508.0
44#783.5,693.2;768.7,616.4;724.4,554.4;671.2,554.4;653.5,557.3;665.3,595.7;697.8,554.4;688.9,445.0;688.9,433.2;681.5,375.6;798.3,450.9;783.5,474.6;742.1,433.2;638.7,450.9;606.2,492.3;650.5,477.5
45#780.7,691.2;767.4,614.9;724.3,541.9;667.9,541.9;681.2,581.7;667.9,608.3;694.4,541.9;687.8,432.4;687.8,425.8;681.2,366.0;790.7,465.6;774.1,482.2;740.9,432.4;638.0,439.0;608.2,462.3;651.3,462.3
46#777.1,673.7;771.0,593.4;727.7,531.6;675.2,537.8;699.9,581.0;690.7,602.7;703.0,534.7;690.7,429.7;687.6,414.3;682.9,360.3;795.7,479.1;767.9,494.6;746.2,429.7;641.3,429.7;619.6,432.8;653.6,402.0
47#765.0,648.3;770.5,582.5;734.9,519.5;682.8,527.7;691.0,546.9;693.7,615.4;710.2,522.2;699.2,429.1;696.5,418.1;689.6,364.7;800.6,492.1;773.2,500.3;754.0,431.8;647.2,426.3;633.5,420.8;649.9,377.0
48#755.1,616.7;765.8,552.6;744.4,523.2;693.6,528.5;693.6,563.3;693.6,632.8;720.3,525.8;706.9,424.2;706.9,413.5;700.3,369.4;808.6,517.8;779.1,480.4;760.4,429.6;658.8,418.9;637.4,432.2;650.8,389.5
49#694.9,643.2;742.3,572.1;754.2,524.6;703.8,524.6;697.9,580.9;692.0,652.0;730.5,524.6;721.6,420.9;721.6,412.1;705.3,366.1;804.6,521.7;804.6,486.1;769.0,426.9;674.2,418.0;644.6,447.6;653.4,400.2
50#800.3,572.5;772.4,569.4;763.1,529.2;713.6,529.2;698.1,594.2;688.8,674.8;738.4,529.2;732.2,420.7;729.1,405.3;718.2,366.5;797.2,470.3;825.1,476.5;778.6,420.7;685.7,420.7;651.6,461.0;654.7,417.7
51#780.8,597.2;760.9,583.9;777.5,521.0;724.5,521.0;698.0,593.9;688.1,673.3;751.0,521.0;744.3,415.1;741.0,408.5;719.5,350.5;813.9,444.9;847.0,448.2;790.7,411.8;694.7,415.1;664.9,471.4;658.3,435.0
52#764.3,594.1;754.9,575.2;783.3,512.1;736.0,512.1;701.3,581.5;698.1,663.5;761.2,512.1;748.6,408.0;745.4,404.9;728.1,343.4;814.8,426.9;852.7,411.2;792.7,401.7;701.3,417.5;676.0,480.6;663.4,449.0
53#757.5,609.5;766.5,552.5;790.5,510.5;736.5,501.5;703.5,564.5;712.5,630.4;763.5,501.5;751.5,405.6;751.5,402.6;730.5,342.6;805.5,345.6;841.4,378.6;802.5,393.6;706.5,417.6;682.5,471.6;661.5,459.6
54#756.2,619.1;772.5,557.1;792.0,501.7;743.1,495.2;704.0,531.0;723.5,589.7;765.9,501.7;752.9,403.8;752.9,400.6;733.3,345.1;808.3,309.2;824.7,354.9;798.6,387.5;707.2,420.1;681.1,482.1;661.6,475.6
55#759.5,637.5;773.1,572.8;786.8,491.0;739.1,491.0;694.8,521.7;728.9,562.6;759.5,491.0;745.9,402.5;745.9,402.5;722.0,344.6;803.8,324.1;817.4,354.8;790.2,385.4;701.6,422.9;681.2,480.8;657.3,491.0
56#758.8,655.6;775.6,581.5;779.0,504.1;725.1,500.8;701.6,534.4;694.8,561.4;752.0,504.1;735.2,403.2;735.2,403.2;711.7,339.2;814.3,334.2;822.7,369.5;779.0,386.4;691.5,420.0;674.6,477.2;654.5,504.1
57#766.7,657.8;773.4,584.3;766.7,500.9;720.0,494.2;693.3,544.3;686.6,571.0;743.3,500.9;723.3,400.8;723.3,400.8;698.3,339.0;823.4,367.4;816.8,377.4;766.7,384.1;679.9,417.5;666.6,474.2;653.2,514.2
58#774.6,659.9;771.4,585.8;761.7,502.0;710.2,498.8;700.5,550.4;684.4,576.1;732.7,502.0;716.6,398.9;716.6,395.7;692.4,342.5;823.0,379.6;816.5,382.8;764.9,379.6;671.5,415.0;668.3,469.8;648.9,508.5
59#772.1,646.5;775.1,563.6;750.6,486.9;689.2,486.9;698.4,575.9;689.2,591.3;716.9,486.9;710.7,394.9;710.7,388.7;690.8,341.2;821.2,388.7;815.0,401.0;753.7,379.5;667.8,407.2;661.6,474.7;637.1,474.7
60#773.5,622.5;782.5,550.5;737.5,478.6;686.5,481.6;689.5,523.5;695.5,595.5;713.5,478.6;707.5,391.6;707.5,388.6;694.0,330.1;818.5,412.6;803.5,409.6;752.5,382.6;662.6,403.6;656.6,454.6;683.5,448.6
61#773.9,598.8;793.1,535.8;741.1,475.5;686.3,483.8;691.8,541.3;694.5,615.2;710.9,478.3;705.5,390.7;702.7,382.4;693.1,331.8;787.6,426.3;801.3,412.6;752.0,382.4;658.9,401.6;634.3,448.2;645.2,407.1
62#776.4,573.4;800.7,509.4;739.8,482.0;681.8,494.2;687.9,564.3;694.0,631.4;715.4,494.2;703.2,393.5;703.2,381.4;698.6,346.3;794.6,436.2;800.7,414.9;752.0,384.4;657.5,399.6;614.8,417.9;642.2,375.3
63#780.8,550.8;806.8,489.1;745.1,495.6;689.9,508.6;686.6,576.8;696.4,648.3;719.1,502.1;702.9,391.7;702.9,385.2;698.0,338.1;793.8,440.4;803.6,411.2;751.6,385.2;657.4,398.2;611.9,388.4;641.2,349.4
64#810.9,525.8;800.3,462.4;743.9,487.1;691.0,501.2;687.5,585.8;694.6,666.9;715.7,497.6;701.6,384.8;701.6,384.8;698.1,324.9;786.2,420.1;810.9,402.4;747.4,384.8;655.8,388.3;620.5,367.2;641.7,324.9
65#815.0,526.4;788.8,451.5;736.3,481.4;691.4,496.4;691.4,586.3;687.7,672.4;713.9,492.7;702.6,380.3;702.6,384.1;698.9,320.4;773.8,395.3;815.0,395.3;751.3,384.1;657.7,380.3;635.2,346.7;639.0,305.5
66#768.0,515.3;789.5,443.7;739.4,486.6;692.9,501.0;689.3,586.8;689.3,662.0;714.4,497.4;703.6,379.3;703.6,382.9;700.1,322.1;793.1,386.5;807.4,386.5;750.1,379.3;664.3,375.7;639.2,329.2;630.3,291.6
67#768.8,530.0;799.3,465.5;738.2,485.8;690.7,496.0;687.3,584.3;694.1,658.9;714.5,492.6;704.3,380.6;704.3,384.0;700.9,319.5;758.6,397.6;802.7,380.6;748.4,377.2;663.6,377.2;629.6,356.8;636.4,312.7
68#768.0,564.0;803.5,506.0;742.3,486.7;684.3,496.4;687.5,580.1;693.9,657.4;713.3,489.9;703.6,383.6;700.4,383.6;695.6,317.6;732.6,351.4;790.6,374.0;745.5,377.2;655.3,383.6;613.4,377.2;629.5,332.1
69#766.4,579.2;796.2,516.2;739.8,486.3;686.8,499.6;680.1,575.9;690.1,648.8;713.3,496.3;700.0,380.2;700.0,380.2;691.7,318.9;723.2,333.8;773.0,363.6;746.5,376.9;650.3,383.5;610.5,393.5;630.4,357.0
70#765.3,599.4;788.4,530.0;735.5,480.4;682.6,490.3;669.4,563.0;689.2,639.1;705.7,483.7;692.5,377.9;692.5,377.9;687.5,313.4;707.4,313.4;748.7,348.1;738.8,374.6;649.5,381.2;619.8,410.9;636.3,371.2
71#762.6,619.7;772.7,549.0;728.9,474.9;681.7,481.6;651.4,549.0;681.7,626.5;705.3,478.2;685.1,370.4;685.1,370.4;671.6,309.8;693.5,298.0;725.5,333.4;728.9,360.3;641.3,383.9;624.5,431.1;641.3,404.1
72#761.9,628.5;754.7,552.2;722.0,472.3;678.4,472.3;631.2,541.3;671.1,603.1;696.6,472.3;674.8,370.6;674.8,363.3;660.2,305.2;674.8,283.4;692.9,301.5;711.1,345.1;642.1,381.5;623.9,443.2;634.8,425.1
73#764.7,627.2;737.8,549.7;710.8,472.1;663.6,475.5;613.0,519.3;656.9,580.0;687.2,475.5;663.6,364.2;663.6,360.9;645.1,301.9;651.8,295.1;692.3,301.9;700.7,350.8;629.9,377.7;616.4,448.5;633.3,431.7
74#762.0,624.6;739.4,550.4;703.9,472.9;652.2,479.4;590.9,502.0;642.6,550.4;678.1,476.1;655.5,363.1;655.5,363.1;637.7,300.2;663.5,300.2;682.9,306.6;694.2,347.0;616.7,376.0;600.6,437.4;571.5,440.6
75#745.1,615.4;739.2,544.5;689.0,473.6;638.8,479.5;576.8,485.4;629.9,532.7;665.4,479.5;644.7,367.3;641.8,358.5;634.4,312.7;669.8,312.7;681.6,318.6;689.0,358.5;600.4,376.2;573.8,414.6;609.3,417.5
76#731.3,588.4;739.6,532.9;673.1,466.4;626.0,472.0;567.8,466.4;612.1,524.6;650.9,472.0;631.5,375.0;628.8,361.1;621.8,320.9;677.3,326.5;677.3,326.5;681.4,366.6;587.2,377.7;542.8,402.7;573.3,402.7
77#710.9,565.8;742.3,513.5;656.0,469.1;603.7,474.3;569.7,448.2;588.0,521.4;632.5,474.3;624.6,372.3;622.0,372.3;618.1,318.7;682.2,351.4;684.8,390.6;666.5,367.1;582.8,374.9;527.9,390.6;546.2,393.2
78#694.9,549.3;729.5,496.9;651.1,475.1;596.0,475.9;560.4,458.5;568.6,532.7;624.4,476.6;617.8,378.0;616.1,374.7;610.9,324.7;681.6,366.7;680.1,404.5;658.7,374.5;578.2,379.1;542.3,386.9;549.2,378.9
79#678.8,532.8;716.6,480.2;646.2,481.0;588.4,477.6;551.0,468.9;549.3,544.1;616.2,478.9;611.0,383.7;610.1,377.2;603.6,330.6;680.9,381.9;675.3,418.5;651.0,382.0;573.6,383.2;556.6,383.3;552.3,364.6
80#662.8,516.3;703.8,463.6;641.3,487.0;580.7,479.2;541.7,479.2;529.9,555.4;608.1,481.2;604.2,389.4;604.2,379.6;596.4,336.6;680.3,397.2;670.6,432.4;643.2,389.4;569.0,387.4;571.0,379.6;555.3,350.3
81#647.3,526.6;695.7,464.4;631.2,489.7;575.9,487.4;536.8,492.0;527.6,565.7;603.5,487.4;601.2,397.6;601.2,388.4;593.2,338.9;640.4,439.1;665.7,446.0;645.0,393.0;559.8,395.3;552.9,464.4;594.3,420.7
82#646.5,535.5;683.5,480.0;630.3,486.9;577.1,486.9;537.8,507.7;530.8,581.7;602.5,484.6;600.2,394.4;600.2,387.5;601.4,337.8;639.5,443.0;665.0,449.9;639.5,394.4;560.9,394.4;521.6,431.4;595.6,424.5
83#621.3,555.7;669.0,505.5;633.9,485.5;576.2,485.5;546.1,518.1;528.5,590.8;603.8,483.0;601.3,395.2;601.3,387.7;605.0,333.8;646.4,440.3;669.0,455.4;643.9,392.7;556.1,395.2;523.5,417.8;536.1,417.8
84#618.8,573.0;663.8,510.5;641.2,483.0;583.8,483.0;553.8,525.5;533.8,598.0;611.2,483.0;608.8,398.0;608.8,385.5;605.0,339.2;661.2,443.0;683.8,438.0;651.2,390.5;563.8,400.5;526.2,458.0;533.8,435.5
85#618.8,589.7;651.5,539.3;654.0,478.9;588.6,478.9;558.4,526.7;538.2,594.7;621.3,478.9;616.3,395.8;613.7,385.8;604.9,344.2;674.2,441.1;706.9,426.0;661.6,390.8;570.9,400.9;540.7,456.2;535.7,451.2
86#619.9,607.3;656.3,550.1;653.7,482.5;593.9,479.9;567.9,516.3;565.3,578.7;622.5,482.5;617.3,399.3;617.3,391.5;608.2,348.6;687.5,425.3;721.3,414.9;664.1,391.5;573.1,407.1;547.1,461.7;536.7,464.3
87#621.3,622.8;657.7,560.5;649.9,492.9;595.3,492.9;597.9,526.7;587.5,563.1;618.7,492.9;623.9,401.9;623.9,396.7;612.2,348.6;691.5,401.9;730.5,396.7;670.7,394.1;577.1,412.3;561.5,469.5;548.5,472.1
88#620.3,637.0;648.8,574.3;646.0,503.1;597.6,503.1;637.4,551.5;637.4,582.9;620.3,503.1;626.0,406.3;626.0,397.8;618.9,353.6;700.1,363.6;728.5,389.2;671.6,394.9;580.5,414.8;566.2,466.1;546.3,488.9
89#625.5,646.3;643.5,574.4;640.5,514.5;592.6,505.6;628.5,532.5;556.7,517.5;616.5,508.6;628.5,406.8;625.5,403.8;627.0,348.4;728.8,354.4;721.3,379.8;670.4,400.8;583.6,412.7;562.6,457.7;556.7,496.6
90#640.1,650.1;640.1,600.7;633.5,511.8;587.4,505.3;620.3,538.2;633.5,600.7;610.4,508.6;630.2,406.5;630.2,406.5;625.3,345.6;732.2,370.3;715.8,390.1;673.0,400.0;587.4,409.8;554.5,446.0;571.0,459.2
91#647.6,634.4;656.0,581.1;632.1,506.5;585.3,502.2;627.6,539.4;640.6,601.5;608.2,505.3;629.9,405.8;630.8,405.8;630.5,346.9;732.7,388.4;715.8,404.2;672.0,401.4;588.6,408.0;553.1,434.7;626.1,450.2
92#655.0,618.7;672.0,561.4;630.8,501.3;583.1,499.1;634.8,540.6;647.7,602.2;606.1,501.9;629.7,405.0;631.3,405.0;635.6,348.3;733.3,406.6;715.9,418.2;671.1,402.9;589.9,406.1;551.8,423.3;681.2,441.3
93#662.5,603.0;687.9,541.8;629.4,496.0;581.0,496.0;642.1,541.8;654.8,603.0;603.9,498.6;629.4,404.3;631.9,404.3;640.8,349.6;733.8,424.7;715.9,432.3;670.1,404.3;591.1,404.3;550.4,412.0;736.3,432.3
94#670.2,581.1;690.7,525.4;632.1,499.0;582.2,510.7;646.7,554.7;670.2,639.7;605.7,507.8;626.2,408.1;626.2,408.1;645.3,353.9;725.9,431.6;708.3,443.3;667.3,408.1;582.2,405.2;570.5,393.5;598.4,359.8
95#675.2,559.0;692.0,503.1;624.8,469.5;582.9,491.9;644.4,564.6;666.8,648.5;602.5,483.5;627.6,402.4;630.4,405.2;644.4,349.3;725.5,447.2;700.4,452.8;669.6,410.8;585.7,396.8;619.2,436.0;666.8,472.3
96#675.5,541.1;691.3,480.8;640.5,474.4;589.7,496.6;637.4,579.2;665.9,661.8;615.1,487.1;634.2,404.5;637.4,401.4;658.0,352.1;729.5,458.5;697.7,458.5;675.5,410.9;589.7,401.4;564.3,395.0;624.7,547.5
97#669.1,526.1;688.4,497.1;652.9,484.2;598.1,503.5;627.1,587.4;665.8,677.8;627.1,493.9;643.3,400.3;643.3,397.1;673.9,350.3;730.4,471.3;704.6,448.7;682.0,406.7;601.3,393.8;562.6,416.4;601.3,429.3
98#723.6,496.7;677.9,519.5;660.7,485.2;609.3,499.5;626.4,568.1;637.9,636.7;635.0,490.9;657.9,399.5;660.7,388.1;682.1,358.1;735.0,488.1;715.0,453.8;695.0,408.1;620.7,390.9;572.1,410.9;603.6,430.9
99#722.8,534.6;701.3,476.4;670.7,476.4;618.7,488.6;627.8,559.1;627.8,632.6;649.3,482.5;664.6,399.8;667.7,390.6;689.1,335.5;738.1,491.7;722.8,451.9;704.4,405.9;624.8,390.6;575.8,412.1;603.3,405.9
100#705.1,548.8;703.0,495.9;677.9,477.9;626.2,485.1;630.4,555.7;623.8,627.3;655.1,481.1;674.8,398.6;676.8,391.5;694.9,336.9;748.3,463.6;743.7,442.8;714.5,404.5;635.0,390.6;585.4,408.7;616.9,407.4
101#687.3,563.0;704.7,515.3;685.0,479.5;633.8,481.7;633.1,552.3;619.9,622.1;661.0,479.6;684.9,397.4;686.0,392.5;700.6,338.2;758.4,435.6;764.7,433.6;724.6,403.2;645.3,390.5;595.0,405.2;630.6,408.8
102#669.6,577.2;706.4,534.8;692.2,481.0;641.3,478.2;635.7,548.9;615.9,616.8;666.8,478.2;695.1,396.2;695.1,393.4;706.4,339.6;768.6,407.5;785.6,424.5;734.7,401.8;655.5,390.5;604.6,401.8;644.2,410.3
103#670.5,590.6;704.3,546.4;701.7,476.3;654.9,465.9;634.2,546.4;618.6,611.4;675.7,473.7;704.3,393.2;706.9,393.2;710.8,347.7;782.2,382.8;790.0,411.3;745.8,398.4;662.7,385.4;626.4,413.9;662.7,434.7
104#671.9,604.3;710.0,550.9;707.4,479.8;661.7,469.7;628.7,540.8;631.3,604.3;684.6,474.8;710.0,391.0;710.0,396.1;716.3,344.0;796.3,373.2;786.1,401.1;748.1,398.6;669.3,385.9;641.4,416.4;669.3,436.7
105#680.3,604.7;724.0,553.2;713.7,483.7;670.0,473.4;623.6,524.9;639.1,579.0;693.1,481.2;713.7,396.2;713.7,396.2;722.7,346.0;798.7,378.2;788.4,401.4;749.8,398.8;670.0,393.6;641.7,416.8;670.0,432.3
106#692.1,607.2;732.5,554.8;722.1,486.0;678.5,476.4;631.5,527.1;644.9,582.4;701.3,483.4;720.1,397.4;720.1,397.4;727.4,347.1;802.7,382.7;796.0,402.4;756.3,399.5;677.3,395.4;647.8,417.7;675.3,433.7
107#703.8,609.8;741.1,556.5;730.6,488.2;687.0,479.4;639.5,529.2;650.7,585.7;709.5,485.6;726.5,398.7;726.5,398.7;732.0,348.1;806.6,387.1;803.5,403.4;762.9,400.2;684.7,397.1;654.0,418.6;680.6,435.0
108#715.6,612.3;749.6,558.1;739.0,490.5;695.4,482.4;647.4,531.4;656.6,589.1;717.6,487.9;732.9,399.9;732.9,399.9;736.7,349.2;810.6,391.6;811.1,404.4;769.4,400.8;692.0,398.9;660.1,419.5;686.0,436.4
109#727.4,614.8;758.2,559.8;747.4,492.7;703.9,485.4;655.4,533.5;662.4,592.5;725.8,490.1;739.3,401.1;739.3,401.1;741.3,350.3;814.5,396.0;818.7,405.4;776.0,401.5;699.3,400.7;666.2,420.4;691.3,437.7
110#739.1,617.4;766.8,561.4;755.9,495.0;712.4,488.4;663.3,535.7;668.2,595.9;734.0,492.3;745.8,402.3;745.8,402.3;746.0,351.4;818.5,400.5;826.2,406.3;782.5,402.2;706.6,402.5;672.4,421.2;696.6,439.1
111#750.9,619.9;775.3,563.0;764.3,497.3;720.9,491.4;671.2,537.9;674.0,599.2;742.2,494.5;752.2,403.6;752.2,403.6;750.6,352.4;822.4,405.0;833.8,407.3;789.0,402.9;714.0,404.2;678.5,422.1;701.9,440.5
112#762.7,622.4;783.9,564.7;772.7,499.5;729.4,494.4;679.2,540.0;679.8,602.6;750.4,496.7;758.6,404.8;758.6,404.8;755.2,353.5;826.4,409.4;841.4,408.3;795.6,403.6;721.3,406.0;684.6,423.0;707.2,441.8
113#774.5,624.9;792.4,566.3;781.1,501.8;737.8,497.4;687.1,542.2;685.7,606.0;758.5,499.0;765.0,406.0;765.0,406.0;759.9,354.6;830.3,413.9;849.0,409.3;802.1,404.2;728.6,407.8;690.7,423.9;712.6,443.2
114#786.2,627.5;801.0,568.0;789.6,504.0;746.3,500.4;695.1,544.3;691.5,609.3;766.7,501.2;771.4,407.3;771.4,407.3;764.6,355.6;834.2,418.3;856.5,410.3;808.7,404.9;736.0,409.5;696.9,424.8;717.9,444.5
115#798.0,630.0;809.5,569.6;798.0,506.3;754.8,503.4;703.0,546.5;697.3,612.7;774.9,503.4;777.8,408.5;777.8,408.5;769.2,356.7;838.2,422.8;864.1,411.3;815.2,405.6;743.3,411.3;703.0,425.7;723.2,445.9
116#812.5,635.2;815.4,582.3;809.5,502.9;762.5,499.9;712.5,547.0;727.2,591.1;786.0,502.9;774.2,408.8;780.1,414.6;772.8,354.3;830.1,370.5;847.8,402.9;818.4,405.8;738.9,408.8;724.2,426.4;747.8,458.8
117#826.3,626.2;832.7,573.3;813.5,499.0;768.2,499.3;718.6,540.5;746.5,582.0;791.7,500.5;779.7,411.0;783.6,414.3;775.7,358.8;829.5,390.2;849.1,409.2;821.8,406.6;744.2,412.0;731.1,436.8;755.6,459.6
118#840.1,617.2;850.0,564.3;817.5,495.0;774.0,498.8;724.7,534.0;765.9,572.9;797.4,498.2;785.2,413.2;787.0,414.0;778.6,363.2;828.9,409.9;850.4,415.4;825.1,407.4;749.5,415.2;738.0,447.3;763.5,460.3
119#854.0,608.1;867.4,555.3;821.6,491.1;779.8,498.2;730.8,527.4;785.2,563.8;803.0,495.8;790.6,415.3;790.5,413.6;781.5,367.7;828.3,429.5;851.8,421.7;828.5,408.2;754.9,418.5;744.8,457.8;771.3,461.1
120#867.8,599.1;884.7,546.3;825.6,487.2;785.5,497.7;736.9,520.9;804.5,554.7;808.7,493.5;796.1,417.5;793.9,413.3;784.4,372.1;827.7,449.2;853.1,428.0;831.9,409.0;760.2,421.7;751.7,468.2;779.2,461.8
121#886.3,592.7;890.4,533.3;833.1,494.4;792.2,504.6;747.1,541.5;810.6,566.1;814.7,500.6;796.3,418.7;796.3,408.4;791.2,376.7;833.1,451.4;859.7,437.1;831.1,412.5;761.5,424.8;751.2,476.0;771.7,461.7
122#883.6,583.4;889.6,524.4;836.3,494.6;795.8,505.7;758.6,546.8;811.5,578.9;817.5,501.1;800.4,419.5;800.4,411.7;796.4,376.5;846.6,447.1;864.9,438.7;835.1,413.9;765.0,425.0;749.5,466.8;767.5,454.4
123#881.0,574.1;888.9,515.6;839.5,494.8;799.3,506.8;770.1,552.0;812.4,591.7;820.3,501.5;804.6,420.2;804.6,415.1;801.6,376.3;860.1,442.9;870.1,440.2;839.0,415.2;768.5,425.2;747.8,457.6;763.2,447.2
124#878.3,564.9;888.1,506.7;842.6,495.0;802.9,507.8;781.5,557.3;813.3,604.5;823.1,502.0;808.8,421.0;808.8,418.4;806.9,376.1;873.7,438.6;875.4,441.8;843.0,416.6;771.9,425.3;746.2,448.3;759.0,439.9
125#875.6,555.6;887.3,497.8;845.8,495.2;806.4,508.9;793.0,562.6;814.2,617.3;825.9,502.5;812.9,421.8;812.9,421.7;812.1,375.9;887.2,434.4;880.6,443.4;846.9,418.0;775.4,425.5;744.5,439.1;754.8,432.6
126#873.0,546.3;886.6,489.0;849.0,495.4;810.0,510.0;804.5,567.8;815.1,630.1;828.7,502.9;817.0,422.5;817.0,425.1;817.3,375.7;900.7,430.1;885.8,444.9;850.9,419.3;778.9,425.7;742.8,429.9;750.5,425.4
127#870.3,537.0;885.8,480.1;852.2,495.6;813.5,511.1;816.0,573.1;816.0,642.9;831.5,503.4;821.2,423.3;821.2,428.4;822.5,375.5;914.2,425.9;891.0,446.5;854.8,420.7;782.4,425.9;741.1,420.7;746.3,418.1
128#811.5,618.4;816.7,534.6;856.0,495.3;816.7,508.4;801.0,573.9;814.1,639.3;835.1,503.1;822.0,421.9;822.0,429.8;823.3,378.7;921.5,421.9;892.7,427.2;856.0,421.9;787.9,421.9;748.6,421.9;746.0,398.4
129#820.7,619.0;820.7,536.1;862.2,490.1;818.4,499.3;790.8,566.1;825.3,619.0;841.5,494.7;827.6,427.9;827.6,430.2;824.2,385.3;919.7,437.1;896.7,434.8;864.5,425.6;790.8,427.9;747.0,437.1;747.0,411.8
130#853.3,554.0;816.7,571.2;866.2,487.3;821.0,491.6;784.5,558.3;827.5,590.6;842.5,489.5;829.6,429.3;829.6,431.4;830.7,385.2;924.2,455.1;900.6,448.6;864.0,427.1;795.2,429.3;741.5,452.9;741.5,429.3
131#843.9,570.5;836.1,541.2;869.3,496.3;822.4,496.3;785.3,543.2;834.1,566.6;843.9,494.4;832.2,431.9;834.1,431.9;835.1,387.9;920.1,459.2;904.4,457.2;869.3,431.9;800.9,429.9;740.4,463.1;742.3,435.8
132#853.6,566.6;869.3,535.4;865.4,482.6;818.5,482.6;787.2,537.3;828.3,537.3;841.9,484.6;838.0,433.8;838.0,431.9;838.0,390.8;912.2,470.9;902.5,465.1;873.2,433.8;802.9,431.9;767.7,439.7;746.2,443.6
133#857.0,574.4;871.0,538.4;863.0,484.3;819.0,484.3;807.0,544.4;813.0,568.4;841.0,484.3;841.0,434.3;841.0,434.3;841.0,392.3;899.1,478.3;907.1,472.3;875.0,436.3;805.0,432.3;744.9,480.3;744.9,450.3
134#850.4,583.6;868.8,542.5;862.7,489.1;815.4,485.0;817.5,540.5;809.3,583.6;840.1,489.1;842.1,435.7;842.1,435.7;846.2,392.5;895.6,482.9;907.9,472.7;877.1,435.7;809.3,431.6;766.1,445.9;745.6,460.3
135#852.1,592.9;867.2,543.4;858.6,485.3;811.2,481.0;824.2,554.2;804.8,603.7;834.9,483.2;847.8,429.4;845.7,431.5;854.3,386.3;903.8,487.5;906.0,465.9;878.0,433.7;815.6,425.1;763.9,444.4;751.0,459.5
136#856.1,600.8;865.6,551.1;853.7,484.9;811.2,484.9;823.0,534.5;815.9,588.9;832.5,484.9;851.4,425.7;851.4,425.7;865.6,380.8;903.4,487.2;903.4,458.9;884.5,428.1;815.9,421.0;768.6,435.2;749.7,473.0
137#865.3,600.3;860.4,538.8;850.5,477.3;811.2,479.8;828.4,536.4;823.5,590.5;830.8,479.8;855.5,418.2;855.5,418.2;877.6,373.9;904.7,487.1;902.2,452.7;889.9,423.2;821.0,413.3;771.8,420.7;764.4,455.1
138#NULL
139#NULL
140#NULL
141#NULL
142#NULL
143#NULL