1#676.7,449.3;707.5,380.0;811.5,387.7;807.6,407.0;792.2,510.9;830.7,591.8;811.5,403.1;753.7,306.9;753.7,310.8;707.5,264.6;705.6,204.9;749.9,222.2;773.0,283.8;726.8,322.3;657.5,299.2;615.1,249.2
2#676.7,448.3;707.5,382.9;811.5,386.7;811.5,409.8;792.2,509.9;830.7,594.6;811.5,402.1;753.7,305.9;753.7,309.8;707.5,263.6;705.6,203.9;749.9,221.2;773.0,282.8;726.8,325.2;657.5,298.2;615.1,252.0
3#674.7,449.2;701.7,379.9;809.6,387.6;805.7,406.8;782.6,507.0;828.8,591.8;809.6,399.1;751.8,306.6;751.8,310.5;709.4,260.4;703.6,200.7;751.8,225.7;771.0,291.2;724.8,322.1;655.4,298.9;613.0,252.7
4#673.9,447.4;700.1,379.9;801.4,391.2;801.4,409.9;778.9,511.2;827.7,593.8;801.4,402.4;752.6,304.9;752.6,312.4;707.6,263.6;709.5,201.7;748.9,226.1;771.4,286.1;726.4,323.6;655.1,301.1;610.1,252.3
5#674.1,449.7;693.1,381.3;803.4,400.3;795.8,411.7;776.7,510.6;826.2,590.4;795.8,404.1;746.3,309.0;750.1,312.8;704.5,259.6;698.8,204.4;750.1,225.4;772.9,293.8;723.5,324.2;647.5,301.4;609.4,252.0
6#823.8,587.6;786.6,494.6;801.5,401.5;775.4,408.9;775.4,509.5;823.8,583.9;790.3,405.2;745.6,304.7;745.6,308.4;704.7,260.0;699.1,202.3;749.4,222.8;768.0,286.1;719.6,319.6;641.4,304.7;611.6,252.6
7#823.3,588.9;781.8,494.7;804.4,400.4;770.5,404.1;679.9,374.0;819.5,585.2;789.3,400.4;740.3,302.3;744.1,306.1;702.6,257.0;704.5,198.6;747.8,223.1;762.9,283.4;713.9,313.6;638.5,302.3;608.3,253.3
8#815.9,583.7;777.7,495.8;796.8,392.6;762.4,400.2;766.2,503.4;815.9,587.5;781.5,400.2;735.7,297.0;739.5,304.7;701.3,247.3;699.4,203.4;751.0,224.4;762.4,281.7;708.9,312.3;636.3,304.7;609.5,251.2
9#809.8,573.6;766.1,493.4;780.7,387.8;751.5,398.7;758.8,497.1;809.8,580.9;766.1,395.1;733.3,296.7;733.3,300.4;700.5,242.1;713.3,203.9;747.9,223.9;758.8,282.2;704.2,311.3;635.0,304.0;609.5,253.0
10#669.2,448.2;661.0,378.6;771.5,386.8;742.9,395.0;751.1,497.3;804.2,575.1;755.1,390.9;726.5,292.7;726.5,292.7;697.9,239.5;710.1,194.5;751.1,227.2;755.1,276.3;697.9,305.0;632.4,305.0;607.8,255.9
11#662.4,451.2;648.1,379.6;759.1,386.8;734.0,394.0;730.4,487.0;802.0,569.4;744.8,390.4;719.7,286.6;719.7,286.6;694.6,232.9;705.4,193.5;751.9,225.7;748.3,272.2;691.0,300.9;630.2,304.5;605.1,250.8
12#664.2,452.2;641.2,373.6;752.6,383.4;726.4,393.2;713.3,481.7;791.9,557.0;736.2,390.0;713.3,281.9;713.3,278.6;693.6,226.2;698.6,195.1;752.6,222.9;742.8,272.1;687.1,295.0;628.1,304.8;605.2,252.4
13#658.6,446.3;633.8,372.0;745.3,378.2;714.3,387.5;692.6,471.1;779.4,536.2;729.8,381.3;705.0,275.9;705.0,272.8;686.5,220.1;701.9,195.3;748.4,223.2;732.9,263.5;677.2,291.4;624.5,300.7;605.9,254.2
14#655.9,442.2;629.4,374.5;729.5,374.5;700.0,380.4;679.4,459.9;761.8,521.7;714.7,377.5;700.0,271.5;697.1,265.6;676.5,212.6;705.9,195.0;750.1,221.5;729.5,259.7;673.5,283.3;623.5,300.9;605.8,253.8
15#656.3,437.8;618.8,371.6;725.4,365.8;696.6,374.4;662.0,449.3;754.2,509.8;705.2,371.6;688.0,265.0;688.0,262.1;670.7,207.4;702.4,195.8;748.5,221.8;719.7,250.6;662.0,279.4;621.7,299.5;604.4,256.3
16#656.7,421.0;612.5,370.8;715.7,361.9;680.3,367.8;639.0,435.7;730.5,488.8;698.0,364.9;683.3,258.7;680.3,252.8;656.7,199.6;703.9,193.7;745.3,220.3;712.8,246.8;653.8,273.4;618.4,297.0;603.6,252.8
17#645.5,438.5;645.5,366.5;711.5,354.5;675.5,363.5;621.5,420.5;705.5,462.5;693.5,360.5;675.5,252.6;672.5,243.6;645.5,192.6;702.5,192.6;738.5,219.6;705.5,237.6;642.5,264.6;612.5,294.6;603.5,252.6
18#657.0,442.0;617.5,363.1;704.8,349.0;665.4,351.9;603.4,374.4;682.3,450.4;685.1,351.9;665.4,247.6;659.8,239.2;637.2,185.7;699.2,194.1;730.2,219.5;696.4,233.6;634.4,261.7;609.1,292.7;600.6,253.3
19#650.6,441.6;667.0,397.8;694.4,340.4;650.6,345.9;579.5,386.9;658.8,441.6;672.5,343.1;653.4,239.1;647.9,230.9;628.7,176.2;637.0,241.9;705.4,258.3;683.5,225.5;623.3,252.8;604.1,291.1;601.4,244.6
20#648.9,428.8;610.4,349.2;681.8,324.5;643.4,332.7;561.0,365.7;657.1,437.1;662.6,327.2;640.6,231.1;635.1,222.9;609.0,163.8;654.4,250.3;698.3,247.6;670.8,217.4;610.4,244.8;593.9,283.3;604.9,242.1
21#651.6,436.2;609.7,368.1;667.3,313.1;630.6,320.9;554.7,349.8;649.0,438.8;649.0,315.7;628.0,221.4;622.8,210.9;600.5,162.5;633.3,239.8;711.8,200.5;659.5,208.3;594.0,237.1;583.5,276.4;601.8,260.7
22#650.9,435.1;611.3,371.6;656.2,308.1;621.8,313.4;529.3,329.3;587.5,387.5;637.7,310.8;619.2,212.9;616.5,202.3;591.4,156.1;640.3,234.1;656.2,234.1;656.2,194.4;584.8,223.5;568.9,268.5;595.4,255.2
23#650.9,432.2;613.4,365.3;648.2,301.2;608.1,301.2;509.1,309.2;565.3,370.7;626.8,301.2;608.1,204.9;605.4,194.2;580.0,147.4;605.4,226.3;682.9,191.5;637.5,191.5;584.0,215.6;551.9,250.4;559.9,239.7
24#649.9,429.2;616.6,360.0;636.0,285.2;597.2,285.2;492.0,285.2;539.1,348.9;619.4,288.0;600.0,196.6;594.5,188.3;576.5,137.0;566.8,196.6;680.3,207.6;627.7,185.5;572.3,207.6;533.5,232.6;539.1,196.6
25#647.9,427.8;624.5,354.6;624.5,278.5;580.5,281.4;478.1,269.7;519.1,337.0;604.0,278.5;586.4,184.8;583.5,178.9;564.4,116.0;623.0,116.0;668.4,143.8;618.6,173.1;557.1,196.5;513.2,211.1;524.9,173.1
26#645.6,426.8;629.9,354.5;614.2,282.1;567.0,279.0;469.5,250.7;504.1,329.3;589.0,279.0;579.6,175.2;579.6,172.1;551.3,112.3;596.9,98.2;645.6,121.8;611.0,162.7;551.3,187.8;497.8,191.0;497.8,146.9
27#641.9,423.1;628.8,344.2;599.1,281.6;553.1,271.8;460.9,232.3;480.7,311.2;576.1,275.0;566.2,169.7;566.2,166.4;539.9,103.9;577.7,79.2;622.2,113.8;602.4,159.9;533.3,179.6;477.4,166.4;480.7,120.4
28#639.5,419.2;615.4,336.4;594.7,267.4;542.9,260.5;453.2,219.1;463.6,298.5;567.1,264.0;560.2,160.5;556.7,160.5;532.6,98.4;548.1,65.6;587.8,91.5;594.7,150.1;522.2,170.8;460.1,150.1;453.2,91.5
29#640.4,240.4;600.3,328.9;578.8,253.8;533.3,256.5;447.5,205.6;447.5,283.3;560.1,253.8;544.0,152.0;544.0,146.6;525.2,90.4;533.3,47.5;565.4,77.0;581.5,144.0;511.8,160.0;452.9,133.2;439.5,85.0
30#656.6,205.6;612.6,210.8;586.7,218.6;522.0,239.3;439.2,192.7;431.4,267.7;563.4,228.9;534.9,140.9;532.4,140.9;514.2,84.0;519.4,40.0;553.1,78.8;571.2,138.4;501.3,151.3;444.4,128.0;431.4,73.7
31#568.7,217.4;595.4,238.2;575.0,216.6;509.0,236.7;430.1,185.2;417.8,257.2;550.0,227.4;524.7,137.2;521.4,134.9;502.2,80.4;511.2,40.8;540.7,77.7;559.9,133.2;491.2,146.5;438.3,128.6;431.2,75.9
32#480.9,229.2;578.2,265.7;563.2,214.7;495.9,234.2;421.1,177.6;404.3,246.8;536.5,226.0;514.4,133.6;510.5,128.8;490.2,76.7;502.9,41.6;528.4,76.6;548.6,128.0;481.2,141.8;432.2,129.3;431.1,78.0
33#393.0,241.0;561.0,293.1;551.5,212.7;482.9,231.6;412.0,170.1;390.7,236.3;523.1,224.5;504.2,129.9;499.5,122.8;478.2,73.1;494.7,42.4;516.0,75.5;537.3,122.8;471.1,137.0;426.1,129.9;430.9,80.2
34#571.8,361.4;555.7,287.7;526.9,233.2;469.2,233.2;398.7,169.1;373.0,233.2;498.0,233.2;494.8,130.7;488.4,124.2;462.8,60.1;494.8,44.1;517.3,82.6;533.3,127.4;462.8,137.1;424.3,130.7;430.7,85.8
35#554.5,309.9;544.6,282.6;512.4,220.7;457.9,230.6;386.1,166.2;363.8,228.1;487.6,220.7;482.7,126.6;480.2,119.2;460.4,67.1;495.1,49.8;514.9,87.0;519.8,124.1;448.0,131.5;420.8,131.5;430.7,84.5
36#356.3,220.4;525.6,246.6;506.5,213.2;444.5,218.0;373.0,165.5;349.1,225.1;470.7,220.4;475.5,127.4;470.7,120.2;451.7,70.1;494.6,51.0;511.3,91.6;508.9,120.2;444.5,129.7;415.9,132.1;425.4,89.2
37#346.5,214.2;383.6,169.7;485.0,211.7;433.1,216.7;366.3,162.3;336.6,219.2;460.3,211.7;462.7,125.2;460.3,120.2;440.5,68.3;492.4,51.0;507.3,90.6;497.4,120.2;433.1,127.7;425.7,157.3;425.7,110.4
38#333.0,214.3;360.6,159.1;481.0,214.3;415.9,196.6;350.8,161.1;327.1,220.3;421.8,196.6;453.4,121.6;449.4,115.7;437.6,70.3;492.8,52.6;504.6,96.0;488.9,119.7;425.7,127.5;410.0,159.1;419.8,119.7
39#496.2,320.5;498.7,243.9;459.2,229.0;404.8,229.0;343.1,157.4;320.8,221.6;427.1,226.6;444.4,127.7;441.9,120.3;424.6,66.0;488.8,58.6;498.7,98.1;481.4,125.3;407.3,130.2;399.9,157.4;409.8,117.9
40#438.9,251.0;389.0,197.2;444.9,211.1;401.0,211.1;329.2,157.3;315.3,225.1;419.0,211.1;428.9,125.4;426.9,115.4;417.0,67.6;488.8,61.6;494.7,103.5;470.8,127.4;393.0,125.4;389.0,157.3;401.0,133.4
41#474.8,331.2;477.5,250.6;437.2,234.5;380.8,231.8;316.3,159.2;313.6,231.8;410.3,234.5;418.4,127.0;415.7,118.9;405.0,59.8;488.3,67.9;488.3,110.9;458.7,127.0;378.1,127.0;378.1,153.9;399.6,140.4
42#471.8,338.1;461.3,262.2;424.7,228.2;375.0,228.2;312.2,170.7;314.9,238.7;401.2,225.6;409.0,128.9;406.4,118.4;393.3,60.9;487.5,76.6;484.8,118.4;448.2,123.6;367.2,126.2;367.2,149.8;395.9,147.2
43#472.6,345.8;448.8,274.5;411.8,229.5;361.6,226.9;300.8,176.7;311.4,245.4;388.0,226.9;398.6,126.5;396.0,118.6;385.4,60.4;491.1,84.2;483.2,126.5;438.2,123.8;359.0,126.5;359.0,158.2;396.0,150.3
44#471.3,352.3;442.8,286.7;402.8,235.3;351.5,229.6;342.9,226.8;305.8,246.8;377.2,235.3;388.6,126.9;388.6,121.2;382.9,61.3;485.6,89.8;479.9,126.9;428.5,124.1;348.6,124.1;348.6,158.3;382.9,149.7
45#466.6,355.2;437.0,285.4;388.7,237.0;337.6,231.6;286.5,194.0;305.3,258.5;364.5,234.3;380.6,129.5;380.6,124.1;373.9,63.6;485.4,97.2;474.7,137.5;423.6,126.8;340.3,129.5;318.8,132.2;356.4,134.9
46#460.2,360.4;431.4,291.2;385.3,242.2;339.1,242.2;319.0,224.9;304.5,271.0;362.2,242.2;376.6,132.6;373.7,129.7;369.4,70.6;483.3,109.6;466.0,144.2;417.0,132.6;333.4,129.7;301.7,132.6;342.0,132.6
47#446.0,370.6;431.7,290.1;374.2,255.6;328.2,247.0;308.1,226.9;305.2,281.5;351.2,247.0;368.5,140.7;368.5,135.0;367.0,73.2;471.9,135.0;463.3,152.2;411.5,143.6;325.4,135.0;282.3,126.3;328.2,123.5
48#434.3,374.5;428.8,297.7;376.6,267.4;327.2,264.7;302.5,240.0;302.5,300.4;351.9,264.7;362.9,149.4;362.9,141.1;367.0,84.8;472.7,149.4;459.0,168.6;409.6,154.9;316.2,143.9;266.8,127.4;316.2,119.2
49#425.9,379.6;423.2,297.5;368.4,267.4;319.1,264.6;297.2,250.9;300.0,313.9;341.0,267.4;357.5,155.1;357.5,149.6;362.9,89.4;477.9,152.3;453.3,182.5;401.3,160.6;310.9,146.9;256.1,130.4;291.7,122.2
50#419.8,380.7;419.8,296.0;366.1,273.4;315.3,273.4;292.7,264.9;298.3,329.9;337.9,273.4;354.8,166.1;354.8,157.6;360.5,98.3;479.1,174.6;448.0,197.1;397.2,168.9;312.5,157.6;253.1,129.4;301.2,98.3
51#413.5,382.1;416.3,297.4;367.1,286.5;312.5,278.3;293.3,272.8;298.8,346.6;337.0,281.0;350.7,171.7;353.4,166.3;361.6,108.9;476.4,182.6;446.3,207.2;394.4,177.2;307.0,163.5;252.3,130.7;297.4,91.1
52#407.9,379.4;413.6,293.8;365.2,296.7;316.7,296.7;293.9,291.0;299.6,365.1;342.4,293.8;350.9,179.8;353.8,176.9;362.3,117.0;476.4,208.3;442.2,222.6;396.5,188.3;311.0,171.2;259.7,128.5;281.0,87.1
53#404.6,378.5;413.7,296.9;362.3,306.0;304.9,293.9;292.8,306.0;298.9,381.5;332.1,303.0;353.3,191.2;353.3,188.1;365.4,127.7;483.2,221.4;443.9,236.5;395.6,200.2;308.0,179.1;265.7,133.7;276.2,80.9
54#404.7,376.5;408.0,300.7;361.9,313.9;302.5,297.4;292.6,323.8;295.9,399.6;328.9,297.4;355.3,198.4;355.3,198.4;368.5,139.0;480.6,244.6;447.6,254.5;394.8,211.6;312.4,185.2;269.5,142.3;266.2,92.8
55#405.2,378.6;408.7,294.6;363.3,315.6;303.8,305.1;293.3,336.6;296.8,417.0;335.3,312.1;359.8,210.7;359.8,207.2;373.8,151.2;482.2,256.1;443.7,263.1;398.2,221.1;317.8,196.7;272.3,154.7;268.8,109.2
56#405.1,376.2;408.5,295.0;367.9,322.1;307.1,301.8;293.5,355.9;296.9,433.7;334.1,308.6;361.2,220.7;364.5,217.3;384.8,163.2;469.4,274.8;415.3,278.1;401.7,234.2;324.0,203.8;273.3,169.9;276.6,115.9
57#410.2,372.7;410.2,303.5;375.6,338.1;316.8,334.7;299.5,376.2;299.5,455.7;344.5,334.7;368.7,230.9;368.7,230.9;392.9,172.1;469.0,296.6;434.5,289.7;406.8,244.7;330.7,217.1;271.9,189.4;271.9,144.4
58#412.2,378.6;408.9,311.0;378.4,348.2;321.0,338.0;304.1,388.7;297.4,473.2;348.0,344.8;378.4,243.4;378.4,240.0;398.7,182.6;412.2,368.4;429.1,307.6;415.6,256.9;337.9,226.5;273.7,209.6;273.7,162.3
59#416.4,379.3;412.9,333.7;384.8,358.2;332.1,351.2;307.6,414.4;300.5,491.6;356.7,354.7;384.8,252.9;384.8,249.4;405.8,193.3;483.0,333.7;448.0,319.6;423.4,270.5;346.2,238.9;279.5,231.9;276.0,182.8
60#429.6,372.8;410.2,359.8;390.8,366.3;339.0,366.3;316.4,434.2;300.2,505.4;368.1,363.1;394.0,262.8;394.0,259.6;416.7,201.3;484.6,353.3;452.2,330.7;432.8,279.0;355.2,246.6;284.1,246.6;271.1,201.3
61#318.3,486.4;424.6,380.2;404.0,373.3;352.6,369.9;325.2,441.9;297.7,517.3;380.0,369.9;400.6,270.5;404.0,267.1;424.6,208.8;486.3,373.3;462.3,342.5;441.7,287.6;359.4,256.8;287.4,260.2;277.2,215.7
62#485.8,470.5;457.6,406.9;408.1,378.7;362.2,378.7;330.5,456.4;298.7,527.0;387.0,378.7;408.1,276.3;408.1,272.8;432.9,212.7;482.3,385.8;468.2,343.4;447.0,286.9;365.8,265.7;295.1,272.8;277.5,230.4
63#446.6,420.3;467.7,392.2;418.5,385.2;369.3,388.7;334.1,459.0;306.0,532.8;393.9,388.7;411.5,279.7;415.0,272.7;436.1,216.4;485.3,395.7;478.3,350.0;453.6,290.3;369.3,269.2;299.0,283.2;277.9,248.1
64#442.5,440.2;442.5,375.4;422.1,389.0;381.2,392.4;336.8,464.0;313.0,539.1;401.6,392.4;415.3,283.3;418.7,276.5;432.3,218.5;483.5,402.7;486.9,354.9;456.2,290.1;377.8,276.5;306.1,293.5;278.9,259.4
65#449.9,444.1;440.3,380.2;430.7,393.0;382.8,399.4;341.2,463.3;318.9,543.2;408.3,396.2;421.1,287.5;421.1,284.3;432.3,222.0;488.2,380.2;491.4,357.8;462.7,293.9;379.6,281.2;306.1,303.5;277.3,268.4
66#443.0,466.9;443.0,378.4;439.7,398.0;397.1,401.3;344.7,460.3;325.0,545.5;416.8,401.3;423.4,289.9;423.4,286.6;431.5,226.0;472.5,378.4;505.3,352.2;469.2,293.2;380.7,286.6;311.9,312.8;279.2,283.3
67#443.2,483.4;436.8,422.6;449.6,406.6;401.6,403.4;347.2,457.8;331.2,547.3;427.2,403.4;427.2,294.6;427.2,288.2;432.0,225.8;475.2,361.8;516.8,345.8;468.8,294.6;382.4,291.4;321.6,323.4;280.0,294.6
68#444.0,488.0;431.3,424.3;456.7,411.6;412.2,408.4;348.5,453.0;332.6,545.3;431.3,408.4;428.1,297.0;428.1,293.8;436.0,231.7;498.1,325.6;523.6,338.4;472.7,297.0;383.5,293.8;323.0,332.0;281.6,306.5
69#442.2,499.2;407.4,429.6;461.2,410.6;416.9,410.6;347.3,451.7;337.8,540.3;435.9,410.6;429.5,299.8;429.5,293.5;434.3,231.8;518.1,334.6;533.9,328.3;473.8,299.8;382.1,299.8;328.3,341.0;284.0,318.8
70#449.4,513.3;419.4,447.5;458.3,414.5;419.4,411.5;344.6,447.5;341.6,534.3;443.4,411.5;431.4,300.7;431.4,294.8;432.9,239.4;440.4,327.7;542.2,321.7;476.3,297.8;386.5,303.7;332.6,348.7;284.7,330.7
71#446.6,526.6;414.9,457.5;466.7,414.3;426.4,411.4;340.0,443.1;342.9,529.5;443.7,414.3;432.2,301.9;432.2,296.2;427.9,245.8;547.4,296.2;541.6,307.7;478.3,296.2;386.1,307.7;337.1,356.7;282.4,345.1
72#441.1,533.2;410.2,457.2;466.5,420.6;421.4,414.9;337.0,437.5;339.8,521.9;444.0,417.8;432.7,305.2;432.7,296.7;431.3,247.5;510.1,253.1;542.5,296.7;480.5,296.7;387.7,310.8;339.8,361.5;289.2,355.8
73#441.1,542.8;417.9,461.7;467.2,424.0;426.6,418.2;333.9,429.8;339.7,513.9;446.9,421.1;432.4,308.1;432.4,302.3;431.0,245.8;512.1,245.8;539.7,282.0;475.9,296.5;386.0,316.8;342.6,366.0;275.9,368.9
74#445.3,556.5;419.5,472.6;464.7,427.5;419.5,421.0;332.5,417.8;335.7,501.6;442.1,424.3;432.4,308.2;432.4,304.9;429.2,243.7;530.8,238.8;538.8,269.5;474.4,298.5;387.3,321.1;342.1,369.4;284.1,379.1
75#446.3,566.6;422.8,485.9;463.1,432.1;416.0,425.3;328.6,411.9;335.3,489.2;439.6,428.7;432.9,311.0;432.9,307.6;429.5,243.7;528.7,228.6;530.4,267.3;473.2,297.5;389.1,324.4;345.4,374.9;288.2,388.3
76#446.5,577.3;430.3,488.6;462.6,432.1;414.2,424.1;333.6,399.9;333.6,480.5;442.4,428.1;430.3,315.2;430.3,311.2;430.3,250.7;527.1,194.3;519.0,254.8;474.7,299.1;390.0,327.3;341.6,379.7;285.2,399.9
77#440.7,590.6;436.6,500.5;461.2,435.0;412.0,426.8;354.7,402.2;330.1,467.7;436.6,430.9;432.5,316.2;432.5,312.1;428.4,254.8;530.8,189.2;514.4,246.6;473.5,295.7;387.5,332.6;338.3,377.6;285.1,410.4
78#444.7,602.5;440.6,508.7;456.9,439.4;408.0,427.1;334.6,394.5;330.5,459.7;436.5,435.3;432.4,317.0;432.4,317.0;428.4,255.8;530.3,194.7;505.8,247.7;477.3,300.7;387.6,329.2;334.6,378.2;285.6,410.8
79#447.7,604.8;451.5,523.8;455.4,431.1;405.2,427.3;335.7,388.7;331.9,454.3;432.2,431.1;428.4,319.2;428.4,319.2;428.4,257.5;534.5,205.4;509.4,249.7;474.7,296.1;382.1,330.8;331.9,373.2;281.7,404.1
80#451.8,607.9;451.8,519.8;451.8,431.6;398.9,428.1;339.0,385.8;328.4,449.3;423.6,431.6;427.1,325.9;427.1,322.3;423.6,255.4;531.1,232.4;518.8,251.8;469.4,308.2;377.8,336.4;324.9,378.8;279.1,403.4
81#452.5,612.9;452.5,524.5;445.4,439.6;395.9,429.0;335.8,376.0;325.2,446.7;420.7,436.1;424.2,323.0;424.2,326.5;420.7,259.3;535.5,239.9;519.6,266.4;470.1,305.3;374.7,337.1;325.2,376.0;282.8,390.1
82#461.9,621.5;450.1,531.5;446.2,437.7;395.4,429.9;332.8,386.9;321.1,449.4;422.8,437.7;422.8,324.3;422.8,328.2;418.9,261.7;538.1,224.6;528.3,277.4;473.6,312.6;375.9,336.0;321.1,367.3;289.8,379.1
83#465.3,620.7;453.2,532.2;445.2,447.8;396.9,435.7;324.5,379.4;320.5,459.8;421.1,439.7;425.1,327.1;421.1,327.1;417.0,262.8;541.7,230.6;529.6,286.9;473.3,315.1;376.8,339.2;316.5,371.4;292.4,367.3
84#470.2,618.5;455.1,532.2;443.9,449.7;391.4,445.9;312.6,389.6;320.1,468.4;417.6,449.7;421.4,333.4;421.4,333.4;413.9,269.6;539.6,252.7;533.9,299.6;470.2,322.1;376.4,337.1;305.1,359.6;301.3,352.1
85#468.1,620.6;457.6,536.8;440.2,460.1;391.3,449.6;304.1,400.7;314.5,484.5;415.7,449.6;422.7,334.4;419.2,330.9;419.2,271.6;537.9,257.6;534.4,313.5;471.6,327.4;373.9,341.4;300.6,358.8;297.1,341.4
86#472.7,621.9;455.5,539.4;438.3,460.3;386.7,456.9;300.8,412.2;318.0,498.1;414.2,456.9;421.1,340.0;421.1,340.0;419.4,276.4;536.2,283.3;534.5,326.2;469.2,336.6;376.4,340.0;300.8,350.3;304.2,336.6
87#471.2,628.4;454.8,543.1;438.4,464.3;385.9,454.5;300.6,421.7;317.0,507.0;412.2,461.0;422.0,346.2;422.0,342.9;426.9,282.2;531.9,288.8;533.6,339.6;468.0,342.9;376.1,342.9;297.3,342.9;320.3,300.2
88#467.6,631.1;454.0,545.7;440.3,470.6;385.7,460.4;303.8,436.5;317.4,521.8;413.0,467.2;423.3,347.7;419.8,351.1;425.0,284.5;535.9,299.9;532.5,351.1;471.1,347.7;375.5,347.7;300.4,330.6;336.2,284.5
89#463.1,635.6;446.0,549.9;439.1,474.5;394.6,467.6;305.5,450.5;315.7,536.2;418.6,471.0;428.9,351.1;428.9,351.1;425.4,289.4;535.1,313.4;531.7,364.8;473.4,351.1;380.9,347.6;308.9,320.2;341.4,280.8
90#459.4,643.6;447.0,552.7;442.9,482.4;393.3,482.4;310.6,465.8;318.8,552.7;422.2,482.4;426.3,354.2;430.5,354.2;430.5,292.2;533.8,329.4;529.7,374.9;476.0,354.2;385.0,350.0;318.8,308.7;351.9,263.2
91#459.0,644.5;441.9,558.7;446.2,490.1;399.0,481.5;313.2,477.2;317.5,567.3;424.7,485.8;433.3,357.1;433.3,352.9;437.6,292.8;531.9,340.0;531.9,382.9;480.5,361.4;390.4,348.6;338.9,301.4;360.4,254.2
92#454.7,640.4;441.2,559.7;451.3,485.7;397.5,475.6;316.8,492.4;320.1,576.5;424.4,482.3;437.9,357.9;437.9,361.3;441.2,297.4;532.0,351.2;532.0,391.5;484.9,361.3;397.5,351.2;353.8,297.4;358.8,285.6
93#454.4,638.3;428.5,556.2;454.4,482.7;406.8,478.3;324.7,504.3;320.4,590.8;432.8,482.7;445.8,361.6;445.8,357.3;450.1,296.7;532.2,365.9;536.6,400.5;484.7,365.9;406.8,348.6;372.2,292.4;367.9,236.2
94#447.1,631.3;421.6,550.7;455.6,482.7;417.4,478.5;332.4,516.7;319.7,601.6;434.4,482.7;451.3,359.6;451.3,359.6;455.6,295.9;540.5,376.6;532.0,410.5;493.8,368.1;413.1,351.1;383.4,291.6;374.9,232.2
95#446.4,625.1;414.0,548.2;462.6,483.3;418.1,479.3;341.1,523.8;320.9,608.9;438.3,483.3;458.6,361.8;458.6,357.8;462.6,297.0;535.5,386.1;527.4,418.5;499.1,369.9;418.1,349.7;385.7,293.0;385.7,232.2
96#440.6,615.1;410.9,540.7;470.3,485.0;429.4,481.3;355.1,533.3;321.7,615.1;448.0,481.3;470.3,358.6;466.6,358.6;474.0,299.1;533.5,392.1;529.8,421.8;511.2,373.5;425.7,347.5;392.3,299.1;388.6,239.7
97#437.4,604.5;408.2,531.5;477.5,491.4;441.0,484.1;368.0,538.8;320.6,615.4;459.3,487.7;477.5,363.7;477.5,360.0;484.8,298.0;532.2,396.5;528.6,433.0;517.6,378.3;433.7,352.7;393.6,309.0;389.9,254.2
98#433.6,592.5;412.7,516.1;482.2,491.7;447.5,484.8;374.5,547.3;325.9,620.3;461.4,491.7;485.7,366.7;482.2,363.2;492.7,300.6;537.8,401.4;537.8,439.6;527.4,377.1;444.0,356.2;395.4,321.5;388.4,265.9
99#432.0,582.2;412.4,507.0;484.2,490.7;451.6,484.2;373.2,549.5;330.7,624.6;467.9,487.4;487.5,369.9;487.5,366.6;500.5,304.6;503.8,418.9;536.5,445.0;529.9,379.7;445.0,360.1;396.0,327.4;387.9,286.6
100#432.3,569.2;425.8,514.4;490.3,498.3;451.6,495.1;374.2,549.9;345.2,624.0;471.0,495.1;493.6,372.5;490.3,369.3;503.2,308.0;512.9,424.1;532.2,456.4;532.2,382.2;451.6,362.8;396.8,333.8;390.4,288.7
101#411.1,568.6;430.6,519.8;498.9,500.3;459.9,500.3;372.1,542.6;362.4,623.8;479.4,500.3;495.6,376.8;495.6,373.6;505.4,311.8;531.4,454.8;541.1,464.6;534.6,386.6;456.6,367.1;401.4,344.3;388.4,298.8
102#435.0,556.9;448.4,526.7;505.5,506.6;465.2,506.6;371.1,540.2;374.5,624.1;488.7,506.6;498.8,382.3;498.8,378.9;505.5,318.4;518.9,446.1;549.2,442.7;535.7,392.3;461.8,375.5;401.4,352.0;391.3,305.0
103#435.7,574.8;412.3,447.9;509.1,511.4;472.4,514.7;372.2,534.7;388.9,614.9;489.1,514.7;502.4,387.8;502.4,384.4;509.1,324.3;522.5,441.2;552.5,461.3;539.2,394.5;465.7,381.1;405.6,364.4;388.9,314.3
104#437.9,568.4;437.9,441.9;515.7,510.0;480.1,519.7;369.8,529.5;399.0,607.3;493.0,516.5;506.0,393.2;506.0,390.0;509.3,328.3;522.2,441.9;551.4,461.3;541.7,399.7;467.1,386.7;408.7,373.7;389.2,325.1
105#406.4,584.7;452.6,442.9;520.5,516.9;489.6,520.0;369.4,526.2;412.5,603.3;502.0,516.9;505.1,399.7;505.1,393.5;508.1,331.9;520.5,436.7;554.4,464.5;545.1,402.8;468.0,393.5;409.5,381.2;387.9,334.9
106#449.9,529.9;415.4,535.6;524.7,524.1;487.3,529.9;372.3,521.3;421.2,593.1;504.6,524.1;504.6,403.4;504.6,397.6;510.3,337.3;518.9,435.0;553.4,452.3;544.8,406.3;470.1,397.6;412.6,391.9;389.6,343.0
107#458.6,521.3;475.7,521.3;527.2,521.3;487.2,527.0;378.5,518.4;430.0,592.8;504.4,524.2;504.4,409.7;504.4,401.1;507.2,341.0;518.7,438.3;541.5,444.0;544.4,409.7;470.0,401.1;412.8,398.3;389.9,352.5
108#461.4,529.3;474.9,515.7;526.2,523.8;491.1,526.5;383.0,518.4;431.6,588.7;504.6,526.5;504.6,410.3;504.6,402.2;507.3,345.4;515.4,437.3;547.9,445.5;545.1,410.3;469.5,407.6;412.7,404.9;391.1,361.7
109#469.8,582.7;475.3,525.3;535.5,536.2;491.7,536.2;390.5,522.5;431.5,590.9;513.6,536.2;508.1,413.1;508.1,404.9;508.1,344.7;527.3,443.2;551.9,451.4;549.2,413.1;472.6,410.3;415.1,410.3;390.5,369.3
110#477.1,568.5;485.2,514.7;538.9,536.2;495.9,533.5;401.8,525.5;436.8,603.4;517.4,536.2;512.0,412.6;512.0,404.5;509.3,345.4;530.8,444.9;563.1,452.9;552.3,409.9;474.4,412.6;418.0,415.3;393.8,377.7
111#488.2,566.2;476.9,526.6;533.4,529.4;493.8,532.2;411.9,535.1;437.3,617.0;513.6,532.2;513.6,413.5;513.6,405.1;512.2,341.5;536.2,453.1;575.8,461.6;556.0,410.7;476.9,410.7;423.2,419.2;394.9,385.3
112#494.5,572.9;497.0,523.6;538.5,531.4;494.5,534.0;419.2,541.7;434.8,624.7;520.4,531.4;515.2,412.1;515.2,401.7;511.3,345.9;548.9,453.6;585.2,453.6;559.3,409.5;476.3,412.1;424.4,425.0;393.3,393.9
113#496.3,581.3;503.9,523.6;539.0,533.6;496.3,528.6;426.1,543.7;431.1,624.0;518.9,531.1;516.4,410.7;513.9,400.6;515.2,341.6;546.5,448.3;591.7,445.8;559.1,405.6;476.3,413.2;428.6,433.3;395.9,403.1
114#510.2,567.0;507.8,524.5;540.2,524.5;497.8,524.5;432.8,544.5;427.8,624.5;520.2,524.5;517.8,407.0;517.8,397.0;514.0,343.2;540.2,437.0;570.2,434.5;560.2,402.0;477.8,409.5;427.8,439.5;395.2,409.5
115#498.8,577.5;511.3,507.5;548.8,517.5;503.8,517.5;431.2,542.5;423.7,622.6;523.8,520.0;518.8,402.4;516.3,394.9;510.0,346.1;538.8,437.4;568.8,434.9;556.3,397.4;476.3,409.9;426.2,442.4;393.7,417.4
116#492.7,585.6;485.2,515.8;552.5,518.3;507.6,515.8;430.4,538.3;422.9,618.0;530.1,515.8;515.1,401.2;512.6,391.2;508.9,342.6;537.6,433.6;567.5,433.6;557.5,393.7;475.2,408.7;425.4,446.1;393.0,423.6
117#500.5,588.4;490.4,515.3;548.5,517.8;505.6,515.3;429.9,530.4;419.8,613.7;525.8,515.3;513.2,401.7;510.6,391.6;504.3,339.9;535.9,429.5;563.6,432.0;553.5,391.6;472.8,409.3;424.8,447.1;392.0,432.0
118#494.5,596.2;491.9,512.5;549.4,512.5;507.6,515.1;426.4,520.3;421.2,606.7;528.5,515.1;512.8,400.0;510.2,392.1;503.6,335.8;545.5,335.8;583.5,358.1;554.7,389.5;470.9,410.4;423.8,452.3;392.4,436.6
119#506.8,602.1;483.2,516.8;550.9,510.9;512.7,507.9;427.3,510.9;421.5,596.2;530.3,507.9;509.7,396.2;509.7,393.2;500.9,331.5;552.4,318.2;580.3,343.2;553.8,387.3;468.5,410.9;421.5,455.0;395.0,443.2
120#509.8,608.1;490.7,519.0;541.6,509.4;506.6,506.2;427.0,499.9;423.8,585.8;525.7,509.4;506.6,394.8;506.6,391.6;500.2,327.9;552.8,304.1;579.8,331.1;551.2,382.1;465.2,410.7;423.8,458.5;392.0,448.9
121#507.7,607.4;487.5,530.1;541.3,509.9;500.9,503.2;430.3,486.4;427.0,567.1;521.1,506.6;500.9,395.7;500.9,388.9;497.6,328.4;517.7,429.3;554.7,432.6;541.3,382.2;460.6,409.1;420.3,462.9;393.4,456.2
122#510.1,615.3;490.4,536.4;539.6,506.9;493.6,500.3;427.9,474.0;427.9,556.1;516.6,503.6;496.9,395.2;496.9,385.3;493.6,326.2;547.8,301.6;575.8,326.2;539.6,378.8;454.2,408.3;421.4,467.5;395.1,460.9
123#508.1,622.2;495.3,545.2;533.8,503.4;482.4,497.0;424.7,474.5;431.1,535.5;508.1,497.0;492.1,391.0;492.1,384.6;485.7,323.6;551.5,315.6;572.4,326.8;533.8,378.2;450.3,403.9;418.2,468.1;389.3,468.1
124#510.5,624.1;496.9,556.1;530.9,488.0;483.3,488.0;432.3,447.2;496.9,634.3;507.1,488.0;486.7,382.5;486.7,382.5;476.5,321.3;542.9,299.2;582.0,331.5;534.3,368.9;445.9,403.0;415.3,467.6;391.4,471.0
125#493.4,638.7;500.3,555.8;528.0,486.6;469.2,486.6;431.2,472.8;438.1,521.2;496.8,490.1;483.0,382.9;483.0,379.5;469.2,317.2;541.8,303.4;579.8,334.5;531.4,365.6;438.1,400.2;413.9,462.4;389.7,476.3
126#497.3,637.1;500.6,561.3;513.7,488.9;464.4,482.3;441.3,488.9;434.7,528.4;490.7,485.6;474.2,380.2;470.9,373.6;464.4,311.1;538.4,306.1;579.6,344.0;523.6,363.8;431.4,393.4;408.4,456.0;388.6,485.6
127#498.2,649.4;498.2,570.5;508.1,481.7;458.8,478.4;442.3,494.9;429.2,521.2;485.1,481.7;468.6,376.5;468.6,370.0;460.4,305.9;539.3,312.4;573.8,350.2;514.7,360.1;422.6,389.7;406.2,448.9;389.8,488.3
128#498.3,647.9;498.3,568.8;501.7,479.3;457.0,479.3;422.5,506.8;429.4,537.8;477.6,479.3;463.8,372.6;463.8,365.7;455.2,302.1;543.0,327.9;567.1,362.3;512.0,358.8;419.1,382.9;401.9,444.9;388.1,489.6
129#496.1,651.5;496.1,564.7;496.1,481.6;452.7,478.0;438.3,503.3;431.0,550.3;474.4,478.0;460.0,369.5;460.0,365.9;447.3,302.6;555.8,295.4;564.8,373.1;507.0,358.7;416.6,380.3;398.5,441.8;387.7,485.2
130#500.7,649.9;497.2,563.9;493.8,478.0;442.2,471.1;428.5,488.3;418.2,536.4;469.7,474.6;456.0,364.6;456.0,364.6;447.4,304.4;550.5,311.3;559.1,381.7;507.5,350.8;411.3,374.9;394.1,436.7;390.7,484.9
131#499.5,646.0;499.5,556.4;486.2,473.4;436.4,470.0;423.1,483.3;426.4,543.1;462.9,473.4;456.3,363.8;453.0,357.1;448.0,309.0;554.2,309.0;559.2,387.0;506.1,353.8;409.8,373.7;383.3,436.8;396.5,460.1
132#502.5,644.0;499.2,553.2;479.0,469.0;431.9,469.0;445.3,482.5;428.5,546.4;455.4,469.0;452.0,361.4;452.0,358.0;453.7,302.5;553.0,358.0;546.3,391.6;499.2,351.3;408.3,371.5;371.3,428.7;404.9,442.1
133#501.4,639.5;501.4,551.8;470.0,467.2;426.2,464.0;445.0,489.1;426.2,551.8;451.2,467.2;448.1,360.6;448.1,348.1;446.5,299.6;466.9,404.5;492.0,392.0;492.0,354.4;404.2,363.8;360.4,417.0;398.0,423.3
134#504.2,627.3;504.2,540.2;466.8,465.4;420.1,465.4;441.9,484.1;426.3,552.6;441.9,465.4;445.0,356.5;445.0,350.3;449.7,292.7;466.8,397.0;488.6,397.0;491.7,353.4;401.4,362.7;351.6,406.3;392.1,400.1
135#504.5,618.3;510.8,533.7;463.8,464.7;416.8,464.7;448.1,489.8;426.2,561.9;438.7,464.7;441.8,358.1;441.8,348.7;446.5,284.5;470.0,389.5;492.0,389.5;485.7,351.8;398.0,361.3;344.7,392.6;379.1,386.3
136#505.5,609.0;514.8,519.4;456.1,463.7;412.8,466.8;449.9,497.7;425.2,571.9;434.5,466.8;440.6,355.6;440.6,349.4;442.2,283.0;533.3,386.5;527.2,401.9;487.0,352.5;400.5,355.6;335.6,377.2;378.8,371.0
137#506.6,599.0;518.8,513.5;451.7,461.6;408.9,464.7;448.6,498.2;424.2,583.7;433.4,461.6;439.5,351.7;439.5,345.6;447.1,286.1;540.2,400.5;528.0,403.6;482.2,351.7;396.7,348.7;332.6,363.9;360.1,354.8
138#507.0,590.6;528.5,510.7;451.7,464.6;408.7,464.6;448.6,501.5;424.0,587.5;427.1,464.6;439.4,351.0;436.3,344.8;444.0,288.0;550.0,427.8;522.3,403.2;482.4,351.0;393.3,344.8;328.8,344.8;377.9,314.1
139#508.9,580.8;535.1,502.2;453.2,462.9;410.6,466.1;446.6,515.3;423.7,597.2;427.0,462.9;436.8,348.2;436.8,345.0;438.4,281.1;541.6,426.8;522.0,407.2;482.7,351.5;394.2,341.7;328.7,328.6;377.9,289.3
140#509.4,569.8;542.5,487.1;453.1,463.9;406.8,470.5;449.8,516.9;423.3,602.9;429.9,467.2;436.5,344.7;436.5,344.7;434.9,280.2;545.8,440.7;519.3,407.6;479.6,351.3;393.5,338.1;330.6,311.6;368.7,280.2
141#516.6,557.3;549.7,472.8;457.8,469.1;410.0,472.8;446.8,516.9;424.7,608.8;432.1,469.1;432.1,344.0;432.1,340.4;432.1,277.8;524.0,425.0;516.6,406.6;479.9,347.7;391.6,336.7;336.4,296.2;373.2,252.1
142#518.2,544.1;554.3,463.8;462.0,467.8;409.8,471.8;437.9,528.1;421.8,620.4;433.9,471.8;433.9,343.3;433.9,339.3;429.9,275.1;510.2,411.6;514.2,403.6;478.0,351.4;393.7,335.3;345.5,283.1;369.6,230.9
143#518.6,531.9;555.7,453.5;469.1,470.0;411.3,478.2;431.9,536.0;423.7,630.9;440.2,474.1;431.9,342.1;431.9,338.0;427.8,276.1;510.3,404.0;514.4,399.9;477.3,346.2;390.7,333.9;353.6,280.2;361.8,222.5
144#525.7,516.8;548.1,440.7;463.1,467.6;413.9,476.5;427.3,543.6;422.8,642.1;440.7,472.0;431.8,337.8;431.8,342.3;427.3,275.1;516.8,400.4;516.8,400.4;476.5,346.7;387.0,333.3;360.2,275.1;360.2,212.5
145#521.8,504.5;546.7,429.7;467.8,463.0;409.6,475.4;422.1,546.1;422.1,649.9;438.7,467.1;434.5,338.4;434.5,342.5;430.4,276.0;517.6,409.0;517.6,392.4;480.2,346.7;388.8,334.2;359.8,271.9;355.6,209.6
146#532.7,489.4;540.8,424.6;471.9,457.0;407.1,469.1;419.3,554.2;423.3,659.5;439.5,465.1;435.5,335.5;435.5,343.6;435.5,274.7;536.7,477.2;528.6,392.2;480.0,347.6;390.9,327.4;354.5,274.7;356.5,216.0
147#473.3,662.2;537.8,411.7;465.7,449.7;408.8,461.0;412.6,555.9;416.4,654.6;439.2,457.2;435.4,335.8;435.4,339.6;442.9,275.1;507.5,392.7;534.0,381.3;480.9,343.4;393.6,324.4;340.5,275.1;350.0,223.9
148#517.5,486.6;539.4,407.8;456.2,447.2;408.1,460.3;408.1,556.6;412.4,652.9;429.9,455.9;438.7,333.4;434.3,337.7;447.5,272.1;517.5,372.8;539.4,377.1;482.5,342.1;390.5,324.6;333.6,285.2;351.2,232.7
149#475.0,653.8;526.6,404.6;457.8,447.6;410.6,456.2;406.3,559.3;410.6,653.8;432.0,451.9;436.3,335.9;432.0,340.2;449.2,271.4;591.0,357.4;535.2,357.4;479.3,340.2;393.4,327.3;333.2,292.9;350.4,241.3
150#508.0,487.6;499.9,422.5;455.2,451.0;406.4,463.2;402.3,556.7;402.3,654.3;430.8,455.1;434.8,333.1;434.8,333.1;447.0,272.1;560.9,341.2;528.4,349.3;479.6,345.3;394.2,324.9;333.2,300.5;349.4,251.7
151#504.3,490.5;512.5,420.4;454.8,449.3;405.4,461.6;401.3,560.5;401.3,647.0;426.0,457.5;438.4,333.9;434.3,338.0;450.7,268.0;524.9,338.0;520.8,342.2;479.6,346.3;393.1,325.7;335.4,309.2;347.7,263.9
152#480.6,667.7;460.7,568.2;456.8,448.8;405.0,456.8;393.1,556.3;397.1,647.8;428.9,452.8;436.9,337.4;436.9,337.4;448.8,265.8;428.9,381.2;460.7,381.2;480.6,341.4;397.1,329.5;337.4,321.5;349.3,265.8
153#477.8,663.0;450.3,564.9;458.2,451.2;407.2,459.0;387.6,553.1;391.5,639.4;430.7,455.1;438.6,333.5;434.6,333.5;450.3,266.8;430.7,384.5;477.8,368.8;477.8,337.4;395.4,329.6;336.6,329.6;348.4,278.6
154#511.3,516.9;530.2,445.0;458.3,452.5;401.5,463.9;382.5,547.2;386.3,634.3;428.0,456.3;435.6,331.3;435.6,331.3;452.6,261.3;435.6,380.6;465.8,365.4;477.2,335.1;393.9,331.3;337.1,338.9;348.4,289.7
155#501.9,541.3;528.1,458.9;457.0,447.7;408.4,451.4;374.7,537.5;378.4,627.3;434.6,451.4;438.3,331.7;438.3,331.7;445.8,264.3;434.6,361.6;460.8,361.6;479.5,331.7;393.4,328.0;341.0,346.7;348.5,294.3
156#499.0,558.1;523.9,472.9;460.0,448.0;410.2,455.1;364.0,529.7;371.1,618.5;435.1,451.5;435.1,330.7;435.1,330.7;440.4,265.0;447.5,257.9;481.3,277.5;477.7,330.7;392.5,330.7;342.7,352.1;349.8,302.3
157#497.0,562.3;517.9,478.5;462.1,454.1;402.8,457.6;357.4,516.9;357.4,607.7;430.7,454.1;434.2,328.5;430.7,325.0;434.2,258.6;442.9,246.4;469.1,269.1;472.6,328.5;388.8,328.5;346.9,359.9;350.4,311.0
158#494.3,567.9;511.0,480.6;460.7,450.4;407.0,457.1;346.5,504.1;346.5,594.8;433.8,457.1;430.5,326.2;430.5,319.5;427.1,259.0;433.8,356.4;460.7,262.4;470.8,322.8;386.8,329.5;349.9,363.1;353.2,316.1
159#493.8,576.8;504.5,481.0;461.9,449.0;405.1,449.0;341.2,491.6;337.7,580.3;433.5,449.0;426.4,321.3;422.9,317.7;422.9,257.4;440.6,367.4;469.0,374.5;465.5,321.3;383.8,328.4;351.9,371.0;351.9,324.8
160#494.6,581.5;501.4,490.1;457.4,446.1;403.2,446.1;328.8,479.9;328.8,564.5;430.3,446.1;416.8,320.8;416.8,317.5;416.8,253.1;430.3,347.9;440.5,253.1;457.4,317.5;376.2,327.6;352.5,375.0;349.1,331.0
161#497.0,592.1;490.0,490.4;454.9,444.8;402.3,448.3;318.1,465.9;321.6,550.0;430.4,448.3;412.8,322.0;409.3,311.5;409.3,248.4;402.3,188.7;430.4,241.4;451.4,315.0;370.7,329.0;349.7,378.2;353.2,332.6
162#493.9,600.9;483.8,506.9;453.6,443.1;399.9,443.1;309.2,453.2;312.6,537.1;426.8,443.1;403.2,318.9;403.2,312.2;399.9,248.4;426.8,345.7;457.0,355.8;443.5,312.2;363.0,329.0;342.8,379.3;356.2,345.7
163#492.1,604.8;474.3,512.2;452.9,433.9;403.1,433.9;307.0,437.4;307.0,519.3;428.0,433.9;399.5,319.9;399.5,312.8;388.9,248.7;404.9,218.5;424.5,245.2;438.7,309.3;356.8,327.1;335.4,380.5;346.1,348.4
164#492.7,607.5;468.7,518.2;448.1,428.9;403.5,428.9;297.0,418.6;303.9,504.5;424.1,428.9;389.7,319.0;386.3,312.2;379.4,250.4;406.9,343.1;441.2,349.9;427.5,312.2;348.5,329.3;321.0,377.4;331.3,349.9
165#494.5,605.9;466.3,521.3;441.7,426.2;399.4,429.7;290.2,401.5;297.2,486.1;420.5,426.2;378.2,317.0;378.2,309.9;371.2,250.0;394.1,216.6;420.5,246.5;417.0,306.4;339.5,334.6;293.7,376.9;286.6,362.8
166#498.8,605.0;470.6,520.4;434.3,423.7;386.0,423.7;289.4,391.5;297.4,472.1;410.2,423.7;373.9,319.0;369.9,315.0;361.8,250.5;390.0,210.3;422.3,254.6;414.2,302.9;329.6,335.1;285.3,367.3;273.2,363.3
167#503.0,606.7;470.8,513.7;427.9,431.4;370.6,431.4;288.3,381.3;291.9,463.6;399.3,431.4;363.5,316.9;367.1,316.9;352.7,252.5;390.3,225.6;420.7,263.2;406.4,306.1;320.5,331.2;274.0,370.6;281.2,367.0
168#496.5,590.0;468.3,506.1;422.2,434.8;363.5,434.8;287.9,379.0;288.0,456.5;393.2,434.8;357.5,319.3;359.6,317.4;345.6,255.2;388.3,231.9;415.6,267.1;399.8,308.7;315.2,331.9;266.4,358.4;278.1,343.6
169#490.1,573.2;465.8,498.4;416.5,438.3;356.4,438.3;287.4,376.7;284.2,449.4;387.1,438.3;351.6,321.8;352.1,317.9;338.6,258.0;386.4,238.2;410.4,270.9;393.1,311.3;309.9,332.7;258.9,346.1;275.1,320.3
170#483.6,556.5;463.2,490.8;410.9,441.8;349.2,441.8;287.0,374.3;280.3,442.2;381.0,441.8;345.6,324.2;344.5,318.5;331.5,260.8;384.4,244.6;405.2,274.8;386.5,313.9;304.5,333.4;251.3,333.9;272.0,296.9
171#477.1,539.8;460.7,483.1;405.2,445.2;342.1,445.2;286.6,372.0;276.5,435.1;374.9,445.2;339.6,326.6;337.0,319.0;324.4,263.5;382.4,250.9;400.1,278.7;379.9,316.5;299.2,334.2;243.7,321.6;268.9,273.6
172#464.2,548.3;452.6,464.7;400.8,453.2;340.3,453.2;279.8,372.5;271.1,438.8;366.2,453.2;334.5,326.4;334.5,323.5;320.1,265.9;377.7,254.4;395.0,283.2;372.0,317.8;294.2,337.9;245.2,314.9;262.5,257.3
173#454.2,534.5;442.7,450.9;393.7,450.9;333.1,453.8;275.5,378.8;266.8,442.2;364.9,450.9;327.4,329.8;327.4,326.9;321.6,266.4;379.3,263.5;382.2,295.2;367.7,318.3;292.8,335.6;246.7,303.9;249.5,249.1
174#444.7,520.2;436.2,443.8;382.5,452.3;325.9,452.3;275.0,384.4;263.7,455.1;351.4,452.3;331.6,325.1;328.8,327.9;317.4,268.5;379.7,271.3;385.3,285.5;368.4,319.4;286.3,333.5;249.6,293.9;243.9,245.9
175#435.5,506.3;438.3,433.9;382.7,450.6;318.7,450.6;271.4,389.4;260.3,461.8;349.3,450.6;327.0,331.0;327.0,331.0;318.7,269.8;385.5,275.4;382.7,289.3;366.0,322.7;285.3,331.0;249.2,294.9;243.6,247.6
176#428.8,497.9;421.0,427.8;379.5,451.2;317.1,456.4;267.8,396.6;260.0,466.8;348.3,456.4;324.9,331.7;324.9,329.1;322.3,269.3;379.5,282.3;379.5,295.3;366.5,326.5;285.9,331.7;244.4,300.5;241.8,248.6
177#419.5,490.4;414.5,417.7;376.9,462.8;316.7,452.8;269.1,400.1;259.0,475.3;339.3,452.8;326.7,334.9;326.7,329.9;324.2,272.2;391.9,287.2;409.5,319.8;366.9,329.9;284.1,332.4;239.0,309.8;241.5,254.6
178#411.7,483.1;406.9,419.5;365.3,436.6;314.0,448.8;270.0,404.9;260.3,480.6;331.1,402.4;326.2,334.0;323.8,329.1;326.2,272.9;377.5,292.5;370.2,353.6;355.5,334.0;284.7,334.0;235.8,314.5;238.3,265.6
179#402.5,476.8;392.9,411.9;373.7,445.6;320.8,457.6;270.3,407.1;258.3,486.5;342.4,448.0;323.2,335.0;323.2,327.8;330.4,272.5;344.8,371.0;373.7,361.4;361.7,335.0;284.7,332.6;236.6,320.6;239.1,272.5
180#295.2,479.1;391.8,449.1;378.9,446.9;316.6,449.1;271.6,416.9;256.5,498.4;351.0,449.1;323.1,333.2;325.2,322.4;333.8,273.1;396.1,307.4;374.6,358.9;361.7,331.0;284.4,331.0;237.2,326.7;239.4,279.5
181#292.8,478.7;324.6,407.8;380.8,446.9;312.3,454.2;270.8,420.0;253.6,505.6;351.5,446.9;327.0,332.0;329.4,322.2;334.3,268.4;395.5,322.2;402.8,349.1;366.1,327.1;287.9,332.0;236.5,332.0;239.0,288.0
182#338.5,488.2;318.3,427.8;381.3,442.9;315.8,447.9;270.4,430.3;250.3,513.4;348.5,447.9;325.9,329.5;328.4,321.9;341.0,266.5;398.9,327.0;396.4,359.7;366.2,329.5;285.5,329.5;237.7,337.1;240.2,291.7
183#350.2,487.4;317.3,431.8;385.6,441.9;324.9,444.4;274.4,436.8;251.6,520.2;357.8,441.9;327.4,330.7;330.0,323.1;341.3,263.7;403.2,363.5;395.7,366.1;367.9,328.2;287.0,328.2;236.4,340.8;241.5,300.4
184#349.4,488.2;315.1,431.8;383.7,439.2;324.9,441.6;273.5,441.6;251.4,527.4;354.3,441.6;334.7,326.5;334.7,316.7;343.3,264.1;354.3,353.5;398.4,373.1;373.9,326.5;290.6,324.1;239.2,343.7;239.2,306.9
185#353.2,492.8;317.4,441.7;386.4,436.6;327.6,439.1;276.5,444.3;253.5,533.7;358.3,439.1;337.8,324.1;340.4,313.9;346.8,264.0;404.3,349.7;404.3,377.8;381.3,324.1;294.4,324.1;240.7,349.7;240.7,316.4
186#361.0,494.1;331.5,425.1;390.6,432.5;336.4,432.5;277.3,444.8;255.1,531.1;363.5,432.5;343.8,321.7;343.8,309.4;347.5,266.3;370.9,368.5;410.3,385.7;385.7,321.7;299.5,321.7;242.8,356.2;240.3,326.6
187#357.2,514.1;342.1,438.3;387.6,428.2;332.0,428.2;273.8,445.9;253.6,529.3;359.8,428.2;344.6,317.0;344.6,306.9;348.4,262.7;410.3,387.8;402.7,365.0;387.6,317.0;301.6,319.5;243.5,357.4;241.0,332.2
188#357.2,524.0;349.5,442.2;392.9,426.9;344.4,421.8;270.3,442.2;257.5,529.1;367.4,426.9;346.9,317.0;346.9,301.7;350.8,262.1;377.6,355.4;413.4,370.7;390.4,314.5;303.5,317.0;247.3,360.5;242.2,342.6
189#355.4,530.2;350.1,453.5;387.1,421.7;344.8,419.1;270.7,437.6;262.7,524.9;366.0,419.1;347.4,315.8;347.4,305.3;354.1,259.0;379.2,355.5;418.9,368.8;392.4,315.8;305.1,318.5;249.5,366.1;244.2,345.0
190#353.6,535.3;345.5,456.6;397.0,429.5;348.2,424.1;272.2,432.2;266.8,524.4;369.9,429.5;350.9,315.5;348.2,307.4;349.6,257.2;372.6,356.2;421.4,361.7;394.3,312.8;304.8,321.0;253.2,372.5;245.1,350.8
191#351.1,544.6;339.6,463.7;397.4,431.9;348.2,426.1;273.1,426.1;270.2,515.7;371.4,429.0;348.2,319.1;348.2,310.5;349.7,251.2;374.3,350.9;403.2,353.8;391.6,313.3;304.9,322.0;255.7,374.1;244.2,356.7
192#351.7,556.4;342.7,471.9;397.0,429.6;348.7,429.6;273.2,417.5;279.3,505.1;372.9,429.6;351.7,317.9;348.7,308.8;353.2,246.9;369.8,354.1;394.0,360.2;394.0,314.9;306.4,323.9;261.1,381.3;240.0,372.3
193#352.3,565.7;342.8,483.7;396.4,433.2;349.1,433.2;276.6,411.1;286.0,496.3;371.2,433.2;352.3,319.6;349.1,313.3;353.9,248.7;371.2,357.5;396.4,360.6;393.3,313.3;308.1,325.9;264.0,385.9;235.6,382.7
194#353.1,574.7;349.9,492.8;397.2,432.9;343.6,426.6;280.6,407.7;293.2,486.5;368.9,429.7;349.9,322.5;349.9,313.1;351.5,248.5;378.3,363.5;460.3,325.7;394.1,316.2;305.8,328.8;268.0,391.9;236.5,395.0
195#352.8,584.9;355.8,491.1;401.2,427.5;346.7,427.5;283.2,409.4;304.4,479.0;370.9,427.5;349.8,321.7;349.8,318.6;354.3,256.6;377.0,367.0;395.1,358.0;395.1,315.6;307.4,330.7;271.1,394.3;243.9,400.3
196#354.6,593.8;367.8,508.1;394.2,432.3;341.4,432.3;285.4,399.3;311.8,471.9;367.8,432.3;351.3,323.5;351.3,316.9;353.0,249.3;450.2,267.5;460.1,303.7;394.2,313.6;308.5,330.1;278.8,399.3;245.8,409.2
197#356.8,602.9;373.9,510.7;391.0,432.2;336.4,428.8;322.7,425.4;329.5,469.8;363.7,432.2;353.4,323.0;353.4,316.1;355.1,249.5;443.9,249.5;455.9,295.6;394.4,312.7;309.1,329.8;281.7,387.8;244.2,422.0
198#359.5,609.2;373.5,514.1;387.6,436.6;338.3,426.1;331.3,422.5;370.0,510.6;363.0,429.6;352.4,320.4;352.4,316.9;355.9,250.0;445.7,244.7;454.5,292.3;394.7,313.4;306.6,331.0;282.0,394.4;246.8,429.6
199#363.1,612.6;377.1,528.8;387.6,438.1;335.2,427.7;335.2,424.2;359.7,525.3;363.1,434.7;352.7,319.5;352.7,316.0;350.9,251.5;441.6,251.5;457.3,298.6;398.0,305.6;307.3,330.0;286.4,385.8;251.5,434.7
200#363.5,614.3;384.4,537.9;387.8,437.2;335.7,426.7;363.5,471.9;363.5,534.4;360.0,430.2;353.1,319.1;353.1,315.6;354.8,251.4;439.9,256.6;457.3,305.2;398.2,305.2;308.0,329.5;287.1,388.5;259.3,433.7
201#370.9,617.5;388.5,533.1;388.5,438.1;339.2,427.6;328.7,420.5;363.8,547.2;363.8,431.1;353.3,318.5;353.3,315.0;348.0,249.9;437.7,272.8;455.3,318.5;399.0,308.0;311.1,329.1;286.4,392.4;254.8,438.1
202#376.3,622.2;389.7,527.8;389.7,433.5;342.6,430.1;319.0,423.4;366.2,561.5;366.2,430.1;356.1,322.3;356.1,318.9;357.7,253.2;440.3,285.3;457.1,332.4;403.2,315.6;312.3,329.1;281.9,389.7;265.1,430.1
203#383.3,620.5;396.4,528.7;383.3,437.0;344.0,433.8;376.7,460.0;366.9,564.8;366.9,433.8;360.4,319.1;357.1,319.1;362.0,258.5;439.0,296.2;455.3,342.1;402.9,315.8;311.2,329.0;281.8,384.6;278.5,417.4
204#391.8,618.8;404.7,528.7;378.9,441.8;340.3,438.6;382.1,467.5;372.5,544.8;362.8,438.6;362.8,322.7;362.8,319.5;364.4,256.7;436.9,309.8;453.0,351.7;407.9,316.3;314.5,329.1;275.9,383.9;298.5,400.0
205#399.7,609.1;422.3,521.7;383.5,447.3;338.2,447.3;393.2,479.7;373.8,544.4;360.9,447.3;364.1,327.5;364.1,317.8;368.9,254.7;438.5,321.1;454.7,353.4;409.4,321.1;318.8,327.5;276.7,376.1;296.1,379.3
206#410.1,608.2;435.4,516.4;381.6,453.1;340.4,453.1;400.6,484.7;372.1,551.2;362.6,453.1;368.9,329.6;368.9,320.1;373.7,264.7;438.6,332.8;451.2,367.6;416.4,326.4;318.3,332.8;277.1,370.8;289.8,370.8
207#422.9,596.3;448.3,513.6;381.5,453.1;343.3,453.1;397.4,484.9;372.0,561.3;362.4,453.1;372.0,332.2;372.0,322.7;376.7,263.8;442.0,344.9;448.3,373.6;416.5,332.2;324.2,332.2;279.7,360.9;305.1,351.3
208#434.7,589.0;460.6,511.5;383.0,456.5;344.2,456.5;392.7,485.6;370.1,576.1;366.8,456.5;373.3,333.7;373.3,327.2;381.4,261.0;444.4,356.3;444.4,382.2;415.3,333.7;328.1,330.4;273.1,349.8;315.1,343.4
209#443.4,581.4;467.5,499.0;385.0,454.3;343.8,454.3;391.9,495.5;367.8,584.9;364.4,454.3;371.3,334.1;371.3,330.6;379.9,270.5;443.4,371.9;446.9,389.0;415.9,337.5;330.1,330.6;275.1,334.1;326.6,306.6
210#451.6,572.1;476.8,496.5;390.4,456.8;347.2,460.4;386.8,503.7;368.8,597.3;365.2,460.4;376.0,338.0;376.0,334.4;385.0,264.2;437.2,388.4;448.0,399.2;419.2,341.6;336.4,330.8;282.4,320.0;332.8,291.2
211#462.0,560.0;481.0,483.9;397.3,461.1;347.9,464.9;385.9,518.1;366.9,609.5;370.7,464.9;378.3,339.3;378.3,335.5;385.9,267.0;443.0,396.4;439.2,411.6;420.1,346.9;336.4,331.7;287.0,301.3;336.4,267.0
212#469.5,547.0;488.3,475.4;401.7,460.4;352.8,467.9;379.1,520.6;364.1,614.8;375.4,464.1;375.4,336.1;379.1,339.9;381.0,266.5;405.5,400.1;435.6,400.1;420.5,343.6;337.7,328.6;300.0,283.4;343.3,258.9
213#474.2,532.7;487.6,461.1;407.1,456.7;357.9,465.6;371.3,528.2;362.3,631.2;380.2,465.6;380.2,331.4;380.2,331.4;384.7,268.7;416.0,380.6;442.9,398.5;420.5,340.3;340.0,326.9;313.1,268.7;348.9,228.4
214#483.2,523.6;493.0,449.6;409.1,459.5;359.7,464.4;369.6,538.5;364.7,637.2;384.4,464.4;384.4,331.1;384.4,331.1;389.3,266.9;428.8,420.0;453.5,400.2;423.9,341.0;344.9,326.1;325.2,266.9;354.8,217.5
215#478.5,500.8;478.5,440.1;417.9,455.3;362.2,460.4;367.3,546.3;362.2,647.5;392.6,460.4;387.5,323.8;387.5,328.9;387.5,263.2;488.7,485.6;468.4,419.9;428.0,339.0;347.1,308.7;331.9,263.2;352.1,217.6
216#487.0,496.6;467.6,428.7;414.3,448.1;365.8,462.6;365.8,549.9;361.0,651.6;390.0,457.8;390.0,327.0;390.0,331.8;394.9,259.1;487.0,486.9;462.7,399.6;433.7,336.6;351.3,312.4;336.7,254.3;356.1,205.8
217#489.5,489.3;451.3,422.5;413.2,451.2;365.4,455.9;365.4,556.1;360.7,651.6;394.1,451.2;394.1,327.1;394.1,331.9;403.6,260.3;484.7,479.8;475.2,403.5;441.8,336.7;351.1,312.8;341.6,260.3;365.4,212.6
218#488.6,487.2;452.7,424.3;421.2,437.8;367.3,451.3;367.3,559.2;358.3,649.0;398.8,442.3;398.8,325.5;398.8,325.5;416.7,262.5;484.2,478.3;470.7,406.3;443.7,334.4;353.8,316.5;340.3,267.0;367.3,222.1
219#449.5,653.4;453.9,425.4;422.6,438.8;377.9,452.2;369.0,559.5;364.5,653.4;400.3,447.7;404.8,322.6;404.8,322.6;418.2,260.0;431.6,371.7;471.8,389.6;445.0,336.0;360.1,318.1;337.7,277.9;369.0,228.7
220#460.9,641.5;456.9,433.7;433.0,445.7;381.0,457.7;369.0,557.6;365.0,649.5;405.0,445.7;409.0,325.9;405.0,325.9;429.0,261.9;448.9,353.8;480.9,369.8;452.9,337.8;365.0,317.9;337.1,285.9;367.0,243.9
221#478.0,658.4;462.4,561.1;435.2,452.1;380.7,452.1;369.0,557.2;369.0,646.8;411.8,452.1;411.8,327.6;411.8,327.6;431.3,261.4;478.0,347.0;493.6,362.6;454.7,335.4;372.9,315.9;337.9,292.5;367.1,255.6
222#490.4,664.1;464.0,558.3;437.6,452.6;384.7,467.7;373.3,558.3;369.6,645.2;411.1,460.1;414.9,324.1;414.9,327.9;435.7,261.8;501.8,339.3;486.7,350.6;460.2,335.5;377.1,320.4;339.3,301.5;367.7,261.8
223#506.0,661.2;457.9,553.8;443.1,453.9;391.2,453.9;376.4,550.1;372.7,642.7;417.1,453.9;420.9,327.9;420.9,327.9;441.2,259.4;494.9,346.5;491.2,342.8;461.6,339.1;383.8,313.1;343.1,305.7;374.6,266.8
224#460.3,525.6;452.8,544.3;445.3,450.7;396.7,461.9;374.2,544.3;374.2,638.0;419.1,450.7;426.6,327.1;426.6,330.8;443.5,261.5;415.4,379.5;452.8,379.5;467.8,338.3;385.4,319.6;344.2,315.8;362.9,274.6
225#528.6,655.6;459.7,554.1;448.8,456.1;398.1,456.1;376.3,546.8;379.9,633.9;427.1,456.1;434.3,329.2;430.7,332.8;439.8,265.7;408.9,343.7;448.8,343.7;474.2,336.5;394.4,318.3;347.3,321.9;361.8,282.1
226#538.3,649.6;454.4,554.2;454.4,451.2;401.0,458.9;370.5,546.6;381.9,630.5;431.5,455.1;435.4,329.2;435.4,333.0;446.8,264.3;431.5,375.0;473.5,279.6;477.3,333.0;397.2,325.4;347.6,329.2;366.7,291.0
227#542.6,649.4;456.7,559.4;456.7,453.1;407.6,457.2;370.8,543.1;383.1,624.9;432.1,453.1;436.2,330.4;436.2,330.4;448.5,269.1;468.9,248.6;485.3,289.5;477.1,330.4;399.4,326.3;350.3,334.5;366.7,297.7
228#539.4,640.6;431.1,558.4;461.0,453.8;416.1,457.6;367.6,547.2;386.2,622.0;434.8,457.6;442.3,330.5;442.3,330.5;449.8,267.0;472.2,240.9;487.1,285.7;483.4,338.0;401.2,326.8;348.9,345.5;363.8,311.8
229#441.6,526.3;426.6,511.3;464.1,451.4;419.1,458.9;362.9,537.6;392.9,616.2;441.6,458.9;445.3,331.5;445.3,331.5;452.8,267.8;479.1,237.9;490.3,282.8;482.8,335.3;404.1,331.5;348.0,350.3;366.7,316.5
230#445.6,547.3;413.7,479.8;463.4,458.5;417.2,462.1;360.4,533.1;392.4,611.3;442.1,458.5;445.6,334.2;445.6,330.6;452.8,270.2;475.8,240.0;495.4,280.9;484.7,337.7;406.6,334.2;353.3,359.0;367.5,323.5
231#441.3,546.8;395.7,494.2;462.3,462.7;423.8,462.7;357.1,529.3;392.2,606.4;444.8,462.7;448.3,336.5;448.3,333.0;455.3,269.9;485.1,243.6;500.9,283.9;486.9,336.5;409.7,336.5;353.6,364.5;367.7,329.5
232#455.1,554.7;400.3,480.5;464.8,464.4;426.1,464.4;348.7,525.6;384.1,599.8;448.6,464.4;448.6,335.4;448.6,332.2;455.1,270.9;488.9,262.8;506.7,287.0;487.3,338.6;406.7,338.6;355.1,370.9;361.6,341.8
233#450.6,561.4;394.6,488.8;467.1,465.7;430.8,465.7;345.1,518.5;381.4,594.3;447.3,465.7;447.3,337.0;447.3,333.7;453.9,274.4;488.6,262.8;513.3,294.1;486.9,340.3;407.8,340.3;358.3,376.6;358.3,350.2
234#454.2,562.6;396.0,494.6;464.0,465.5;434.8,465.5;337.7,510.8;376.5,588.5;451.0,465.5;447.8,342.4;447.8,336.0;451.0,277.7;488.2,263.1;512.5,290.6;486.6,339.2;405.7,345.7;357.1,384.5;357.1,361.9
235#452.2,569.2;379.5,487.0;468.0,468.0;439.6,468.0;335.2,499.6;373.1,578.7;452.2,468.0;445.9,344.7;445.9,338.4;445.9,278.3;488.6,267.2;521.8,303.6;487.0,341.5;404.8,347.9;357.3,392.1;357.3,370.0
236#454.3,576.6;377.6,484.6;469.6,475.4;435.9,475.4;334.6,487.6;368.4,567.4;454.3,475.4;448.1,343.4;445.1,337.3;442.0,279.0;491.1,279.0;524.9,312.7;488.0,334.2;405.2,349.6;359.2,401.7;356.1,377.2
237#456.9,587.5;387.1,501.0;469.9,477.2;435.3,476.3;334.2,477.9;367.0,557.2;454.1,476.3;445.3,346.3;443.3,338.6;439.4,280.1;490.8,286.6;526.3,320.3;486.8,336.5;402.7,353.3;362.8,408.5;357.0,384.7
238#459.5,598.5;396.7,517.5;470.2,479.0;434.8,477.1;333.9,468.2;365.7,546.9;453.9,477.1;442.6,349.3;441.6,339.8;436.8,281.3;490.4,294.3;527.8,327.9;485.7,338.8;400.3,356.9;366.3,415.3;357.8,392.3
239#462.1,609.4;406.2,533.9;470.5,480.8;434.2,478.0;333.5,458.5;364.3,536.7;453.7,478.0;439.8,352.2;439.8,341.1;434.2,282.4;490.1,301.9;529.2,335.5;484.5,341.1;397.8,360.6;369.9,422.1;358.7,399.8
240#462.8,617.0;412.6,540.7;469.6,480.6;432.4,477.5;332.3,452.7;363.4,532.0;452.5,477.5;438.5,352.4;437.3,343.8;429.5,282.8;480.3,330.6;530.0,343.6;481.3,342.6;395.2,361.5;374.2,424.9;362.0,410.1
241#463.5,624.7;418.9,547.6;468.7,480.3;430.6,477.1;331.0,447.0;362.5,527.3;451.3,477.1;437.2,352.5;434.9,346.5;424.7,283.3;470.5,359.4;530.7,351.7;478.1,344.1;392.5,362.4;378.5,427.8;365.4,420.3
242#464.2,632.3;425.3,554.4;467.8,480.1;428.8,476.6;329.8,441.2;361.6,522.6;450.1,476.6;435.9,352.7;432.4,349.2;420.0,283.7;460.7,388.1;531.5,359.8;474.9,345.6;389.9,363.3;382.8,430.6;368.7,430.6
243#469.2,640.7;430.3,552.3;469.2,474.5;437.4,478.0;327.7,435.6;363.1,520.5;455.1,478.0;433.8,354.2;430.3,350.7;417.9,288.8;462.1,393.1;529.3,368.4;472.8,340.1;391.4,364.8;384.3,432.0;391.4,421.4
244#468.9,647.0;436.1,563.0;472.6,479.1;428.8,471.8;322.9,438.9;355.8,526.5;447.0,475.4;432.4,354.9;432.4,351.3;416.0,287.4;494.5,354.9;531.0,373.2;476.2,340.3;388.6,365.9;381.3,428.0;410.5,417.0
245#469.8,652.3;444.7,562.7;473.4,473.1;426.8,469.6;319.3,451.6;355.1,534.1;451.9,473.1;434.0,354.9;430.4,347.7;417.8,292.1;491.3,354.9;534.3,369.2;477.0,344.1;391.0,362.0;380.2,430.1;401.7,440.9
246#464.2,661.3;457.1,572.7;474.9,480.5;425.2,476.9;318.8,469.8;350.7,551.4;453.6,476.9;432.3,352.8;428.8,345.7;412.8,294.2;489.1,352.8;538.7,367.0;474.9,342.1;389.8,359.9;372.0,427.2;393.3,406.0
247#462.2,664.3;462.2,575.9;472.8,480.5;419.8,480.5;317.2,484.0;349.1,568.9;448.0,480.5;433.9,353.2;430.4,346.2;410.9,294.9;494.0,353.2;540.0,360.3;479.9,342.6;388.0,360.3;363.2,423.9;380.9,402.7
248#460.8,666.3;460.8,575.2;474.8,480.6;425.8,480.6;320.7,501.6;352.2,585.7;450.3,480.6;429.3,354.5;429.3,347.5;410.0,296.7;481.8,344.0;534.4,354.5;474.8,344.0;383.7,365.0;355.7,424.6;338.2,435.1
249#463.7,668.0;460.3,581.3;474.1,480.8;429.1,480.8;321.6,515.4;352.8,598.6;446.4,484.2;429.1,356.0;429.1,349.0;416.9,298.8;488.0,331.7;533.1,345.6;474.1,345.6;384.0,366.4;356.3,418.4;342.4,439.2
250#464.0,670.7;460.5,580.4;474.4,490.2;429.3,486.7;325.1,521.4;352.9,611.7;450.1,490.2;429.3,358.2;429.3,354.7;417.1,297.4;523.0,330.4;530.0,340.8;470.9,344.3;391.1,365.1;352.9,399.9;377.2,392.9
251#468.6,676.8;458.4,581.3;475.4,489.2;431.1,489.2;328.8,533.5;356.1,622.2;451.6,489.2;431.1,359.6;431.1,359.6;419.2,299.9;507.8,306.8;530.0,332.3;472.0,346.0;390.2,369.8;359.5,380.1;397.0,356.2
252#478.2,677.5;461.0,584.5;478.2,488.2;426.6,488.2;333.7,543.2;354.3,632.7;450.7,488.2;436.9,360.8;436.9,360.8;424.9,297.2;514.4,304.1;533.3,319.5;478.2,350.5;402.5,367.7;364.7,364.3;402.5,333.3
253#485.8,678.6;461.2,587.6;478.8,486.1;429.8,486.1;342.2,552.6;356.2,643.6;454.2,486.1;443.8,360.1;443.8,360.1;433.2,297.1;512.0,284.9;527.8,307.6;485.8,353.1;405.2,363.6;377.2,353.1;412.2,307.6
254#492.5,679.5;469.4,587.1;480.9,490.9;434.8,487.1;350.1,564.0;354.0,660.2;454.0,490.9;450.2,360.1;450.2,360.1;438.6,294.7;506.0,262.0;523.3,298.5;488.6,352.4;411.7,364.0;384.8,340.9;419.4,294.7
255#501.7,678.6;473.5,589.8;481.5,488.9;433.1,488.9;360.4,573.7;356.4,666.5;457.3,488.9;453.3,363.7;453.3,363.7;445.2,295.1;503.7,252.7;513.8,299.1;493.6,359.7;416.9,363.7;400.8,331.4;429.1,283.0
256#510.1,681.6;475.6,589.7;483.2,490.0;433.4,490.0;379.8,582.0;356.8,670.1;460.2,490.0;460.2,363.6;460.2,367.4;456.4,298.4;504.3,258.2;506.2,306.1;494.7,363.6;425.7,359.7;414.3,329.1;443.0,265.8
257#522.0,678.7;482.4,591.6;486.3,496.5;434.9,492.6;387.3,587.6;351.7,674.7;462.6,492.6;466.5,365.9;466.5,365.9;462.6,298.6;508.1,257.0;518.0,306.5;502.2,365.9;430.9,365.9;411.1,338.2;442.8,298.6
258#533.7,675.6;484.4,592.2;488.2,493.6;442.7,489.8;393.4,592.2;351.7,683.2;465.4,489.8;473.0,368.5;473.0,361.0;469.2,296.5;505.2,260.5;522.3,304.1;507.1,364.7;431.3,368.5;412.4,353.4;442.7,307.9
259#549.8,667.8;487.3,594.3;494.6,502.4;450.5,495.0;391.7,590.6;369.6,678.8;468.9,498.7;476.2,373.7;476.2,366.4;472.6,292.8;511.2,280.0;527.7,314.9;513.0,370.0;435.8,373.7;413.8,370.0;439.5,322.3
260#561.0,664.3;491.5,594.8;502.4,503.3;454.8,503.3;385.3,583.8;385.3,682.6;476.8,503.3;480.5,378.9;480.5,367.9;476.8,302.0;507.9,289.2;528.1,320.3;520.7,375.2;443.9,382.5;421.9,378.9;443.9,334.9
261#573.7,659.2;492.4,595.6;510.1,514.4;460.6,510.8;382.9,585.0;393.5,676.9;481.8,514.4;485.4,383.6;481.8,366.0;480.1,290.0;508.3,297.1;524.2,330.6;524.2,380.1;443.0,387.2;428.8,383.6;446.5,348.3
262#584.6,658.0;496.8,599.4;515.1,515.3;467.5,515.3;383.4,584.8;409.0,668.9;489.5,515.3;485.8,390.9;485.8,376.3;476.7,301.3;505.9,301.3;526.1,339.7;526.1,387.3;452.9,394.6;431.0,401.9;445.6,358.0
263#593.6,667.3;501.2,604.4;516.0,523.1;471.7,519.4;386.7,574.9;423.6,659.9;497.5,519.4;490.2,397.5;490.2,386.4;479.1,319.9;504.9,319.9;530.8,360.5;530.8,393.8;449.5,401.2;434.7,404.9;449.5,367.9
264#602.6,676.3;514.0,605.4;521.0,527.5;475.0,527.5;389.9,570.0;439.5,648.0;499.8,527.5;496.2,399.8;492.7,389.2;482.0,328.9;489.1,417.6;517.5,424.6;531.7,396.3;457.2,403.4;436.0,421.1;443.1,378.6
265#611.8,681.9;540.2,617.1;526.6,531.8;478.8,531.8;386.8,562.5;451.6,634.1;506.1,531.8;492.5,405.7;492.5,392.0;480.5,328.9;492.5,439.8;526.6,432.9;533.4,398.8;455.0,409.1;434.5,429.5;448.1,385.2
266#621.0,691.5;558.1,622.0;538.2,535.8;485.2,535.8;389.2,559.0;462.0,622.0;511.7,535.8;491.8,406.7;491.8,393.4;486.9,335.4;505.1,443.1;534.9,456.3;531.6,400.0;455.4,413.3;432.2,443.1;452.1,396.7
267#622.3,699.2;572.7,626.3;542.8,533.6;493.2,533.6;390.5,556.8;476.6,613.1;519.7,533.6;493.2,411.0;489.8,404.4;484.9,346.4;473.3,404.4;546.2,457.4;529.6,404.4;453.4,414.3;436.8,454.1;450.1,401.1
268#623.6,705.6;578.4,629.1;543.6,535.2;494.9,545.6;401.0,549.1;488.0,604.8;519.3,542.1;491.4,413.4;491.4,410.0;479.3,349.1;557.5,507.4;557.5,465.6;529.7,406.5;453.2,420.4;442.7,462.1;449.7,406.5
269#624.8,709.2;583.8,630.6;549.6,535.0;501.8,548.6;443.7,541.8;495.0,596.4;525.7,545.2;488.1,415.4;488.1,412.0;483.0,355.6;505.2,463.2;542.8,459.8;525.7,408.6;447.1,422.2;443.7,470.0;471.1,453.0
270#620.6,709.1;583.9,629.2;557.3,539.3;504.0,552.6;417.4,545.9;500.7,602.6;530.7,549.3;487.4,422.7;484.0,416.1;482.4,364.5;507.4,459.4;544.0,462.7;527.3,412.7;447.4,426.1;444.1,482.7;470.7,459.4
271#620.0,706.5;585.3,624.4;563.2,539.1;512.6,548.6;440.0,554.9;503.2,611.7;534.7,545.4;487.4,425.4;484.2,415.9;473.2,370.1;509.5,460.1;547.4,463.3;525.3,415.9;446.3,434.9;449.5,488.6;471.6,463.3
272#616.7,703.1;587.9,620.1;565.6,540.2;517.6,546.6;431.3,565.7;508.0,626.5;540.0,546.6;485.7,428.3;485.7,425.2;474.5,366.0;514.4,460.3;556.0,469.9;524.0,418.8;444.1,441.1;450.5,498.6;472.9,473.1
273#612.6,697.6;591.3,612.5;567.0,539.5;518.3,551.7;439.2,576.0;509.2,649.0;542.6,542.5;487.9,430.0;484.9,420.9;471.2,370.7;521.4,472.6;557.8,472.6;524.4,417.9;448.4,442.2;448.4,503.0;469.7,475.6
274#610.8,693.3;598.9,604.0;569.2,535.6;518.6,550.4;450.1,589.1;512.6,663.6;542.4,547.5;488.8,431.4;485.8,419.5;472.4,370.4;527.5,470.1;557.3,470.1;527.5,416.5;447.1,443.3;450.1,508.8;462.0,482.0
275#605.3,681.4;605.3,595.7;563.9,533.6;516.6,548.4;460.4,595.7;519.6,681.4;540.3,542.4;490.0,433.0;487.0,421.2;476.7,369.5;531.4,474.4;561.0,474.4;531.4,418.3;448.6,444.9;448.6,509.9;460.4,492.2
276#601.8,672.7;614.0,590.4;562.1,535.4;516.4,550.7;467.6,605.6;519.4,691.0;540.8,541.5;492.0,434.8;492.0,422.6;487.4,369.2;531.6,471.4;562.1,480.5;534.7,422.6;452.3,447.0;443.2,511.0;458.4,486.6
277#602.7,658.6;618.8,577.9;560.7,539.1;512.2,552.0;470.2,610.2;518.7,700.6;534.8,545.6;492.8,435.7;492.8,426.1;491.2,363.1;538.1,471.3;563.9,474.5;534.8,426.1;450.9,445.4;437.9,510.0;460.5,493.9
278#603.7,643.0;626.5,574.4;561.3,541.8;509.0,551.6;473.1,616.9;515.6,708.2;535.2,548.3;499.3,437.4;499.3,427.6;494.4,367.2;541.7,476.5;584.1,466.7;538.4,427.6;453.6,447.1;437.2,505.9;473.1,492.8
279#604.7,634.4;638.4,560.3;561.0,543.5;510.5,553.6;480.2,627.6;517.2,718.5;534.0,553.6;503.8,439.2;503.8,425.7;495.3,363.5;557.6,459.4;601.4,466.1;554.2,429.1;456.6,449.3;426.4,499.8;460.0,493.0
280#606.3,623.2;649.6,546.6;563.0,546.6;509.7,556.6;483.0,639.9;516.3,723.2;536.3,556.6;506.3,436.6;506.3,426.7;501.3,368.3;566.3,453.3;603.0,460.0;553.0,430.0;459.7,446.6;419.7,490.0;459.7,483.3
281#608.1,609.5;647.8,540.1;561.7,546.7;508.8,556.6;492.3,649.2;518.7,735.3;535.3,553.3;512.1,434.2;508.8,424.3;507.1,369.7;578.3,440.8;611.4,454.0;558.4,427.6;462.5,444.1;419.5,483.8;436.0,470.6
282#612.7,587.0;648.1,519.7;556.0,544.5;506.4,558.6;499.3,654.3;513.5,739.3;531.2,555.1;513.5,438.2;513.5,427.5;515.3,358.5;460.3,540.9;616.2,448.8;563.1,431.1;467.4,441.7;410.7,477.1;421.4,459.4
283#607.8,585.3;573.2,647.5;562.8,543.8;511.0,557.6;507.5,654.4;514.4,744.3;535.2,550.7;517.9,433.2;517.9,426.3;516.2,362.3;597.4,422.8;621.6,443.5;566.3,429.7;473.0,433.2;407.3,467.7;414.2,440.1
284#612.1,575.3;643.9,508.2;559.1,543.5;509.6,557.6;513.2,660.1;506.1,752.0;530.8,550.6;523.8,430.4;520.2,423.4;529.1,358.0;601.5,395.1;626.2,437.5;569.7,426.9;474.3,430.4;407.2,458.7;410.7,416.3
285#607.3,570.9;638.5,501.7;558.8,539.8;506.9,553.6;513.8,661.0;506.9,747.5;534.6,550.2;527.7,429.0;527.7,422.0;532.9,358.0;607.3,401.3;631.5,442.8;576.1,425.5;479.2,429.0;406.5,446.3;409.9,397.8
286#604.5,573.0;612.0,509.7;556.1,539.5;503.9,550.7;511.3,655.1;515.0,748.3;533.7,546.9;530.0,427.6;530.0,420.2;533.7,356.8;608.3,416.4;634.4,450.0;574.7,423.9;485.2,423.9;410.7,435.1;403.2,386.6
287#597.1,575.9;608.2,512.9;560.1,538.9;508.3,553.7;508.3,653.7;523.1,746.2;530.5,546.3;534.2,427.8;530.5,424.1;534.2,357.4;597.1,424.1;626.8,453.7;574.9,427.8;489.7,424.1;412.0,431.5;397.2,383.3
288#601.9,581.8;601.9,514.6;560.9,540.7;512.3,555.7;508.6,649.0;531.0,738.6;534.7,548.2;534.7,428.8;534.7,425.0;534.7,357.9;605.6,574.3;628.0,466.1;579.5,425.0;493.7,425.0;415.3,428.8;396.6,387.7
289#629.4,720.5;600.1,519.0;563.5,541.0;515.8,555.7;512.2,643.6;534.1,735.2;537.8,552.0;537.8,431.1;537.8,427.4;545.1,361.5;603.8,588.6;622.1,475.1;578.1,431.1;493.8,427.4;420.6,434.7;394.9,394.4
290#635.0,714.1;581.7,532.7;574.6,543.4;521.2,557.6;514.1,639.4;535.4,724.8;546.1,550.5;539.0,433.2;539.0,429.6;544.3,363.8;606.6,483.0;627.9,479.4;581.7,433.2;496.3,433.2;421.6,440.3;393.2,404.7
291#635.8,704.7;594.8,544.4;574.4,547.8;526.6,558.0;519.8,636.5;533.4,711.6;550.5,554.6;536.8,435.2;536.8,431.8;548.8,368.7;601.7,602.4;615.3,496.6;577.8,435.2;495.9,435.2;420.8,445.4;393.5,414.7
292#601.9,622.0;595.5,554.8;579.5,554.8;528.2,564.4;518.6,628.5;531.4,698.9;553.9,561.2;537.8,439.5;537.8,436.3;545.8,370.6;605.1,474.7;621.1,500.3;582.7,439.5;496.2,439.5;422.5,452.3;393.7,420.2
293#601.1,643.1;598.1,560.3;580.4,557.4;527.1,566.2;518.3,616.5;527.1,687.5;553.7,560.3;539.0,442.0;539.0,439.1;543.4,378.5;612.9,492.3;621.8,507.1;583.3,442.0;497.6,442.0;423.6,456.8;394.1,427.3
294#599.2,651.1;599.2,573.7;579.8,559.9;530.0,562.6;519.0,606.9;527.3,673.2;554.9,559.9;538.3,449.2;538.3,440.9;539.7,384.2;596.4,499.0;615.8,507.3;582.6,446.5;496.9,446.5;422.2,463.1;391.8,438.2
295#597.1,658.5;591.8,586.7;570.5,554.8;530.6,557.4;517.3,602.7;525.3,663.8;551.9,557.4;538.6,453.7;538.6,443.1;542.6,391.2;591.8,504.2;613.1,509.6;581.1,451.0;496.0,451.0;424.2,469.7;394.9,445.7
296#607.0,666.0;586.7,592.3;579.0,551.6;530.8,556.7;518.1,589.7;523.1,653.3;551.1,556.7;538.4,457.6;538.4,444.9;544.7,397.9;601.9,513.5;617.2,518.6;581.6,457.6;495.2,455.1;424.0,480.5;396.1,452.5
297#607.9,681.3;589.6,600.0;579.1,560.6;531.8,563.2;471.4,581.6;466.2,655.1;555.4,560.6;537.1,460.8;537.1,453.0;541.0,399.2;597.4,516.0;618.4,516.0;579.1,460.8;495.1,460.8;426.8,489.7;395.3,463.5
298#607.6,694.3;596.6,609.3;585.6,565.5;530.8,565.5;517.1,570.9;525.3,639.5;558.2,565.5;536.3,466.7;539.0,458.5;540.4,399.6;621.3,518.8;618.5,521.6;582.9,464.0;495.1,466.7;429.3,496.9;396.4,472.2
299#609.0,707.9;595.5,619.1;582.1,565.3;531.0,565.3;514.8,570.6;525.6,637.9;555.2,565.3;536.3,468.4;536.3,460.3;543.1,402.4;622.5,522.2;614.4,524.9;579.4,468.4;496.0,468.4;428.7,506.0;396.4,481.8
300#604.1,717.0;598.3,632.7;583.8,571.6;525.6,571.6;519.8,580.3;525.6,638.5;548.9,571.6;537.3,469.8;537.3,466.9;538.7,410.2;627.4,551.3;615.8,530.9;580.9,472.7;490.7,478.6;429.7,513.5;397.7,490.2
301#603.7,725.7;589.7,638.4;575.6,570.9;522.1,568.1;516.5,570.9;524.9,649.7;550.3,570.9;533.4,475.2;533.4,466.7;540.4,417.5;623.4,551.2;612.2,525.8;572.8,475.2;491.1,478.0;432.0,520.2;398.3,503.3
302#600.8,735.9;589.8,647.5;570.4,570.2;515.2,567.5;520.7,592.3;526.2,669.6;540.0,570.2;531.8,476.3;529.0,465.3;538.7,422.5;628.4,556.4;603.6,520.5;573.2,476.3;487.6,479.1;432.3,523.3;399.2,512.2
303#601.9,743.6;590.3,656.8;567.1,569.9;517.9,569.9;517.9,598.9;526.6,679.9;541.1,569.9;526.6,477.3;526.6,468.6;530.9,418.0;627.9,567.0;604.8,523.6;567.1,477.3;486.1,480.2;434.0,529.4;399.2,520.7
304#601.3,752.6;586.1,667.0;561.6,572.2;509.6,572.2;518.8,608.9;524.9,697.5;534.1,572.2;524.9,480.5;524.9,471.3;532.6,417.9;622.7,578.3;613.6,529.4;567.7,480.5;482.1,480.5;436.3,535.5;399.6,532.5
305#598.1,764.1;581.6,678.7;558.6,576.9;506.1,576.9;519.2,622.9;525.8,708.3;529.1,576.9;522.5,478.3;522.5,475.0;520.9,411.0;604.6,576.9;614.5,530.9;565.2,478.3;479.8,481.6;437.1,537.5;401.0,544.0
306#593.2,781.0;572.8,689.4;559.2,587.6;508.3,587.6;518.5,631.8;525.3,716.6;532.1,587.6;518.5,482.5;518.5,475.7;513.4,412.9;589.8,563.9;613.5,533.4;562.6,482.5;471.0,485.9;440.5,546.9;403.2,557.1
307#580.5,786.2;563.5,687.4;546.4,588.6;502.1,588.6;519.2,639.7;526.0,728.3;526.0,588.6;515.7,482.9;512.3,476.1;510.6,413.0;583.9,557.9;611.2,534.0;560.1,482.9;468.0,486.3;440.8,554.5;399.9,568.1
308#565.4,789.9;555.4,693.6;548.8,594.0;499.0,597.3;515.6,650.4;525.5,740.1;522.2,594.0;508.9,484.4;505.6,477.7;500.6,413.0;578.7,550.8;608.6,527.6;552.1,481.1;459.1,491.0;442.5,557.4;402.7,580.7
309#546.8,787.8;546.8,691.4;543.5,601.6;497.0,601.6;510.3,668.1;523.6,751.2;520.3,601.6;503.6,488.6;500.3,475.3;498.6,413.8;576.8,528.5;606.7,525.1;550.2,481.9;453.8,491.9;443.8,558.4;407.2,588.3
310#535.5,771.9;535.5,694.3;538.9,603.2;491.7,606.6;505.2,674.1;522.0,758.4;515.3,603.2;498.4,488.6;495.1,475.1;490.0,416.0;565.9,512.2;599.6,518.9;542.3,481.8;447.8,495.3;444.5,556.0;407.4,593.1
311#519.1,771.5;529.0,695.5;535.6,599.7;489.3,603.0;502.6,679.0;519.1,774.8;512.5,599.7;492.7,487.3;489.3,474.1;477.8,422.9;558.7,493.9;595.1,510.5;535.6,477.4;446.4,497.2;439.8,563.3;410.0,599.7
312#510.4,776.1;513.7,692.7;533.7,602.6;480.3,609.3;497.0,682.7;507.0,762.7;507.0,602.6;483.7,489.2;480.3,475.8;472.0,424.1;557.1,492.5;590.4,495.8;527.0,479.2;440.3,499.2;440.3,569.2;406.9,609.3
313#490.7,777.8;504.3,692.7;531.6,604.2;480.5,607.6;497.5,682.5;504.3,777.8;504.3,604.2;480.5,488.5;477.1,478.2;465.2,415.3;500.9,570.2;575.8,481.7;524.8,474.8;436.3,498.7;439.7,566.8;405.6,617.8
314#465.9,774.0;496.6,695.6;527.2,603.6;476.1,603.6;493.2,692.2;503.4,780.8;500.0,603.6;476.1,487.7;472.7,477.5;464.2,411.0;500.0,549.1;537.5,535.4;513.6,477.5;431.8,494.6;442.0,566.1;411.4,610.4
315#459.2,772.9;487.3,695.8;518.8,597.6;469.8,594.1;487.3,688.8;497.8,776.4;494.3,594.1;473.3,481.9;469.8,471.4;461.0,406.6;504.8,527.5;532.9,527.5;511.8,471.4;431.2,492.5;438.2,559.1;413.7,597.6
316#442.3,769.6;478.1,687.3;513.9,590.6;467.4,587.1;478.1,683.7;488.8,769.6;492.4,587.1;474.5,476.1;470.9,465.4;456.6,401.0;496.0,533.4;528.2,529.8;513.9,472.6;435.2,486.9;438.7,551.3;410.1,590.6
317#428.4,760.5;469.6,685.5;514.7,576.7;469.6,576.7;469.6,681.7;480.9,775.5;492.1,576.7;473.4,467.9;469.6,456.6;454.6,389.1;484.6,557.9;525.9,516.6;510.9,456.6;432.1,479.1;435.9,542.9;409.6,580.4
