1#776.7,654.2;731.8,645.2;812.7,568.8;754.2,586.8;740.8,690.1;781.2,789.0;781.2,577.8;731.8,447.4;727.3,438.5;695.8,375.5;727.3,317.1;749.7,371.0;763.2,425.0;695.8,460.9;659.9,447.4;659.9,389.0
2#772.8,656.1;736.1,647.0;809.4,569.1;754.4,582.9;740.7,692.7;781.9,788.9;781.9,578.3;731.6,445.5;727.0,440.9;694.9,376.9;727.0,317.3;749.9,372.3;763.6,427.2;694.9,459.3;658.3,445.5;662.9,386.0
3#777.7,646.0;736.1,646.0;805.4,567.3;749.9,585.8;740.7,692.2;782.3,789.3;782.3,581.2;731.4,442.5;731.4,437.8;699.1,373.1;726.8,313.0;745.3,368.5;763.8,424.0;694.4,456.3;657.4,442.5;662.1,387.0
4#776.4,655.2;776.4,646.0;808.4,568.2;748.9,586.5;739.7,691.9;785.5,792.7;780.9,581.9;730.5,444.4;730.5,439.9;698.5,375.7;726.0,316.1;748.9,366.5;767.2,426.1;693.9,458.2;657.2,444.4;661.8,389.5
5#778.1,666.8;792.3,614.6;806.6,571.8;749.6,586.1;740.1,690.5;782.8,790.2;773.3,576.6;730.6,443.7;725.9,438.9;702.2,377.2;725.9,310.8;744.9,367.8;763.8,429.5;692.7,457.9;659.4,438.9;659.4,386.7
6#762.7,677.5;795.8,611.3;805.3,568.8;748.5,587.7;748.5,691.7;791.1,795.7;772.2,578.2;734.4,445.8;729.6,441.1;701.3,374.9;724.9,318.2;748.5,370.2;767.5,436.4;696.5,460.0;658.7,436.4;663.4,384.4
7#760.4,677.2;788.5,611.7;797.9,569.6;746.4,583.6;746.4,691.2;788.5,794.2;769.8,574.2;732.3,443.2;727.7,438.5;704.3,373.0;723.0,316.9;746.4,373.0;765.1,429.2;699.6,452.6;662.1,438.5;662.1,387.1
8#762.9,657.3;758.4,643.7;790.0,562.4;740.3,566.9;735.8,684.4;781.0,788.3;767.4,566.9;735.8,435.8;731.3,435.8;708.7,368.0;722.2,318.3;749.3,372.6;767.4,426.8;699.6,444.9;663.5,431.3;663.5,386.1
9#744.1,661.6;770.8,619.7;782.2,551.1;736.5,558.7;709.9,669.2;767.0,768.2;759.4,554.9;736.5,425.4;736.5,421.6;709.9,356.9;702.2,379.7;747.9,368.3;770.8,417.8;706.1,433.0;660.3,425.4;664.2,379.7
10#748.4,623.4;715.5,570.8;781.2,547.8;728.6,554.3;682.6,646.4;746.7,717.0;754.9,554.3;741.8,413.0;738.5,413.0;708.9,347.2;720.4,309.4;751.7,360.4;768.1,403.1;712.2,422.8;659.6,419.6;662.9,383.4
11#743.9,619.5;726.6,564.2;768.1,540.0;716.3,546.9;654.1,616.0;730.1,688.6;743.9,543.4;737.0,408.7;733.5,405.2;709.4,332.7;723.2,308.5;747.4,356.9;764.6,401.8;705.9,412.2;657.5,415.6;661.0,384.5
12#738.2,622.4;731.6,537.2;764.4,537.2;708.6,537.2;623.4,573.2;715.2,658.5;734.9,537.2;728.3,396.2;725.0,392.9;705.4,324.0;689.0,386.3;728.3,383.0;754.5,392.9;702.1,402.7;649.6,419.1;656.2,386.3
13#739.7,634.0;736.5,549.8;749.4,527.2;697.6,530.4;597.2,523.9;678.2,621.1;723.5,527.2;717.0,387.9;713.8,378.2;694.4,310.2;726.8,313.4;743.0,339.3;749.4,378.2;687.9,391.1;652.3,417.1;658.8,384.7
14#737.7,632.0;725.0,546.8;740.8,515.3;674.6,518.4;583.1,486.9;639.9,581.5;709.3,518.4;693.5,382.8;690.3,370.2;679.3,302.4;721.9,316.5;762.9,357.6;737.7,370.2;646.2,392.2;658.8,468.0;706.1,420.6
15#735.7,639.0;722.1,554.0;725.5,509.8;654.1,513.2;572.5,455.4;613.3,550.6;691.5,513.2;681.3,377.2;677.9,360.2;659.2,290.5;728.9,322.8;769.7,367.0;728.9,353.4;633.7,384.0;647.3,469.0;674.5,390.8
16#735.6,642.1;718.3,552.5;714.9,490.4;645.9,497.3;563.2,431.8;597.7,518.0;683.9,493.9;670.1,369.8;663.2,352.5;644.2,281.9;735.6,324.9;780.4,366.3;714.9,356.0;618.4,373.2;625.3,442.1;639.0,407.7
17#737.4,647.9;713.0,553.8;702.5,480.6;639.8,484.1;549.2,417.9;584.1,494.6;671.2,484.1;657.2,358.7;653.7,348.2;638.1,283.8;726.9,313.4;768.7,355.2;706.0,348.2;608.4,362.2;594.5,417.9;629.4,410.9
18#739.2,655.6;707.8,557.6;690.2,473.6;623.8,477.1;532.8,414.1;581.8,487.6;658.8,473.6;648.2,344.1;648.2,337.1;629.0,275.9;692.0,282.9;746.2,326.6;690.2,337.1;602.8,351.1;564.2,382.6;581.8,323.1
19#730.7,658.5;697.0,561.2;678.3,467.7;610.9,467.7;521.1,415.3;573.5,497.6;644.6,467.7;637.1,333.0;633.4,329.2;616.5,256.2;661.5,256.2;715.7,291.8;678.3,325.5;592.2,340.4;543.6,336.7;554.8,295.5
20#715.4,674.0;689.1,555.6;676.0,467.9;597.0,472.3;513.7,419.6;575.1,507.3;636.5,467.9;627.7,327.6;623.3,323.2;605.8,248.6;636.5,226.7;676.0,261.8;667.2,323.2;583.9,331.9;526.9,305.6;540.0,239.9
21#695.9,667.2;674.0,553.2;660.8,469.9;599.4,465.5;511.7,430.4;573.1,518.1;625.7,469.9;608.2,320.8;612.6,320.8;595.0,246.2;590.7,206.8;630.1,241.9;647.7,316.4;564.3,325.2;511.7,276.9;524.9,219.9
22#681.5,655.7;653.1,546.3;653.1,465.2;588.3,465.2;511.2,448.9;572.0,526.0;620.7,465.2;596.4,319.2;596.4,319.2;588.3,242.2;578.1,211.7;608.5,254.3;632.9,323.3;555.8,323.3;507.2,266.5;529.5,211.7
23#666.5,661.6;628.5,540.6;649.2,457.7;587.0,468.1;511.0,461.2;576.6,540.6;618.1,464.6;583.5,326.4;587.0,319.5;580.1,243.5;576.6,264.2;604.3,274.6;621.5,323.0;542.1,326.4;500.6,271.1;519.6,231.4
24#646.4,602.8;607.0,524.0;636.6,465.0;580.8,474.8;515.2,481.4;577.5,556.8;607.0,468.2;580.8,337.0;580.8,327.2;574.2,255.0;584.1,310.7;590.6,337.0;623.5,330.4;541.4,337.0;492.2,284.5;523.4,246.8
25#628.5,571.8;612.6,520.9;631.7,479.5;571.2,492.2;520.3,505.0;580.8,575.0;596.7,479.5;577.6,349.0;580.8,339.4;580.8,269.4;568.0,368.1;593.5,368.1;619.0,352.2;536.2,345.8;491.6,304.4;531.4,255.1
26#600.9,551.1;566.9,505.7;609.4,491.5;561.2,500.0;527.2,519.9;581.1,596.5;583.9,500.0;578.3,363.9;583.9,346.9;596.7,297.3;569.7,403.6;637.8,420.6;620.8,366.8;535.7,358.3;498.8,318.5;534.3,297.3
27#587.2,607.1;590.1,525.1;596.0,510.4;552.0,510.4;522.7,525.1;572.5,610.0;578.4,510.4;587.2,375.6;590.1,361.0;603.3,298.0;566.7,404.9;639.9,437.2;628.2,378.6;543.2,369.8;505.2,334.6;538.8,298.0
28#573.6,599.5;573.6,539.0;588.7,502.8;546.4,502.8;510.1,526.9;555.4,614.6;567.5,502.8;585.7,384.8;591.7,372.7;617.4,310.8;579.6,393.9;600.8,393.9;622.0,393.9;546.4,375.8;513.1,342.5;544.9,310.8
29#543.9,613.1;557.8,596.4;577.3,535.2;524.4,524.0;499.4,518.5;532.8,602.0;546.7,535.2;582.9,390.4;591.2,376.5;617.7,322.2;596.8,382.1;627.4,393.2;621.8,398.8;543.9,379.3;521.6,345.9;556.4,322.2
30#527.4,625.7;562.0,601.7;570.0,540.4;524.7,540.4;487.4,503.1;527.4,596.4;546.0,540.4;580.6,393.9;588.6,380.6;616.6,326.0;591.3,383.2;623.3,393.9;617.9,401.9;546.0,383.2;524.7,351.3;558.0,331.3
31#542.9,579.5;537.6,603.0;558.5,535.1;501.1,524.7;480.2,464.6;498.5,556.0;532.4,524.7;579.4,394.1;589.9,381.1;625.1,330.2;600.3,381.1;629.0,402.0;613.4,404.6;545.5,383.7;524.6,360.2;558.5,339.3
32#513.5,626.2;531.4,610.9;544.2,541.9;493.1,529.2;477.8,432.2;480.4,511.3;518.6,534.3;577.4,396.4;590.1,381.1;628.4,335.2;605.4,401.5;628.4,404.1;613.1,411.7;536.5,381.1;521.2,373.5;554.4,355.6
33#553.7,563.9;541.8,582.9;551.3,514.0;496.6,502.1;475.3,409.4;470.5,485.4;525.2,504.5;577.5,397.5;591.7,378.5;623.8,336.9;608.4,402.3;598.9,473.6;615.5,411.8;539.4,378.5;520.4,383.2;560.8,369.0
34#533.7,582.8;577.2,512.9;550.6,498.4;502.4,479.1;461.4,483.9;507.2,529.7;526.5,491.1;582.0,394.7;596.4,377.8;633.8,333.1;567.5,450.1;601.3,469.4;618.2,414.0;541.0,377.8;519.3,401.9;536.1,423.6
35#534.0,585.0;585.2,511.9;546.2,494.8;499.9,472.9;458.5,477.8;504.8,548.4;521.8,482.6;582.8,392.4;597.4,372.9;632.8,332.7;575.5,441.2;597.4,463.1;621.8,409.5;543.8,370.5;519.4,404.6;548.7,404.6
36#532.1,597.7;573.6,519.7;539.5,483.1;495.6,461.1;459.0,466.0;463.8,453.8;515.1,470.9;585.8,385.5;600.4,366.0;635.8,330.6;588.3,441.6;607.8,458.7;620.0,405.0;549.2,363.5;522.4,395.3;551.7,412.3
37#532.2,612.3;569.8,529.6;542.2,474.5;497.1,456.9;462.1,456.9;459.5,454.4;519.7,466.9;589.9,381.7;607.4,361.7;651.2,332.9;599.9,436.9;614.9,456.9;627.4,401.8;554.8,354.2;514.7,384.2;554.8,386.7
38#535.9,625.7;563.3,537.9;535.9,469.3;494.7,447.3;535.9,543.4;549.6,601.0;514.0,458.3;596.3,373.2;610.0,356.8;655.3,322.5;629.2,419.9;618.2,463.8;634.7,400.7;557.9,345.8;511.2,376.0;546.9,392.4
39#537.1,636.0;560.5,548.5;540.0,475.6;499.2,446.4;537.1,536.8;545.9,609.7;516.7,463.9;595.5,361.9;612.9,350.2;658.1,313.8;618.8,420.2;621.7,461.0;633.4,396.9;557.5,338.6;496.3,373.5;475.9,429.0
40#541.9,646.0;554.3,556.0;538.8,469.1;498.5,441.2;545.0,546.7;551.2,636.7;517.1,456.7;600.9,357.4;613.3,345.0;664.5,306.2;597.8,447.4;631.9,456.7;635.0,388.5;566.8,332.6;507.8,326.4;538.8,372.9
41#555.2,654.2;552.1,562.2;539.4,473.4;501.3,444.9;529.9,543.2;555.2,644.7;517.2,460.7;602.8,356.0;615.5,340.2;661.5,297.4;599.6,479.7;637.7,454.4;631.4,387.8;571.1,327.5;509.2,303.7;567.9,340.2
42#566.2,659.9;559.3,566.3;545.4,472.6;500.3,444.9;545.4,545.5;531.5,542.0;521.1,458.7;597.4,354.7;611.3,344.3;658.1,283.6;614.8,486.5;642.5,455.3;632.1,385.9;569.7,323.5;519.4,283.6;512.4,276.6
43#572.4,664.7;561.1,551.8;549.8,457.8;497.2,435.2;527.3,536.8;538.5,548.1;523.5,446.5;598.7,348.7;610.0,337.4;658.9,281.0;621.3,499.1;647.6,450.2;628.8,382.5;564.9,314.8;523.5,258.4;570.5,222.7
44#578.8,658.2;565.5,552.1;552.3,459.2;494.8,441.5;539.0,499.0;534.6,547.7;525.7,441.5;596.5,348.7;605.3,335.4;658.4,273.5;623.0,499.0;649.5,446.0;631.9,379.6;561.1,308.9;530.1,247.0;552.3,193.9
45#573.7,656.9;569.2,552.3;560.1,456.8;505.5,438.6;532.8,511.3;541.9,561.4;532.8,447.7;601.0,343.0;610.1,333.9;655.6,270.3;628.3,502.2;646.5,443.1;632.9,370.3;564.6,311.2;528.2,243.0;541.9,174.7
46#574.7,651.8;579.3,551.0;565.5,454.7;510.6,436.4;528.9,509.7;542.6,578.4;538.1,445.6;602.2,340.2;606.8,326.4;652.6,262.3;625.1,486.8;652.6,431.8;638.9,367.7;565.5,308.1;528.9,257.7;531.2,182.1
47#566.5,643.8;593.1,546.4;566.5,453.5;517.8,440.2;548.8,515.5;540.0,595.1;540.0,444.6;601.9,334.0;606.3,325.2;646.2,258.8;624.0,449.1;668.3,422.5;637.3,356.1;562.1,307.4;509.0,263.2;517.8,205.7
48#567.9,631.4;606.1,546.3;572.1,457.0;525.3,444.3;555.1,525.1;546.6,610.1;546.6,457.0;601.9,338.0;610.4,325.2;644.4,261.4;631.6,414.5;691.2,410.3;644.4,355.0;563.6,312.5;495.6,274.2;516.8,223.2
49#581.1,621.2;628.9,533.4;577.1,461.6;525.2,457.7;557.1,525.5;545.2,629.2;553.1,461.6;605.0,338.0;609.0,330.0;636.9,262.2;664.8,393.8;700.7,397.8;644.9,354.0;565.1,318.1;497.3,294.1;521.2,238.3
50#598.1,601.4;646.9,515.1;590.6,477.7;530.7,473.9;560.6,548.9;545.7,650.1;560.6,477.7;605.6,335.2;605.6,335.2;631.9,264.0;658.1,391.5;703.1,369.0;646.9,350.2;564.4,324.0;500.7,312.8;525.0,258.4
51#614.8,568.1;659.5,493.6;599.9,478.7;536.5,478.7;562.6,564.3;544.0,664.9;566.3,478.7;603.6,344.6;603.6,340.9;627.8,268.2;648.3,296.2;700.4,340.9;644.6,352.0;562.6,333.4;506.7,329.7;523.5,275.7
52#627.3,545.4;671.7,456.5;603.1,480.8;550.6,480.8;554.6,577.7;546.6,678.6;578.9,480.8;603.1,347.5;603.1,343.5;623.3,270.8;647.5,266.8;687.9,315.2;643.5,351.6;558.7,335.4;506.2,347.5;522.4,295.1
53#626.5,539.2;664.0,445.5;612.4,478.3;556.2,478.3;546.9,581.4;542.2,693.8;589.0,478.3;598.4,351.9;603.1,342.5;607.8,272.2;649.9,244.1;673.3,295.7;640.5,351.9;556.2,342.5;514.1,361.2;523.5,314.4
54#566.4,601.5;595.2,577.4;624.0,486.1;561.6,490.9;552.0,582.2;532.7,697.6;595.2,490.9;595.2,351.5;600.0,346.7;595.2,274.6;648.1,226.5;657.7,289.0;638.5,351.5;552.0,351.5;513.5,375.5;518.3,332.3
55#556.0,640.4;592.9,571.2;625.2,497.5;569.9,502.1;556.0,580.5;533.0,686.5;597.5,502.1;592.9,359.2;588.3,350.0;583.7,280.8;641.3,218.6;643.6,280.8;629.8,350.0;546.8,359.2;519.2,400.7;519.2,359.2
56#573.7,587.5;614.7,553.9;625.9,501.8;566.2,505.5;555.1,576.3;540.1,669.5;596.0,501.8;584.9,360.1;581.1,352.7;566.2,285.6;590.5,265.1;650.1,272.6;625.9,349.0;540.1,367.6;517.8,419.8;521.5,386.2
57#666.0,491.9;669.4,437.3;628.4,505.5;570.5,515.8;560.2,560.1;556.8,635.1;601.2,505.5;573.9,372.5;570.5,362.3;553.4,294.1;619.9,271.9;635.3,294.1;618.2,358.9;526.1,382.8;522.7,447.6;550.0,423.7
58#611.8,580.4;664.9,455.4;627.4,521.1;574.3,521.1;558.7,536.7;574.3,608.6;599.3,521.1;568.1,389.8;561.8,371.1;543.1,305.4;641.5,282.0;630.6,317.9;614.9,377.3;518.1,399.2;524.3,480.4;524.3,449.2
59#646.1,551.2;659.8,471.7;624.2,537.5;572.1,540.2;547.5,521.0;588.6,578.6;596.8,540.2;561.2,408.7;555.7,384.0;533.8,323.7;633.8,308.7;624.2,334.7;610.5,392.2;511.9,419.6;522.8,496.4;525.6,466.2
60#634.6,573.6;661.3,490.6;618.5,522.7;559.6,530.7;607.8,509.3;591.7,573.6;586.4,522.7;554.2,418.3;548.9,396.9;527.5,338.0;646.6,320.5;623.9,351.3;602.4,404.9;506.0,431.7;500.7,487.9;522.1,479.9
61#628.2,589.2;663.0,511.6;606.8,538.4;558.6,541.1;550.6,610.6;590.7,583.9;580.0,538.4;545.2,428.7;545.2,407.3;529.2,345.7;630.9,351.1;628.2,337.7;596.1,415.3;494.4,442.0;491.7,503.6;507.8,495.6
62#620.9,616.7;661.2,530.5;599.3,541.3;545.5,549.4;537.4,605.9;591.3,597.8;569.7,544.0;542.8,433.7;540.1,417.5;537.4,352.9;628.9,363.7;615.5,382.5;583.2,425.6;497.1,444.4;472.8,482.1;491.7,457.9
63#616.3,635.1;663.6,551.6;594.0,548.8;543.9,554.4;535.6,610.0;599.6,626.7;566.2,548.8;538.3,440.3;538.3,426.4;543.9,359.6;630.2,384.6;616.3,404.1;580.1,434.7;496.6,445.8;460.4,476.5;488.2,459.8
64#614.0,661.8;655.3,573.6;586.4,543.3;534.1,546.1;586.4,540.5;586.4,609.4;558.9,546.1;536.8,444.1;539.6,430.3;546.5,368.3;627.8,402.7;611.2,422.0;572.6,441.3;501.0,444.1;454.1,460.6;503.7,435.8
65#614.5,684.6;646.9,590.5;585.1,540.4;543.9,549.2;585.1,558.1;561.5,608.1;558.6,549.2;535.0,443.3;538.0,431.5;551.2,368.2;632.2,422.7;614.5,437.4;576.2,443.3;496.8,443.3;464.4,440.3;499.7,402.1
66#613.5,703.1;639.4,609.1;581.1,544.3;538.9,547.5;584.3,560.5;558.4,615.6;555.1,547.5;532.5,443.9;535.7,434.1;555.1,366.1;629.7,456.8;626.4,443.9;574.6,447.1;496.8,443.9;467.7,414.7;493.6,375.8
67#610.9,720.2;625.3,630.1;574.8,550.9;528.0,547.3;535.2,604.9;506.4,633.7;549.6,550.9;538.8,442.8;542.4,435.5;560.4,363.5;625.3,468.0;603.6,482.4;585.6,450.0;495.5,439.1;470.3,399.5;481.1,359.9
68#613.4,731.5;613.4,640.6;580.6,556.9;522.5,549.7;511.5,626.0;500.6,647.8;551.5,553.3;547.9,440.6;551.5,429.6;577.0,360.5;627.9,484.2;631.6,476.9;595.2,451.5;504.3,433.3;467.9,389.6;469.7,351.5
69#618.8,734.3;612.0,641.7;574.3,562.9;522.9,556.0;522.9,628.0;502.3,672.6;550.3,559.5;557.1,442.9;560.6,425.8;593.1,359.0;622.3,494.3;632.6,501.2;601.7,453.2;516.0,425.8;468.0,401.8;462.9,359.0
70#614.0,723.8;610.7,630.3;574.0,570.3;520.6,560.2;517.2,633.7;500.6,687.1;547.3,566.9;570.7,446.8;577.3,426.7;599.0,385.0;604.0,530.2;627.4,526.9;614.0,463.5;527.3,430.1;463.8,406.7;458.8,385.0
71#599.4,710.0;602.4,623.3;575.4,569.5;518.6,557.5;524.6,584.4;527.6,647.2;548.5,563.5;575.4,449.9;584.4,431.9;618.8,376.6;620.3,551.5;623.3,533.6;620.3,467.8;533.6,428.9;467.8,422.9;463.3,382.6
72#584.3,694.3;596.0,618.0;581.3,571.1;531.5,562.3;531.5,600.4;543.2,673.7;554.9,565.2;584.3,456.7;593.1,442.0;632.7,384.8;625.3,574.0;625.3,538.8;628.3,474.3;537.3,436.1;469.9,442.0;466.9,403.8
73#571.1,626.4;618.1,601.5;582.1,576.6;529.6,568.3;537.9,629.2;549.0,698.3;560.0,571.1;590.4,466.0;601.5,449.4;638.8,398.2;626.4,587.7;631.9,554.5;637.5,485.4;546.2,446.6;477.1,457.7;468.8,424.5
74#602.1,633.2;616.2,627.5;590.7,587.8;539.8,579.3;534.1,638.8;548.3,715.3;568.1,585.0;602.1,474.6;610.6,457.6;640.3,416.5;630.4,599.2;641.7,573.7;644.6,500.0;553.9,454.7;477.5,471.7;471.8,440.6
75#618.0,640.9;615.1,643.8;612.1,590.5;561.8,587.6;529.2,649.8;546.9,732.7;588.4,587.6;606.2,483.9;615.1,463.2;640.2,423.2;632.8,605.3;656.5,575.7;653.5,507.6;558.8,466.2;481.8,486.9;470.0,460.3
76#609.5,649.8;609.5,640.0;619.2,597.6;567.1,597.6;537.7,659.6;550.8,744.4;602.9,597.6;609.5,490.0;612.7,470.4;637.2,413.3;645.3,574.8;678.0,568.2;655.1,506.3;560.5,473.6;488.8,503.0;472.5,476.9
77#573.3,696.4;604.6,679.1;621.9,609.6;576.8,609.6;545.5,686.0;556.0,765.9;601.1,609.6;611.5,491.6;611.5,470.7;630.6,413.4;660.1,557.5;701.8,554.1;663.6,502.0;559.4,481.1;496.9,515.9;469.1,495.0
78#609.7,707.4;609.7,660.0;635.2,605.4;587.8,605.4;555.0,696.4;555.0,780.2;613.3,605.4;613.3,492.5;613.3,470.6;622.4,406.9;675.2,532.5;711.7,539.8;664.3,496.1;558.7,485.2;504.0,528.9;471.3,510.7
79#603.0,719.2;624.9,650.1;643.1,602.7;592.1,602.7;555.7,701.0;552.1,788.4;617.6,602.7;610.3,489.9;610.3,471.7;612.1,408.0;657.6,529.9;708.6,508.1;661.3,486.2;555.7,493.5;501.1,540.8;472.0,529.9
80#591.4,725.4;630.5,654.4;651.8,604.6;602.1,601.1;552.4,689.9;552.4,782.2;626.9,604.6;609.2,487.5;605.6,473.3;607.4,404.0;648.2,427.1;694.4,466.2;655.3,480.4;552.4,498.1;506.2,551.4;467.2,547.8
81#587.5,736.6;576.5,656.0;653.5,604.7;609.5,601.0;539.8,670.6;550.8,762.3;635.2,604.7;605.8,491.0;602.2,480.0;594.8,406.7;633.3,393.9;679.1,436.0;653.5,476.3;554.5,509.3;506.8,560.7;466.5,560.7
82#588.5,757.4;568.0,647.8;657.0,610.2;615.9,613.6;526.9,647.8;554.3,736.8;636.5,613.6;598.8,497.2;598.8,486.9;585.1,415.0;631.3,396.2;663.9,428.7;643.3,480.1;550.9,517.7;506.4,575.9;465.3,579.3
83#589.6,771.6;576.3,678.4;656.1,621.9;619.5,625.2;516.4,621.9;556.3,708.4;636.2,625.2;592.9,508.8;586.3,492.2;566.3,422.3;631.2,410.7;662.8,435.6;632.8,482.2;546.4,532.1;503.1,588.6;463.2,595.3
84#587.1,787.8;580.4,697.5;650.6,644.0;600.5,644.0;520.2,610.5;557.0,687.4;627.2,644.0;580.4,516.9;573.7,503.5;545.3,441.7;632.2,448.4;665.7,448.4;620.5,486.8;537.0,543.7;503.5,597.2;463.4,610.5
85#589.3,798.7;578.7,713.4;646.2,642.3;589.3,642.3;525.3,592.5;550.2,674.3;617.8,645.9;568.0,528.6;560.9,517.9;525.3,450.4;623.1,437.9;660.4,468.1;607.1,496.6;525.3,557.0;496.9,613.9;461.4,628.1
86#590.9,808.1;583.9,723.9;629.5,653.7;569.8,653.7;517.2,615.1;538.2,667.7;597.9,653.7;555.8,534.3;552.3,523.8;517.2,457.1;624.2,448.3;661.1,481.7;594.4,506.3;517.2,562.4;492.6,625.6;457.5,643.1
87#584.9,821.1;588.0,737.4;619.0,656.9;563.2,650.7;507.5,650.7;504.4,703.4;591.1,653.8;547.7,542.2;538.5,523.6;509.0,472.4;620.6,478.6;650.0,501.9;584.9,514.3;504.4,567.0;485.8,629.0;454.8,660.0
88#584.3,838.0;587.4,743.3;602.7,657.8;544.6,654.7;486.6,660.8;495.8,712.8;575.2,654.7;538.5,541.7;529.4,526.4;500.3,473.0;616.4,479.1;642.4,523.4;578.2,517.3;495.8,563.1;471.3,627.2;453.0,670.0
89#583.1,840.7;583.1,756.6;583.1,650.8;533.3,647.7;499.1,622.8;489.7,728.6;561.3,647.7;527.1,541.8;520.9,526.3;494.4,468.7;614.3,501.3;633.0,538.7;570.7,523.1;483.5,560.5;446.2,622.8;446.2,678.8
90#585.3,833.9;579.0,751.4;572.6,656.3;521.9,653.1;515.6,710.2;490.2,735.6;547.3,656.3;515.6,542.1;512.4,526.2;494.9,464.4;610.7,516.7;623.4,557.9;563.1,523.0;468.0,557.9;423.6,618.2;433.1,656.3
91#586.2,835.3;570.3,749.1;554.3,653.3;503.3,653.3;474.5,631.0;487.3,733.1;528.8,653.3;506.4,538.4;506.4,525.7;492.1,460.3;605.4,535.3;615.0,567.2;554.3,528.9;458.6,548.0;397.9,592.7;426.7,627.8
92#591.0,831.5;561.6,740.2;545.3,645.6;489.8,645.6;454.0,668.4;493.1,740.2;515.9,645.6;499.6,538.0;496.4,524.9;491.5,461.3;600.7,544.5;604.0,573.8;545.3,531.4;450.7,541.2;375.7,570.6;392.0,583.6
93#587.7,822.4;558.1,730.3;538.4,641.6;475.9,648.2;452.9,671.2;479.2,763.2;505.5,641.6;489.1,536.4;489.1,526.5;494.0,455.9;594.3,562.7;587.7,579.1;541.7,536.4;436.5,536.4;364.2,552.8;406.9,549.6
94#585.2,813.4;548.8,724.2;525.7,641.6;469.5,644.9;476.1,694.5;525.7,750.6;499.3,641.6;486.0,532.5;482.7,522.6;491.0,454.9;588.5,565.6;572.0,578.8;532.3,532.5;433.2,529.2;360.5,535.8;429.9,512.7
95#583.1,808.7;546.2,725.0;519.5,634.6;459.2,648.0;462.5,691.5;526.2,761.8;489.3,641.3;479.3,527.5;479.3,517.4;484.3,445.5;593.1,567.6;563.0,577.7;526.2,527.5;425.7,520.8;358.8,510.7;422.4,477.3
96#576.9,807.0;537.9,718.3;509.5,629.6;456.3,640.3;456.3,700.6;523.7,764.4;484.7,633.2;466.9,519.7;470.5,512.6;470.5,441.7;598.2,587.1;559.2,565.8;516.6,526.8;420.8,516.1;353.4,491.3;413.7,455.8
97#573.0,806.6;536.7,716.0;504.2,618.3;453.5,629.1;457.1,705.2;518.6,774.0;478.8,625.5;460.7,513.3;460.7,506.0;457.1,433.6;580.2,574.8;562.1,556.7;507.8,516.9;413.6,506.0;352.1,473.4;399.1,433.6
98#566.4,809.1;525.4,712.1;495.5,618.9;447.0,630.1;458.2,708.4;514.2,783.0;473.1,622.6;450.8,506.9;450.8,499.5;443.3,428.6;570.1,574.1;558.9,548.0;495.5,510.7;406.0,503.2;357.5,458.5;385.5,404.4
99#556.7,804.9;526.2,709.4;491.8,614.0;442.2,629.2;461.3,717.1;510.9,793.4;468.9,621.6;438.4,503.2;442.2,495.6;434.5,426.9;549.1,552.9;552.9,541.4;480.4,507.0;396.4,499.4;362.0,446.0;375.4,390.6
100#542.2,794.9;522.7,701.1;487.5,607.3;436.7,622.9;464.0,724.6;511.0,806.7;464.0,619.0;432.8,501.7;432.8,493.9;428.9,427.4;526.6,540.8;542.2,529.1;479.7,505.6;393.7,497.8;362.4,435.2;372.2,374.6
101#524.0,770.7;520.0,686.7;480.0,606.7;432.0,622.7;464.0,722.7;504.0,810.7;456.0,618.7;424.0,498.7;424.0,494.7;428.0,430.7;496.0,526.7;536.0,518.7;464.0,498.7;388.0,494.7;364.0,430.7;366.0,368.7
102#502.6,737.9;521.4,670.2;468.7,602.5;423.6,625.1;461.2,722.9;491.3,816.9;446.2,613.8;419.8,497.2;419.8,497.2;423.6,433.2;446.2,467.1;506.4,497.2;457.5,497.2;386.0,497.2;363.4,429.4;365.3,378.7
103#488.9,712.1;510.7,650.4;463.5,606.8;416.3,628.6;449.0,723.0;474.4,821.0;441.7,617.7;416.3,494.3;416.3,497.9;423.6,432.5;438.1,447.1;481.6,476.1;449.0,497.9;380.0,494.3;361.8,428.9;370.9,390.8
104#485.4,689.3;504.3,628.6;462.6,609.6;409.5,624.8;432.3,723.4;458.8,818.3;436.1,617.2;417.1,499.7;413.3,495.9;413.3,435.2;409.5,408.6;443.7,442.8;451.2,492.1;379.2,499.7;360.2,442.8;364.0,397.2
105#461.4,692.7;491.7,609.2;458.4,616.4;406.4,630.9;406.2,709.9;437.1,801.8;433.0,622.6;410.4,502.3;409.0,500.9;405.6,438.4;405.9,410.2;434.7,444.6;445.2,496.2;373.0,504.5;359.2,449.0;362.3,402.6
106#437.5,696.0;479.0,589.8;454.1,623.2;403.4,637.1;380.1,696.4;415.4,785.3;429.8,627.9;403.7,505.0;404.6,505.9;398.0,441.6;402.2,411.8;425.8,446.3;439.3,500.2;366.8,509.4;358.3,455.1;360.6,408.0
107#413.5,699.4;466.4,570.4;449.9,630.0;400.3,643.2;354.0,682.9;393.7,768.8;426.7,633.3;397.0,507.6;400.3,510.9;390.3,444.8;398.6,413.4;416.8,448.1;433.3,504.3;360.6,514.2;357.3,461.3;358.9,413.4
108#450.4,615.5;459.4,561.6;444.4,636.5;390.5,639.5;330.6,660.4;372.5,738.3;417.5,639.5;390.5,516.6;390.5,510.6;378.5,447.7;393.5,426.7;408.5,459.7;426.5,510.6;354.5,519.6;351.6,462.7;362.0,416.3
109#377.9,680.4;461.3,563.0;435.2,646.5;388.3,654.3;315.3,630.8;346.6,714.3;411.8,646.5;380.5,518.7;380.5,513.5;367.4,453.5;387.0,431.4;403.9,461.4;419.6,516.1;341.4,521.3;349.2,471.8;360.9,426.1
110#449.7,619.2;457.0,571.0;435.3,643.3;394.3,662.6;307.5,612.0;319.6,696.4;403.9,643.3;370.2,525.2;370.2,518.0;358.2,462.6;388.3,442.1;408.8,477.0;411.2,518.0;331.6,534.9;317.2,599.9;364.2,437.3
111#441.2,615.0;454.6,576.9;425.4,628.5;360.4,628.5;299.8,601.6;293.0,680.1;387.3,628.5;360.4,532.0;360.4,523.0;351.4,469.2;383.9,450.1;405.2,491.6;400.8,523.0;322.2,538.7;324.5,597.1;352.5,450.1
112#437.7,624.7;451.1,583.3;421.5,626.1;357.6,625.1;297.8,596.2;293.0,674.9;384.4,625.8;361.0,528.1;361.0,519.1;352.8,464.9;385.1,448.9;408.4,490.8;401.2,519.5;322.8,534.0;325.4,590.8;348.6,457.8
113#434.3,634.4;447.5,589.7;417.5,623.7;354.8,621.7;295.8,590.8;293.0,669.7;381.4,623.2;361.6,524.2;361.6,515.1;354.2,460.7;386.3,447.6;411.5,490.0;401.5,516.1;323.5,529.4;326.4,584.6;344.7,465.5
114#430.8,644.1;444.0,596.0;413.6,621.3;352.0,618.4;293.8,585.4;292.9,664.6;378.5,620.5;362.2,520.3;362.2,511.2;355.6,456.4;387.5,446.4;414.7,489.2;401.9,512.6;324.1,524.7;327.3,578.3;340.9,473.2
115#427.4,653.9;440.5,602.4;409.6,618.8;349.2,615.0;291.8,580.0;292.9,659.4;375.6,617.9;362.7,516.3;362.7,507.2;357.0,452.1;388.6,445.2;417.8,488.4;402.3,509.2;324.7,520.0;328.2,572.0;337.0,480.9
116#423.9,663.6;436.9,608.8;405.7,616.4;346.4,611.6;289.8,574.6;292.9,654.2;372.6,615.2;363.3,512.4;363.3,503.3;358.4,447.9;389.8,443.9;421.0,487.6;402.6,505.7;325.4,515.4;329.2,565.8;333.1,488.6
117#420.4,673.3;433.4,615.2;401.8,614.0;343.6,608.2;287.8,569.2;292.9,649.0;369.7,612.6;363.9,508.5;363.9,499.3;359.8,443.6;391.0,442.7;424.2,486.8;403.0,502.2;326.0,510.7;330.1,559.5;329.2,496.3
118#417.0,683.0;429.9,621.5;397.8,611.6;340.9,604.9;285.9,563.7;292.8,643.9;366.8,609.9;364.5,504.6;364.5,495.4;361.1,439.3;392.2,441.5;427.3,485.9;403.4,498.8;326.6,506.0;331.0,553.2;325.4,503.9
119#413.5,692.7;426.4,627.9;393.9,609.2;338.1,601.5;283.9,558.3;292.8,638.7;363.9,607.3;365.1,500.7;365.1,491.4;362.5,435.0;393.4,440.3;430.5,485.1;403.8,495.3;327.2,501.3;331.9,546.9;321.5,511.6
120#410.0,702.4;422.8,634.3;390.0,606.8;335.3,598.1;281.9,552.9;292.8,633.5;360.9,604.6;365.7,496.8;365.7,487.5;363.9,430.8;394.6,439.0;433.7,484.3;404.1,491.8;327.9,496.7;332.9,540.7;317.6,519.3
121#406.6,712.1;419.3,640.7;386.0,604.4;332.5,594.7;279.9,547.5;292.8,628.3;358.0,602.0;366.2,492.9;366.2,483.5;365.3,426.5;395.8,437.8;436.8,483.5;404.5,488.4;328.5,492.0;333.8,534.4;313.7,527.0
122#403.1,721.9;415.8,647.0;382.1,601.9;329.7,591.4;277.9,542.1;292.7,623.2;355.1,599.3;366.8,488.9;366.8,479.6;366.7,422.2;396.9,436.6;440.0,482.7;404.9,484.9;329.1,487.3;334.7,528.1;309.9,534.7
123#399.7,731.6;412.2,653.4;378.1,599.5;326.9,588.0;275.9,536.7;292.7,618.0;352.1,596.7;367.4,485.0;367.4,475.6;368.1,418.0;398.1,435.3;443.1,481.9;405.2,481.5;329.8,482.7;335.7,521.9;306.0,542.4
124#396.2,741.3;408.7,659.8;374.2,597.1;324.1,584.6;273.9,531.3;292.7,612.8;349.2,594.0;368.0,481.1;368.0,471.7;369.5,413.7;399.3,434.1;446.3,481.1;405.6,478.0;330.4,478.0;336.6,515.6;302.1,550.1
125#394.9,744.1;398.0,661.8;369.6,589.1;328.4,579.6;277.8,519.5;281.0,598.6;347.4,579.6;363.2,475.2;363.2,468.8;355.3,407.1;401.2,434.0;432.8,465.7;398.0,472.0;325.3,475.2;268.3,468.8;274.6,421.4
126#397.2,741.9;390.7,657.6;374.5,583.1;325.9,573.3;277.3,515.0;274.0,596.0;348.6,576.6;355.1,469.6;355.1,463.1;347.0,399.9;397.2,437.2;426.4,472.8;387.5,469.6;322.7,469.6;274.0,456.6;264.3,417.7
127#396.1,739.8;396.1,654.2;376.4,578.6;323.8,572.0;274.4,516.1;267.9,591.7;350.1,578.6;350.1,466.8;346.8,460.2;332.0,399.3;396.1,453.6;425.7,486.5;383.0,460.2;317.2,466.8;277.7,453.6;264.6,417.4
128#387.9,715.4;405.2,641.0;376.5,582.8;324.0,578.4;275.5,527.2;268.5,602.8;349.4,582.8;349.4,472.7;346.3,464.8;332.1,406.8;396.5,464.7;420.6,496.2;384.3,466.5;315.3,472.7;276.8,460.4;265.5,427.6
129#379.6,691.0;414.3,627.8;376.5,586.9;324.3,584.7;276.5,538.4;269.2,613.9;348.6,586.9;348.6,478.5;345.8,469.4;332.2,414.4;397.0,475.9;415.5,505.9;385.7,472.9;313.4,478.5;275.9,467.2;266.3,437.7
130#371.4,666.6;423.4,614.6;376.6,591.1;324.5,591.1;277.6,549.5;269.8,625.0;347.9,591.1;347.9,484.4;345.3,474.0;332.3,421.9;397.4,487.0;410.4,515.6;387.0,479.2;311.5,484.4;275.0,474.0;267.2,447.9
131#371.9,650.6;419.3,590.2;371.9,611.8;326.6,603.1;283.5,564.3;270.5,637.6;352.5,609.6;348.2,499.6;346.0,484.5;336.3,433.9;399.9,501.8;412.9,523.4;384.8,495.3;313.7,495.3;277.0,484.5;270.5,460.8
132#328.9,644.0;346.2,592.1;370.0,613.8;328.9,607.3;285.7,577.0;270.5,650.5;350.5,607.3;352.7,507.8;350.5,492.7;346.2,443.0;400.3,512.1;413.2,538.1;389.5,505.7;320.3,505.7;274.9,494.9;270.5,475.4
133#336.2,653.1;342.5,600.5;372.0,617.3;329.8,608.9;283.5,590.0;268.8,663.7;353.0,615.2;355.1,514.2;353.0,499.4;353.0,448.9;401.4,522.6;412.0,545.7;393.0,516.3;321.4,510.0;279.3,505.7;270.9,486.8
134#356.5,649.3;385.6,593.3;374.4,611.2;331.9,611.2;284.9,602.3;271.4,673.9;354.3,611.2;358.7,519.4;358.7,503.8;355.4,453.4;378.9,550.8;414.7,564.2;396.8,521.7;322.9,512.7;282.6,512.7;273.7,499.3
135#352.3,666.2;345.6,614.6;372.5,621.3;334.4,612.3;287.2,614.6;271.5,686.4;354.6,616.8;363.5,518.1;361.3,502.3;357.9,454.1;383.7,551.7;412.9,574.2;403.9,520.3;323.1,513.6;287.2,527.0;276.0,513.6
136#334.1,681.0;338.7,598.7;375.3,614.7;336.4,605.6;286.1,623.9;272.4,694.8;357.0,607.9;366.2,516.4;363.9,500.4;360.4,451.2;391.3,555.3;423.3,578.1;407.3,518.7;325.0,514.1;283.8,527.8;272.4,518.7
137#355.1,684.9;371.7,635.2;383.6,606.7;343.3,597.3;291.2,623.3;274.6,694.4;362.2,599.6;367.0,516.7;364.6,500.1;358.7,451.6;395.4,549.9;433.3,559.4;407.3,516.7;326.7,512.0;288.8,538.0;269.8,530.9
138#350.9,697.2;376.2,634.0;383.8,608.7;340.8,601.1;295.3,616.3;280.1,692.2;363.6,606.2;366.1,515.1;361.0,499.9;352.2,445.5;406.6,542.9;444.5,548.0;406.6,515.1;325.6,515.1;290.2,548.0;270.0,540.4
139#351.3,708.6;377.3,643.5;385.1,604.5;348.7,596.7;296.6,609.7;294.0,685.2;369.5,601.9;364.3,516.0;359.1,502.9;344.8,449.6;426.8,542.0;450.2,531.6;403.4,513.4;325.3,521.2;291.4,560.2;273.2,552.4
140#349.5,719.5;378.6,650.7;386.6,611.1;344.3,603.1;304.6,597.8;309.9,669.2;365.4,608.4;360.1,518.5;354.8,507.9;340.3,451.1;407.7,494.7;450.0,513.2;399.8,513.2;320.5,526.4;294.0,568.7;272.9,563.5
141#347.4,734.3;375.3,664.4;378.1,619.7;330.6,619.7;302.7,597.3;325.0,664.4;355.8,619.7;353.0,524.7;350.2,513.5;337.6,456.2;406.1,466.0;439.6,499.5;389.3,516.3;313.8,530.2;297.1,577.8;269.1,577.8
142#343.5,747.0;376.3,681.3;373.4,624.5;331.5,618.5;337.5,651.4;364.4,672.3;349.4,621.5;349.4,525.9;343.5,516.9;331.5,463.1;413.7,449.7;424.2,490.0;385.3,519.9;310.6,537.8;289.7,588.6;268.8,591.6
143#343.3,762.4;371.5,690.3;355.8,621.3;318.2,618.2;321.3,668.3;380.9,671.5;337.0,621.3;337.0,530.3;337.0,524.1;324.5,467.6;423.3,456.6;412.3,486.4;374.7,520.9;302.5,542.9;283.7,593.1;261.7,605.6
144#339.2,772.4;364.2,697.3;345.4,625.3;307.9,625.3;348.6,672.2;373.6,691.0;326.7,625.3;329.8,537.7;326.7,528.3;317.3,468.9;420.5,475.1;408.0,500.1;364.2,528.3;292.2,547.1;273.5,597.1;261.0,619.0
145#342.2,782.5;348.6,708.3;338.9,634.1;300.2,630.9;332.5,682.5;374.4,698.6;319.6,630.9;322.8,537.4;319.6,527.7;306.7,469.7;416.3,495.5;406.7,521.3;358.3,527.7;284.1,543.8;258.3,595.4;261.5,634.1
146#344.8,785.3;341.7,714.9;329.5,629.2;295.8,629.2;335.6,684.3;372.3,714.9;311.1,629.2;311.1,537.4;311.1,531.3;300.4,471.6;412.1,512.9;390.7,531.3;344.8,528.3;274.4,540.5;240.7,586.4;256.0,604.8
147#343.0,784.9;343.0,707.5;315.2,626.9;284.2,630.0;330.6,701.3;358.5,735.3;299.7,630.0;302.8,537.0;302.8,533.9;301.2,473.4;408.1,527.7;386.4,540.1;336.8,530.8;265.6,540.1;225.3,574.2;262.5,586.6
148#339.7,778.9;351.8,703.1;303.3,630.3;276.0,630.3;351.8,639.4;354.8,763.8;291.2,633.3;297.2,542.4;297.2,539.3;304.8,480.2;403.4,539.3;379.1,557.5;330.6,539.3;263.9,542.4;221.4,557.5;248.7,566.6
149#345.1,757.7;360.6,690.9;296.3,636.9;265.5,639.5;334.9,698.6;340.0,760.3;283.4,636.9;293.7,546.9;293.7,541.8;305.3,494.2;399.1,549.5;376.0,567.5;324.6,546.9;262.9,541.8;229.5,544.4;399.1,559.8
150#344.1,741.3;361.9,674.9;293.0,641.7;264.9,644.2;331.3,685.1;336.4,743.9;277.6,641.7;290.4,549.7;290.4,547.2;309.6,492.2;395.1,562.5;367.0,577.8;321.1,552.3;262.3,547.2;346.6,590.6;384.9,580.4
151#344.4,717.8;364.0,656.1;291.2,644.9;260.3,647.7;336.0,681.3;336.0,726.2;274.3,644.9;291.2,552.4;291.2,549.6;305.2,493.6;394.9,572.0;366.8,588.9;322.0,560.8;260.3,538.4;257.5,518.8;271.5,504.8
152#343.1,704.2;356.2,636.5;288.4,649.5;259.8,649.5;327.5,688.6;330.1,753.7;272.8,649.5;293.6,555.7;293.6,550.5;305.4,494.5;390.0,584.4;366.6,594.8;322.3,563.5;262.4,542.7;257.2,521.8;278.0,501.0
153#338.8,680.5;350.8,615.6;290.7,649.2;261.9,654.0;326.8,697.3;326.8,767.1;276.3,649.2;293.1,557.9;295.5,550.7;313.6,508.6;389.3,593.9;362.9,603.6;326.8,565.1;261.9,543.5;265.5,513.4;284.7,508.6
154#335.4,662.7;335.4,603.8;302.1,655.0;271.3,657.6;320.0,703.7;325.2,767.8;286.7,655.0;302.1,562.8;302.1,555.1;318.8,507.7;386.7,603.8;363.6,611.5;330.3,573.0;266.2,552.5;253.4,542.3;272.6,512.8
155#325.0,776.1;335.6,609.1;314.4,651.5;277.3,656.8;314.4,709.8;325.0,773.4;295.9,654.2;303.8,564.1;306.5,558.8;323.7,509.7;386.0,614.4;362.1,614.4;338.3,574.7;272.0,553.5;248.2,566.7;272.0,540.2
156#369.2,627.8;355.6,644.1;325.6,652.3;287.5,657.8;309.3,715.0;325.6,783.1;303.8,652.3;309.3,567.9;309.3,557.0;327.0,506.5;391.0,622.3;366.5,616.9;342.0,573.3;273.9,559.7;254.8,586.9;265.7,559.7
157#362.0,629.9;356.2,652.9;327.4,644.3;292.9,652.9;304.4,719.1;321.7,788.1;310.2,650.0;310.2,563.7;310.2,557.9;320.2,499.0;396.5,629.9;367.7,606.9;344.7,572.3;275.7,557.9;261.3,598.2;269.9,581.0
158#375.8,664.3;367.0,623.6;335.1,649.8;297.3,652.7;306.0,716.6;320.5,789.3;314.7,649.8;311.8,565.5;314.7,553.9;316.2,500.1;390.3,617.8;390.3,612.0;349.6,568.4;274.0,562.6;265.3,603.3;285.7,594.6
159#378.0,682.4;368.7,654.6;344.0,642.3;304.0,651.6;310.1,719.4;316.3,790.3;322.5,648.5;313.2,562.1;313.2,556.0;316.3,500.4;396.5,593.0;387.2,599.1;350.2,565.2;279.3,562.1;273.1,611.5;285.5,593.0
160#373.3,689.2;364.1,649.6;345.8,640.5;306.2,652.6;309.2,716.7;312.3,786.8;324.5,646.5;315.3,561.2;315.3,555.1;315.3,503.3;391.5,561.2;400.7,576.4;345.8,561.2;281.8,564.2;275.7,616.1;294.0,600.8
161#374.4,701.4;365.4,653.5;344.5,641.6;308.5,650.5;311.5,710.4;314.5,785.3;326.5,644.6;317.5,563.7;317.5,557.7;317.5,506.8;395.4,530.8;410.3,560.7;353.5,560.7;281.6,566.7;266.6,614.6;257.6,608.6
162#371.7,711.8;350.6,711.8;344.6,642.5;308.5,648.6;314.5,711.8;311.5,781.0;326.5,645.5;320.5,567.3;317.5,558.3;314.5,510.1;398.8,513.1;404.8,549.2;353.6,561.3;284.4,570.3;266.3,612.4;254.3,612.4
163#359.0,720.5;350.1,702.8;347.2,649.4;308.6,649.4;311.6,708.7;311.6,779.8;326.4,649.4;320.5,563.4;320.5,554.5;317.5,507.1;400.5,498.2;397.6,536.7;353.1,557.5;287.9,569.3;261.2,613.8;258.2,619.7
164#349.3,729.7;343.3,702.9;343.3,646.5;307.7,649.4;310.6,711.8;313.6,783.1;325.5,649.4;322.5,566.3;322.5,557.4;316.6,506.9;402.7,492.0;387.9,530.6;352.2,557.4;289.8,569.2;266.1,607.9;278.0,598.9
165#339.6,739.0;336.5,687.7;342.6,648.6;306.4,651.6;309.4,717.9;315.5,787.2;324.5,651.6;321.5,564.2;321.5,558.2;315.5,506.9;405.9,491.9;384.8,528.0;351.6,555.1;291.3,570.2;264.2,609.4;279.3,594.3
166#337.2,746.8;334.3,688.5;343.0,650.5;308.0,650.5;308.0,720.6;316.8,787.7;322.6,650.5;322.6,565.9;322.6,560.1;313.9,510.5;407.2,495.9;383.9,530.9;351.8,560.1;290.5,568.8;261.3,606.8;281.8,580.5
167#336.9,755.7;331.2,696.3;342.6,651.0;308.6,653.8;305.8,724.6;317.1,792.5;322.8,651.0;322.8,568.9;319.9,563.3;311.4,509.5;406.2,505.3;385.0,537.8;351.1,563.3;291.6,571.8;260.5,605.7;291.6,568.9
168#337.8,768.4;332.2,706.6;343.4,656.1;309.8,656.1;307.0,723.4;318.2,788.0;323.8,656.1;321.0,574.7;318.2,569.1;307.0,515.8;402.4,521.4;385.5,549.4;349.0,571.9;287.3,577.5;267.7,600.0;284.5,566.3
169#339.9,773.6;332.0,715.6;342.5,660.2;308.2,662.8;308.2,726.1;321.4,786.8;324.0,662.8;316.1,581.1;316.1,575.8;306.9,521.8;400.5,531.0;382.1,560.0;347.8,578.5;287.1,581.1;273.9,594.3;292.4,573.2
170#343.0,782.2;335.4,721.0;343.0,670.0;304.8,670.0;307.3,726.1;320.1,782.2;325.2,670.0;315.0,585.8;315.0,583.3;302.2,534.8;401.7,539.9;378.7,568.0;345.6,585.8;284.4,590.9;276.7,590.9;292.0,578.2
171#343.0,791.5;337.7,728.9;340.4,679.3;309.0,679.3;303.8,718.4;316.9,768.0;322.1,679.3;319.5,595.8;316.9,590.6;301.2,546.2;400.4,551.4;379.5,574.9;348.2,595.8;288.2,598.4;275.1,601.0;293.4,593.2
172#337.6,806.3;337.6,741.7;340.2,695.2;309.2,695.2;301.5,710.7;309.2,762.4;322.1,695.2;319.5,604.8;319.5,602.2;298.9,555.7;399.6,563.4;381.6,584.1;350.5,604.8;288.5,609.9;283.4,620.3;293.7,607.4
173#336.7,821.2;336.7,754.6;341.8,700.7;305.9,698.2;293.1,713.5;257.2,731.5;323.8,698.2;321.3,616.1;316.2,611.0;298.2,567.4;400.8,572.5;382.8,590.4;349.5,613.5;290.5,618.7;295.6,641.7;293.1,626.4
174#337.3,827.9;337.3,761.6;341.5,705.7;302.1,699.4;310.4,740.9;264.8,738.8;322.8,703.6;322.8,622.8;318.7,614.5;299.0,580.3;406.7,580.3;389.1,591.7;349.8,618.6;293.8,624.8;300.0,651.8;318.7,651.8
175#336.3,831.5;340.5,762.3;342.6,705.7;300.7,699.4;323.8,743.4;269.2,743.4;323.8,699.4;323.8,623.9;319.6,619.7;295.4,580.9;404.5,580.9;393.0,594.5;351.0,619.7;294.4,626.0;300.7,651.1;319.6,646.9
176#336.6,827.1;345.4,761.7;343.2,702.8;301.7,698.4;312.6,735.5;264.6,752.9;323.5,700.6;321.4,624.2;321.4,619.9;298.5,579.5;397.7,600.2;380.3,613.3;351.9,619.9;295.2,626.4;299.5,656.9;332.3,650.4
177#337.7,815.0;350.9,755.7;344.3,698.6;306.9,696.4;313.5,749.1;267.4,757.9;324.5,698.6;324.5,623.9;322.3,617.3;303.6,576.6;397.0,610.7;386.0,617.3;353.1,619.5;295.9,628.3;291.5,661.2;311.3,650.3
178#346.1,796.0;361.2,744.0;346.1,705.1;307.1,700.7;311.4,746.2;268.1,761.4;326.6,702.9;324.4,622.7;324.4,618.4;306.0,574.0;398.1,611.9;391.6,620.6;356.9,618.4;294.1,622.7;287.6,670.4;294.1,657.4
179#353.1,776.6;374.1,730.4;348.9,694.7;311.0,694.7;296.3,690.5;304.7,747.2;327.8,694.7;329.9,621.1;329.9,616.9;314.2,573.8;399.3,619.0;397.2,629.5;363.6,619.0;296.3,623.2;294.2,663.2;287.9,671.6
180#362.4,762.5;387.8,703.9;354.6,698.0;315.5,692.2;294.0,694.1;305.7,750.8;333.1,692.2;337.0,621.9;335.0,614.0;320.4,574.0;401.4,623.8;403.4,637.5;368.2,621.9;305.7,623.8;296.0,666.8;303.8,662.9
181#369.4,750.5;400.7,691.9;355.7,691.9;316.7,690.0;291.3,693.9;306.9,758.3;334.3,690.0;338.2,625.5;338.2,613.8;330.4,570.8;400.7,629.4;410.4,645.1;371.4,623.6;310.8,621.6;293.2,660.7;312.8,652.9
182#381.1,739.7;410.4,681.1;357.7,686.9;320.6,686.9;287.4,694.7;306.9,761.1;340.1,686.9;344.0,622.5;344.0,612.7;338.2,569.7;365.5,647.9;410.4,655.7;375.3,624.4;314.7,622.5;293.2,661.5;308.9,657.6
183#388.0,736.8;423.2,680.1;364.6,687.9;323.6,686.0;282.6,703.6;309.9,766.1;345.1,686.0;347.0,623.5;347.0,613.7;343.1,568.8;403.7,641.1;415.4,656.7;378.3,623.5;315.8,621.5;294.3,660.6;313.8,658.6
184#401.8,735.8;435.0,688.9;370.5,688.9;327.5,687.0;284.6,710.4;310.0,772.9;351.0,687.0;349.0,622.5;349.0,612.8;345.1,567.8;401.8,646.0;413.5,659.6;382.2,624.5;317.8,622.5;294.3,663.5;300.2,659.6
185#403.5,741.2;433.9,692.5;376.6,685.1;334.1,682.9;288.7,707.3;315.3,768.1;357.0,683.2;354.7,616.3;354.4,608.1;348.8,563.4;403.4,633.8;416.3,648.1;387.6,617.6;323.6,616.8;301.9,650.9;309.9,646.5
186#405.2,746.7;432.7,696.0;382.7,681.4;340.7,678.8;292.7,704.1;320.6,763.2;363.0,679.4;360.4,610.1;359.9,603.3;352.5,559.0;404.9,621.5;419.1,636.7;393.0,610.7;329.4,611.1;309.6,638.3;319.6,633.4
187#406.8,752.1;431.6,699.6;388.7,677.6;347.3,674.8;296.8,701.0;325.9,758.4;369.0,675.5;366.1,603.8;365.4,598.6;356.2,554.6;406.5,609.3;421.9,625.2;398.4,603.7;335.2,605.4;317.2,625.7;329.3,620.3
188#408.5,757.6;430.5,703.2;394.8,673.9;353.9,670.7;300.8,697.9;331.2,753.6;375.0,671.7;371.8,597.6;370.8,593.8;359.9,550.2;408.0,597.1;424.7,613.8;403.8,596.8;341.0,599.7;324.8,613.1;339.0,607.2
189#410.2,763.0;429.4,706.8;400.9,670.1;360.4,666.6;304.9,694.8;336.5,748.8;381.1,667.9;377.5,591.4;376.2,589.1;363.6,545.8;409.6,584.9;427.4,602.4;409.2,589.9;346.8,594.0;332.4,600.5;348.7,594.1
190#411.9,768.5;428.2,710.3;407.0,666.3;367.0,662.5;308.9,691.6;341.8,743.9;387.1,664.1;383.2,585.2;381.7,584.4;367.2,541.3;411.2,572.6;430.2,590.9;414.7,583.0;352.5,588.2;340.1,588.0;358.4,581.1
191#413.6,773.9;427.1,713.9;413.1,662.6;373.6,658.4;313.0,688.5;347.1,739.1;393.1,660.3;388.9,579.0;387.1,579.6;370.9,536.9;412.7,560.4;433.0,579.5;420.1,576.1;358.3,582.5;347.7,575.4;368.1,568.0
192#415.2,779.4;426.0,717.5;419.1,658.8;380.2,654.4;317.0,685.4;352.4,734.3;399.1,656.4;394.6,572.7;392.6,574.9;374.6,532.5;414.3,548.2;435.8,568.0;425.5,569.1;364.1,576.8;355.3,562.8;377.8,554.9
193#416.9,784.8;424.8,721.0;425.2,655.1;386.8,650.3;321.1,682.2;357.7,729.4;405.1,652.6;400.3,566.5;398.1,570.1;378.3,528.1;415.8,535.9;438.6,556.6;430.9,562.2;369.9,571.1;363.0,550.2;387.5,541.8
194#418.6,790.3;423.7,724.6;431.3,651.3;393.4,646.2;325.1,679.1;363.0,724.6;411.1,648.8;406.0,560.3;403.5,565.4;382.0,523.7;417.4,523.7;441.4,545.1;436.3,555.3;375.7,565.4;370.6,537.6;397.2,528.7
195#422.2,783.2;429.1,719.4;438.4,649.6;400.3,645.5;334.8,675.9;371.5,722.7;418.0,647.7;408.9,561.3;405.9,564.5;384.5,524.5;416.4,530.2;439.2,550.8;437.9,556.1;380.1,566.5;371.3,542.4;395.5,531.7
196#425.8,776.2;434.4,714.2;445.4,647.9;407.2,644.8;344.5,672.8;379.9,720.9;424.9,646.7;411.7,562.2;408.3,563.7;387.1,525.2;415.4,536.6;437.0,556.4;439.5,557.0;384.5,567.5;371.9,547.1;393.7,534.6
197#429.4,769.1;439.8,709.0;452.5,646.2;414.1,644.1;354.2,669.6;388.4,719.0;431.8,645.6;414.6,563.2;410.7,562.8;389.6,526.0;414.4,543.1;434.8,562.1;441.1,557.8;388.9,568.6;372.6,551.9;392.0,537.6
198#432.9,762.1;445.2,703.8;459.6,644.5;421.0,643.4;363.8,666.4;396.8,717.2;438.6,644.5;417.5,564.2;413.1,561.9;392.2,526.7;413.5,549.6;432.7,567.7;442.8,558.7;393.4,569.7;373.3,556.7;390.3,540.6
199#436.5,755.0;450.6,698.6;466.7,642.8;427.9,642.7;373.5,663.2;405.3,715.3;445.5,643.4;420.4,565.2;415.5,561.0;394.7,527.5;412.5,556.1;430.5,573.4;444.4,559.5;397.8,570.8;374.0,561.5;388.6,543.6
200#440.1,748.0;455.9,693.4;473.7,641.1;434.8,642.0;383.2,660.1;413.7,713.5;452.4,642.4;423.2,566.1;417.9,560.2;397.3,528.2;411.5,562.5;428.3,579.0;446.0,560.4;402.2,571.8;374.6,566.2;386.8,546.5
201#443.7,740.9;461.3,688.2;480.8,639.4;441.7,641.3;392.9,656.9;422.2,711.6;459.3,641.3;426.1,567.1;420.3,559.3;399.8,529.0;410.5,569.0;426.1,584.7;447.6,561.2;406.6,572.9;375.3,571.0;385.1,549.5
202#451.6,723.2;463.3,670.5;478.9,643.2;443.7,643.2;394.9,656.8;422.3,713.5;461.3,643.2;432.0,568.9;426.2,561.1;405.7,525.0;406.6,557.2;455.5,584.6;453.5,563.1;408.6,574.8;385.1,574.8;387.1,551.4
203#460.4,697.7;466.3,656.7;483.9,639.1;446.7,639.1;397.9,660.6;421.4,715.3;466.3,639.1;433.1,566.9;429.2,559.0;408.7,519.0;409.6,566.9;456.5,576.6;456.5,562.9;409.6,570.8;384.2,574.7;388.1,553.2
204#466.3,674.2;450.6,644.9;485.8,633.2;452.6,635.2;399.9,664.5;423.3,723.1;470.2,637.1;437.0,562.9;433.1,557.0;416.5,517.0;415.5,564.9;450.6,584.4;456.5,559.0;417.4,568.8;388.1,576.6;388.1,557.0
205#467.3,673.4;449.7,646.0;486.9,628.4;453.6,632.3;402.7,667.5;424.2,726.3;471.2,630.3;434.0,557.8;432.1,552.0;419.3,517.7;430.1,567.6;469.3,585.3;459.5,553.9;408.6,559.8;377.2,581.3;389.0,557.8
206#470.4,660.7;435.0,639.8;482.9,623.1;449.6,629.4;403.7,669.0;424.5,729.5;466.2,627.3;430.8,552.2;430.8,545.9;419.3,511.5;449.6,587.7;472.5,581.4;457.9,548.0;399.5,556.4;372.4,585.6;376.6,585.6
207#423.5,725.1;421.4,672.5;480.4,619.9;448.8,624.1;404.6,670.4;423.5,731.4;463.5,622.0;429.8,548.3;427.7,537.7;416.2,511.4;453.0,586.2;478.3,577.7;457.2,544.1;402.5,550.4;379.3,577.7;383.5,577.7
208#421.8,728.5;428.4,657.3;475.2,621.7;446.2,624.0;406.2,670.7;424.0,733.0;459.6,624.0;430.7,541.6;428.4,530.5;411.8,502.7;490.7,601.7;488.5,572.8;457.4,537.2;401.7,543.9;375.0,577.2;379.5,586.1
209#427.2,714.0;436.9,646.5;473.0,616.0;443.3,619.2;405.3,667.3;423.0,729.2;456.8,619.2;430.8,536.5;428.8,526.5;415.0,495.8;489.5,587.2;490.4,566.4;457.7,533.1;401.9,538.4;375.4,563.3;375.2,566.1
210#432.6,699.6;445.4,635.8;470.7,610.4;440.3,614.4;404.5,664.0;422.0,725.4;453.9,614.4;430.8,531.3;429.2,522.6;418.2,489.0;488.3,572.6;492.4,560.1;458.0,529.0;402.0,533.0;375.7,549.5;370.8,546.1
211#438.0,685.1;453.9,625.0;468.5,604.7;437.4,609.6;403.6,660.6;421.0,721.6;451.1,609.6;430.9,526.2;429.6,518.6;421.4,482.1;487.1,558.1;494.3,553.7;458.3,524.9;402.2,527.5;376.1,535.6;366.5,526.1
212#443.3,670.7;462.3,614.3;466.2,599.0;434.4,604.9;402.7,657.2;420.1,717.9;448.2,604.9;431.0,521.0;430.0,514.7;424.5,475.3;485.8,543.5;496.2,547.3;458.6,520.7;402.4,522.0;376.4,521.7;362.2,506.2
213#448.7,656.2;470.8,603.5;464.0,593.3;431.5,600.1;401.8,653.8;419.1,714.1;445.4,600.1;431.1,515.9;430.4,510.7;427.7,468.4;484.6,529.0;498.1,540.9;458.9,516.6;402.6,516.5;376.8,507.8;357.9,486.2
214#454.1,641.8;479.3,592.8;461.7,587.7;428.5,595.3;401.0,650.5;418.1,710.3;442.5,595.3;431.1,510.7;430.8,506.8;430.9,461.6;483.4,514.4;500.1,534.6;459.2,512.5;402.7,511.1;377.1,494.0;353.5,466.2
215#459.5,627.3;487.8,582.0;459.5,582.0;425.6,590.5;400.1,647.1;417.1,706.5;439.7,590.5;431.2,505.6;431.2,502.8;434.1,454.7;482.2,499.9;502.0,528.2;459.5,508.4;402.9,505.6;377.5,480.1;349.2,446.2
216#458.3,641.0;484.6,593.6;458.3,585.7;421.5,591.0;392.5,641.0;421.5,691.0;439.9,588.4;432.0,504.2;432.0,504.2;434.6,454.2;482.0,501.5;500.4,535.7;460.9,506.8;403.1,504.2;376.7,477.9;350.4,446.3
217#460.3,653.7;477.4,602.6;457.9,583.2;414.1,590.5;384.9,624.5;419.0,670.8;436.0,583.2;431.1,505.3;431.1,505.3;436.0,456.6;484.7,505.3;494.4,536.9;460.3,507.7;401.9,505.3;375.1,478.5;348.4,449.3
218#463.7,664.5;477.5,610.4;454.8,580.6;413.6,585.5;382.1,605.7;413.7,654.3;434.6,580.6;431.4,506.2;431.4,505.4;437.0,456.1;481.5,508.6;492.0,539.3;459.7,507.8;402.3,505.4;375.6,479.5;348.9,451.2
219#467.0,675.4;477.5,618.2;451.8,578.0;413.1,580.4;379.3,587.0;408.3,637.7;433.3,578.0;431.6,507.1;431.6,505.5;438.1,455.5;478.4,511.9;489.7,541.7;459.0,507.9;402.6,505.5;376.0,480.5;349.5,453.1
220#470.4,686.2;477.6,626.0;448.7,575.4;412.6,575.4;376.5,568.2;403.0,621.2;431.9,575.4;431.9,508.0;431.9,505.6;439.1,455.0;475.2,515.2;487.3,544.1;458.4,508.0;403.0,505.6;376.5,481.5;350.0,455.0
221#477.2,694.2;474.7,633.1;440.5,576.9;406.3,574.4;381.9,554.9;391.7,608.6;423.4,574.4;433.2,503.6;433.2,501.1;445.4,452.3;474.7,515.8;484.5,542.7;462.5,506.0;403.9,501.1;374.6,479.1;347.7,452.3
222#483.6,700.7;470.9,637.0;435.2,581.0;402.1,573.4;384.3,547.9;389.4,609.0;417.4,578.5;435.2,502.1;437.7,499.5;453.0,451.1;475.9,517.3;483.6,542.8;463.2,507.1;407.2,497.0;371.5,476.6;351.1,456.2
223#489.3,702.3;466.9,635.1;427.2,580.4;394.8,568.0;387.4,558.0;387.4,615.2;412.2,575.4;439.6,498.4;439.6,495.9;459.5,448.6;474.4,515.8;481.9,543.1;466.9,508.3;412.2,493.4;379.9,478.5;350.1,453.6
224#480.2,693.1;467.5,632.2;426.9,579.0;391.5,566.3;378.8,548.6;388.9,611.9;409.2,571.4;442.2,497.9;444.7,495.3;465.0,449.7;477.6,513.1;485.3,543.5;467.5,508.0;414.3,490.3;378.8,477.6;350.9,454.8
225#467.4,685.3;472.2,622.8;421.8,572.4;385.8,560.4;376.2,548.4;388.2,613.2;405.0,565.2;443.4,498.0;443.4,495.6;469.8,450.0;474.6,512.4;484.2,543.6;467.4,507.6;414.6,488.4;378.6,478.8;349.8,452.4
226#462.5,677.5;466.2,614.5;418.8,563.3;383.2,551.6;378.0,547.1;388.5,610.9;402.3,556.2;442.1,490.0;442.4,487.9;470.3,443.5;476.0,511.7;483.5,536.4;466.1,499.8;413.4,480.1;376.0,473.5;347.5,454.5
227#457.7,669.7;460.1,606.2;415.8,554.3;380.6,542.9;379.8,545.7;388.8,608.5;399.7,547.1;440.9,481.9;441.5,480.1;470.7,437.1;477.3,511.0;482.7,529.1;464.8,492.1;412.2,471.8;373.4,468.1;345.3,456.6
228#452.8,661.9;454.1,598.0;412.8,545.2;377.9,534.1;381.7,544.4;389.2,606.2;397.0,538.1;439.6,473.9;440.5,472.4;471.2,430.6;478.7,510.4;482.0,521.9;463.5,484.3;411.0,463.5;370.8,462.8;343.0,458.7
229#448.0,654.1;448.0,589.7;409.8,536.2;375.3,525.4;383.5,543.1;389.5,603.8;394.3,529.0;438.4,465.8;439.6,464.6;471.6,424.2;480.0,509.7;481.3,514.6;462.2,476.5;409.8,455.2;368.1,457.5;340.7,460.8
230#443.1,646.2;442.0,581.4;406.9,527.1;372.7,516.6;385.3,541.7;389.8,601.5;391.7,520.0;437.1,457.8;438.6,456.9;472.1,417.7;481.4,509.0;480.5,507.4;460.9,468.8;408.6,446.8;365.5,452.1;338.5,462.9
231#438.3,638.4;436.0,573.1;403.9,518.0;370.1,507.9;387.1,540.4;390.1,599.1;389.0,510.9;435.9,449.8;437.6,449.2;472.6,411.2;482.7,508.3;479.8,500.2;459.6,461.0;407.4,438.5;362.9,446.8;336.2,465.0
232#433.4,630.6;429.9,564.9;400.9,509.0;367.4,499.1;389.0,539.0;390.5,596.8;386.4,501.9;434.6,441.7;436.7,441.4;473.0,404.8;484.1,507.7;479.0,492.9;458.3,453.3;406.2,430.2;360.3,441.4;334.0,467.1
233#428.6,622.8;423.9,556.6;397.9,499.9;364.8,490.4;390.8,537.7;390.8,594.4;383.7,492.8;433.4,433.7;435.7,433.7;473.5,398.3;485.4,507.0;478.3,485.7;457.0,445.5;405.0,421.9;357.7,436.1;331.7,469.2
234#432.7,614.8;416.5,547.7;400.3,487.5;367.9,480.6;391.0,529.2;391.0,589.4;384.1,482.9;430.4,422.7;432.7,420.4;474.3,385.7;476.6,489.8;474.3,473.6;453.5,432.0;402.6,408.8;349.4,425.0;370.2,438.9
235#430.4,605.6;415.2,540.8;398.0,480.3;365.6,471.6;393.6,523.5;395.8,577.5;382.8,475.9;426.0,411.1;432.5,406.8;468.2,373.3;475.7,486.7;471.4,460.8;452.0,421.9;400.1,398.2;346.1,409.0;361.2,417.6
236#427.6,597.5;415.5,534.2;400.6,472.8;366.6,465.8;391.7,520.4;395.6,575.0;384.7,469.3;423.0,399.5;428.2,395.5;462.2,359.5;472.0,479.0;466.4,449.6;448.7,410.3;396.9,387.0;351.0,388.6;366.0,392.5
237#424.8,589.3;415.7,527.6;403.2,465.3;367.5,460.1;389.7,517.3;395.4,572.5;386.5,462.7;420.0,388.0;423.9,384.3;456.2,345.7;468.3,471.3;461.4,438.4;445.4,398.8;393.6,375.9;355.8,368.2;370.8,367.4
238#422.1,581.2;416.0,521.1;405.9,457.8;368.5,454.3;387.8,514.1;395.2,569.9;388.4,456.0;417.1,376.4;419.7,373.0;450.2,332.0;464.6,463.6;456.3,427.2;442.1,387.2;390.4,364.7;360.7,347.9;375.7,342.4
239#419.3,573.0;416.2,514.5;408.5,450.3;369.4,448.6;385.8,511.0;395.0,567.4;390.2,449.4;414.1,364.9;415.4,361.8;444.2,318.2;460.9,455.9;451.3,416.0;438.8,375.7;387.1,353.6;365.5,327.5;380.5,317.3
240#416.5,564.9;416.5,507.9;411.1,442.8;370.4,442.8;383.9,507.9;394.8,564.9;392.1,442.8;411.1,353.3;411.1,350.5;438.2,304.4;457.2,448.2;446.3,404.8;435.5,364.1;383.9,342.4;370.4,307.1;385.3,292.2
241#416.7,558.0;416.7,498.1;411.5,433.1;369.9,433.1;382.9,498.1;390.7,558.0;390.7,433.1;408.9,347.1;411.5,341.9;431.0,296.4;453.2,438.3;440.1,399.2;432.3,354.9;382.9,339.3;372.5,383.6;382.9,412.2
