1#634.4,774.7;615.7,684.9;686.8,587.7;634.4,587.7;608.2,684.9;623.2,778.4;660.6,587.7;638.1,453.0;638.1,449.3;617.6,376.4;694.2,557.8;692.4,383.8;679.3,438.1;593.2,464.2;585.8,445.5;597.0,430.6
2#634.4,774.9;615.7,681.3;686.8,587.7;634.4,587.7;608.2,685.0;623.2,778.6;660.6,587.7;638.1,452.9;638.1,449.1;617.5,376.1;694.3,554.0;692.4,383.6;679.3,437.9;593.2,464.1;585.7,445.4;596.9,430.4
3#629.4,773.7;617.9,685.5;679.3,585.7;629.4,585.7;606.4,681.6;621.7,781.4;656.3,585.7;637.1,447.5;633.2,443.7;616.0,376.5;698.5,551.1;702.3,493.6;675.5,436.0;591.0,451.4;594.9,485.9;598.7,432.2
4#631.3,780.9;623.6,684.2;677.8,579.7;619.7,579.7;608.1,676.4;615.9,792.5;646.8,579.7;635.2,436.5;635.2,432.7;617.8,368.8;654.5,494.6;685.5,486.8;673.9,428.8;592.6,436.5;596.5,490.7;612.0,541.0
5#681.5,608.4;607.1,664.2;670.3,560.1;618.3,563.8;592.2,656.8;618.3,787.0;640.6,563.8;633.1,422.4;633.1,411.2;627.6,368.5;685.2,530.3;700.1,489.4;674.1,418.7;588.5,426.1;599.7,493.1;614.5,522.9
6#675.5,616.0;661.2,552.0;668.3,537.8;615.0,541.3;572.3,608.9;615.0,694.2;643.4,541.3;629.2,406.2;629.2,402.6;616.8,336.8;664.8,349.3;696.8,406.2;668.3,406.2;590.1,409.7;593.7,466.6;604.3,509.3
7#672.5,608.2;637.5,544.6;669.3,519.2;615.2,525.5;551.6,570.1;608.9,640.0;643.8,522.4;621.6,392.0;621.6,382.5;605.7,322.0;669.3,350.7;701.1,404.7;659.7,379.3;580.3,395.2;583.4,407.9;605.7,395.2
8#670.3,610.8;643.4,533.2;664.3,503.3;607.6,503.3;533.0,515.3;595.7,592.9;637.5,506.3;610.6,375.0;607.6,366.1;588.2,304.9;670.3,348.2;706.1,395.9;655.4,363.1;565.8,381.0;571.8,422.8;610.6,410.8
9#663.3,609.7;640.2,529.0;657.5,488.7;599.9,491.6;516.4,468.5;579.8,549.2;628.7,488.7;602.8,361.9;597.0,350.4;575.4,305.8;671.9,344.6;709.4,382.1;643.1,350.4;556.7,370.6;539.4,410.9;556.7,402.3
10#658.8,614.9;640.0,536.7;640.0,474.1;593.0,474.1;518.0,424.0;558.6,499.1;615.0,474.1;589.9,352.1;586.8,342.7;566.5,284.8;665.0,317.6;702.6,358.3;636.9,339.5;546.1,355.2;499.2,380.2;521.1,374.0
11#658.6,619.0;645.9,542.5;626.7,459.6;578.9,462.8;511.9,389.4;531.0,475.5;604.4,459.6;582.1,338.4;578.9,325.6;561.3,279.4;637.9,285.7;681.0,325.6;626.7,322.4;540.6,344.8;473.6,347.9;537.4,322.4
12#663.3,617.8;638.8,537.2;621.3,446.1;565.2,449.6;505.6,376.1;519.7,460.2;593.2,446.1;575.7,320.0;572.2,316.5;545.9,251.7;609.0,251.7;659.8,288.5;617.8,302.5;533.7,330.5;460.1,316.5;516.2,277.9
13#649.9,613.3;631.2,531.2;612.5,441.6;564.0,441.6;571.5,475.2;519.2,471.5;586.4,441.6;560.3,314.7;556.5,311.0;545.3,243.8;569.6,223.3;620.0,255.0;593.9,303.5;523.0,322.2;459.5,284.8;508.0,232.6
14#633.0,613.3;620.8,524.2;600.6,439.1;539.8,439.1;483.1,398.6;515.5,487.7;568.2,439.1;547.9,309.5;547.9,309.5;543.9,240.6;537.8,190.0;580.3,232.5;592.5,301.4;503.4,313.5;462.9,260.9;491.2,196.0
15#606.0,611.6;610.0,511.7;586.0,431.7;530.0,439.7;470.0,431.7;522.0,515.7;554.0,439.7;542.0,311.8;542.0,307.8;538.0,243.8;542.0,199.8;566.0,235.8;582.0,311.8;498.0,311.8;466.0,247.8;482.0,199.8
16#587.2,594.2;590.8,498.9;562.5,445.9;513.1,453.0;467.2,456.5;527.2,530.6;537.8,449.5;527.2,315.3;527.2,315.3;537.8,248.3;543.1,218.3;559.0,251.8;566.1,318.9;488.4,304.8;453.1,248.3;486.6,218.3
17#569.4,561.4;566.4,491.1;551.1,457.5;499.1,457.5;462.5,463.6;520.5,549.2;523.6,457.5;529.7,316.9;523.6,316.9;538.9,255.7;541.9,249.6;560.3,274.1;572.5,316.9;486.9,310.7;447.2,267.9;482.3,235.9
18#548.8,532.8;557.7,458.9;540.0,464.9;483.8,467.8;466.1,497.4;519.3,571.2;513.4,467.8;525.2,320.1;525.2,320.1;541.5,259.5;554.8,426.4;560.7,305.3;566.6,328.9;486.8,314.1;445.4,281.6;488.3,253.6
19#530.0,512.8;523.9,457.8;520.8,463.9;475.0,467.0;465.8,515.9;508.6,592.2;496.4,467.0;526.9,332.6;526.9,326.5;546.8,270.0;510.1,276.1;560.5,311.2;566.6,347.9;484.1,320.4;444.4,299.0;497.9,276.1
20#467.1,529.0;523.6,449.3;520.3,472.6;457.2,462.6;450.5,519.0;487.1,608.7;490.4,472.6;523.6,339.7;523.6,336.4;555.1,275.0;566.7,323.1;570.1,372.9;563.4,359.7;480.4,319.8;443.9,323.1;490.4,293.3
21#453.3,575.3;444.2,493.7;507.6,475.6;453.3,475.6;429.1,508.8;456.3,596.4;483.5,475.6;516.7,351.8;522.7,336.7;551.4,292.9;565.0,339.7;558.9,388.1;562.0,360.9;474.4,327.7;441.2,348.8;474.4,357.9
22#445.1,515.0;439.3,483.4;496.8,480.5;445.1,471.9;407.7,483.4;433.6,569.6;470.9,480.5;508.3,351.1;514.1,336.8;545.7,282.1;557.2,342.5;551.4,411.5;551.4,365.5;465.2,328.1;436.4,362.6;468.1,368.4
23#473.7,507.8;504.4,461.9;489.0,477.2;427.8,459.3;389.5,441.4;417.6,533.3;461.0,469.5;504.4,347.0;509.5,331.7;536.3,279.3;537.5,390.4;550.3,418.5;550.3,364.9;461.0,326.6;435.4,370.0;461.0,380.2
24#456.3,527.9;513.6,460.7;476.2,460.7;421.5,438.4;384.2,406.0;409.1,490.6;451.4,453.3;501.1,346.3;506.1,331.4;529.7,277.9;553.4,378.6;555.9,430.9;545.9,358.7;451.4,326.4;433.9,378.6;466.3,383.6
25#451.0,543.3;507.0,455.2;477.7,465.9;421.6,452.5;397.6,380.4;459.0,497.9;451.0,460.5;496.4,343.1;501.7,329.7;527.1,275.0;547.1,377.8;555.1,423.2;541.7,356.4;448.3,327.0;437.6,377.8;464.3,383.1
26#447.7,567.0;488.5,499.0;472.2,463.7;420.5,447.4;404.2,374.0;464.0,558.8;445.0,458.2;491.2,344.1;496.7,327.7;522.5,282.9;526.6,406.6;553.8,422.9;537.5,354.9;442.3,327.7;434.1,379.4;464.0,374.0
27#448.0,584.6;478.5,514.6;472.4,465.9;414.6,450.7;487.6,505.5;463.3,554.1;438.9,453.7;487.6,341.1;490.7,329.0;516.5,269.6;521.1,420.2;554.6,426.3;536.3,350.3;442.0,322.9;426.7,374.6;460.2,371.6
28#452.7,598.6;479.3,532.1;479.3,458.9;422.8,442.3;489.3,488.8;449.4,488.8;452.7,455.6;486.0,332.5;486.0,322.5;507.6,257.7;532.6,448.9;555.8,419.0;532.6,345.8;439.4,315.9;426.1,375.7;449.4,389.1
29#468.3,610.9;485.0,530.4;485.0,456.6;428.0,443.2;411.3,433.1;444.8,500.2;458.2,446.5;485.0,329.2;488.4,315.8;506.8,267.1;538.7,460.0;552.1,413.0;532.0,342.6;438.1,312.4;424.7,376.1;448.1,402.9
30#480.2,615.0;494.1,531.6;483.7,451.7;428.1,441.3;445.5,476.0;445.5,524.6;455.9,444.7;483.7,330.1;483.7,319.6;502.8,262.3;539.3,458.6;546.2,410.0;532.3,344.0;431.6,309.2;417.7,305.7;445.5,295.3
31#487.4,609.4;510.0,522.9;487.4,451.5;434.8,447.7;453.6,481.6;446.0,549.2;461.1,447.7;487.4,327.4;487.4,319.9;502.4,256.0;528.8,444.0;547.6,402.6;532.5,342.4;438.5,312.4;400.9,271.0;442.3,240.9
32#494.7,589.7;525.8,503.1;480.8,451.2;432.4,447.8;467.0,492.8;446.2,575.8;456.6,451.2;484.3,323.2;484.3,319.7;501.6,257.4;529.3,402.8;567.3,385.5;532.7,337.0;439.3,312.8;404.7,257.4;430.6,228.0
33#503.1,572.8;539.0,490.4;481.6,461.7;431.4,461.7;467.3,511.9;445.8,597.9;460.1,461.7;485.2,325.4;485.2,321.8;499.6,260.9;560.5,361.3;585.6,368.4;531.8,332.6;442.2,318.2;406.3,268.0;422.5,223.2
34#515.1,555.8;552.1,470.7;496.6,463.3;437.3,470.7;459.5,533.6;444.7,622.4;466.9,470.7;489.1,326.3;485.4,330.0;500.3,267.1;555.8,344.8;585.4,352.2;533.6,330.0;444.7,322.6;400.3,289.3;422.5,248.6
35#522.4,540.4;558.0,455.0;493.9,476.3;440.5,476.3;444.1,554.6;440.5,643.6;469.0,476.3;486.8,337.5;483.2,337.5;506.4,271.7;518.8,294.8;575.7,326.9;529.5,341.1;444.1,330.4;401.4,309.1;435.2,271.7
36#532.8,515.6;554.9,441.8;499.6,467.7;448.0,471.4;436.9,563.6;433.2,648.4;473.8,471.4;481.2,342.2;484.8,345.9;495.9,275.8;519.9,259.2;562.3,305.3;525.4,342.2;440.6,338.5;411.1,334.8;425.8,294.3
37#530.5,511.0;556.3,424.9;509.0,476.5;453.0,476.5;440.1,562.6;431.5,648.7;478.8,472.2;483.2,347.4;487.5,347.4;491.8,278.5;534.8,239.8;552.0,295.7;526.2,343.1;444.4,351.7;418.6,360.3;431.5,321.5
38#463.2,555.3;545.2,460.3;515.0,486.2;458.9,486.2;437.3,563.9;428.7,654.5;484.8,486.2;480.5,352.5;480.5,356.8;484.8,287.8;540.9,240.3;545.2,296.4;519.3,352.5;441.6,365.4;420.1,374.1;433.0,339.5
39#457.0,599.1;491.5,551.7;513.0,482.8;465.6,487.1;439.8,564.7;431.2,650.8;491.5,487.1;482.8,366.6;482.8,362.3;474.2,297.7;547.4,246.0;543.1,302.0;517.3,353.6;435.5,375.2;418.2,409.6;431.2,357.9
40#450.2,603.1;553.3,443.2;521.3,496.5;468.0,500.1;446.7,567.6;443.1,649.3;492.9,500.1;475.1,375.7;475.1,368.6;468.0,304.7;555.1,270.9;542.6,315.3;514.2,361.5;432.5,382.8;414.7,432.6;428.9,418.3
41#559.3,525.3;549.0,456.6;528.4,501.2;466.5,508.1;452.8,563.0;459.7,648.9;497.5,511.5;470.0,384.5;473.4,381.0;466.5,315.8;564.4,293.5;555.8,336.4;518.1,370.7;425.3,394.8;411.6,442.8;415.0,442.8
42#536.6,566.1;549.6,487.8;520.2,517.2;468.1,523.7;464.8,562.9;477.8,641.1;494.2,520.5;471.3,396.5;471.3,393.3;464.8,328.0;564.3,306.8;559.4,357.4;523.5,383.5;422.4,409.6;409.3,468.3;422.4,461.8
43#545.7,587.2;551.5,520.3;519.5,529.1;467.2,540.7;446.8,520.3;490.5,613.4;496.3,534.9;473.0,415.6;470.1,401.1;464.3,337.1;558.8,324.0;560.3,374.9;525.4,404.0;420.7,424.4;403.2,491.2;429.4,476.7
44#539.2,619.6;553.2,535.9;514.1,544.3;458.3,547.1;539.2,535.9;505.8,588.9;491.8,547.1;472.3,424.4;469.5,410.4;463.9,349.0;564.3,360.2;558.8,396.5;519.7,413.2;416.5,435.5;399.8,496.9;427.7,471.8
45#538.0,643.2;555.9,557.1;514.3,533.4;454.9,542.3;517.3,545.3;552.9,628.4;487.6,542.3;469.8,429.5;466.8,417.6;465.3,350.8;561.8,382.0;558.8,414.6;517.3,417.6;416.3,441.3;398.5,503.7;434.1,482.9
46#537.7,662.1;555.8,577.7;510.6,532.6;459.4,541.6;408.2,502.4;552.7,638.0;486.5,538.6;465.4,430.2;465.4,415.1;466.9,356.4;561.8,400.0;558.8,433.2;513.6,418.1;414.2,436.2;393.1,496.4;426.2,481.4
47#539.5,675.0;545.9,592.2;507.7,531.8;456.8,531.8;526.8,544.5;549.1,662.3;482.2,531.8;463.1,426.7;463.1,410.8;467.9,348.7;558.6,423.5;558.6,445.8;514.1,417.1;412.2,433.1;383.5,480.8;409.0,471.3
48#545.1,676.6;541.8,595.1;505.9,529.8;457.0,529.8;460.3,503.8;427.7,585.3;479.8,529.8;466.8,415.7;466.8,402.6;461.9,342.3;558.1,428.7;558.1,451.6;515.7,412.4;414.6,422.2;378.7,461.4;408.1,454.8
49#542.6,672.2;542.6,582.8;506.2,523.3;453.3,526.6;483.0,543.1;486.3,579.5;479.7,526.6;469.8,414.1;469.8,397.6;461.5,339.7;542.6,437.3;559.1,460.4;519.4,410.8;420.2,414.1;377.2,424.0;400.3,384.3
50#536.1,652.1;542.7,563.5;503.3,520.8;460.7,524.1;480.4,524.1;486.9,576.6;486.9,520.8;480.4,412.6;473.8,399.4;467.2,333.8;542.7,458.5;562.4,471.6;529.6,412.6;427.9,409.3;381.9,392.9;395.0,343.7
51#531.4,620.8;534.4,553.2;516.7,515.0;463.8,517.9;478.5,550.3;475.6,609.0;490.3,515.0;484.4,412.1;481.5,397.4;472.7,335.7;555.0,456.2;566.7,476.8;534.4,415.0;443.3,403.3;390.3,376.8;402.1,332.7
52#534.2,573.5;553.6,515.4;520.4,515.4;470.5,518.2;478.8,559.7;476.1,626.1;495.5,515.4;492.7,410.2;489.9,396.4;477.5,339.7;553.6,473.9;575.7,482.2;537.0,413.0;448.4,404.7;395.8,390.9;409.7,349.4
53#508.7,581.4;484.4,554.1;536.1,520.6;490.4,529.8;478.3,569.3;478.3,648.4;511.7,520.6;502.6,411.2;499.6,399.0;495.0,342.7;560.4,496.3;590.8,481.1;554.3,417.2;457.0,405.1;399.2,414.2;405.3,374.7
54#478.1,666.2;497.4,595.5;539.2,524.8;494.2,528.0;478.1,595.5;478.1,666.2;516.7,524.8;510.3,412.3;507.0,396.2;492.6,339.9;568.1,473.4;606.7,473.4;564.9,415.5;462.0,405.8;407.4,428.3;410.6,396.2
55#489.1,680.4;506.1,601.9;550.5,520.0;495.9,523.4;478.8,601.9;478.8,683.8;523.2,523.4;516.4,410.7;512.9,397.1;494.2,340.7;598.3,441.4;625.6,448.3;567.6,410.7;465.2,414.1;420.8,441.4;417.4,414.1
56#546.1,604.2;528.5,618.3;553.2,516.0;496.8,523.1;482.7,604.2;475.6,685.3;528.5,519.5;517.9,406.7;514.4,396.1;495.0,334.3;623.7,413.7;637.9,417.2;567.3,399.6;468.5,413.7;429.7,456.0;415.6,431.3
57#544.4,619.4;544.4,553.5;553.4,520.5;505.5,517.5;478.5,583.5;484.5,661.4;526.5,520.5;514.5,406.7;511.5,391.7;495.0,354.3;584.9,360.3;616.3,376.7;565.4,394.7;466.5,412.7;427.6,466.6;409.6,445.6
58#534.7,628.9;541.5,557.8;548.2,507.1;504.2,507.1;480.5,557.8;487.3,639.1;527.9,507.1;511.0,402.1;507.6,395.4;483.9,331.1;563.5,292.1;595.6,348.0;558.4,385.2;463.6,415.7;429.8,476.6;412.8,459.7
59#544.8,645.2;534.6,563.4;551.6,502.1;507.3,502.1;469.8,515.7;490.3,594.1;531.2,502.1;503.9,403.2;500.5,396.4;473.3,335.1;560.2,289.0;585.7,331.7;551.6,382.8;459.6,416.9;428.9,485.0;411.9,474.8
60#547.1,666.9;539.8,578.3;547.1,508.1;495.5,519.2;458.5,497.0;480.7,552.4;521.3,511.8;491.8,401.1;488.1,393.7;458.5,334.6;573.0,305.1;591.4,342.0;539.8,382.6;443.8,419.5;425.3,489.7;417.9,493.4
61#543.9,678.5;543.9,591.6;540.4,515.2;491.7,522.2;491.7,501.3;550.8,688.9;516.1,518.7;481.3,400.5;474.4,393.6;441.4,336.3;566.4,336.3;585.6,348.4;526.5,379.7;432.7,421.4;408.3,497.8;415.3,477.0
62#548.3,689.8;544.7,599.9;533.9,517.3;483.6,517.3;501.6,617.9;516.0,704.1;508.8,517.3;469.2,398.7;462.0,387.9;431.5,328.6;560.9,335.8;584.2,362.7;516.0,377.1;418.9,420.2;404.5,488.5;401.0,517.3
63#540.0,682.4;536.6,601.3;526.5,510.1;472.4,510.1;485.9,608.1;513.0,682.4;496.1,510.1;455.5,391.8;452.1,374.9;423.4,332.7;560.3,361.4;577.2,378.3;502.8,371.6;408.2,415.5;391.3,483.1;398.1,520.2
64#533.8,671.3;533.8,587.8;503.7,500.9;450.3,504.2;433.5,497.6;450.3,574.4;477.0,504.2;450.3,387.3;446.9,370.6;428.5,328.8;560.5,380.6;570.6,397.3;497.0,370.6;403.5,404.0;376.7,470.8;396.8,494.2
65#524.5,652.5;527.8,571.7;494.2,497.6;443.6,501.0;453.7,568.3;450.4,608.7;470.6,501.0;447.0,386.5;447.0,373.0;438.6,307.4;575.0,416.8;544.7,406.7;497.5,376.4;396.5,400.0;362.8,457.2;389.8,447.1
66#521.5,628.8;521.5,537.1;485.5,497.9;436.4,497.9;446.2,537.1;452.7,612.4;459.3,497.9;449.4,386.6;449.4,370.2;447.8,309.6;547.7,409.5;550.9,429.1;505.1,380.0;400.3,393.1;351.2,435.7;364.3,422.6
67#514.8,598.3;517.9,520.5;483.7,495.7;433.9,505.0;433.9,545.4;452.6,629.4;455.7,498.8;452.6,383.7;452.6,365.1;454.1,316.9;573.8,449.0;549.0,442.8;505.4,383.7;402.8,383.7;331.3,393.1;377.9,355.7
68#510.0,573.4;513.1,497.7;481.6,494.6;428.0,507.2;431.1,573.4;450.0,652.3;453.2,504.0;456.3,384.2;456.3,371.6;454.8,316.4;585.7,472.5;554.1,450.4;510.0,390.5;405.9,371.6;352.3,355.8;385.4,316.4
69#508.6,542.9;520.4,483.9;488.9,487.8;429.9,507.5;433.9,594.0;449.6,684.4;457.4,499.6;457.4,381.7;457.4,373.8;457.4,307.0;551.8,464.3;555.7,460.3;508.6,389.6;410.3,369.9;355.2,322.7;388.6,273.6
70#586.1,533.2;513.5,464.9;496.4,486.2;436.6,507.6;436.6,618.6;458.0,712.5;462.2,499.0;462.2,379.5;462.2,371.0;466.5,302.6;556.2,482.0;556.2,452.1;509.2,388.0;419.6,362.4;372.6,294.1;379.0,253.5
71#504.4,529.2;517.8,507.0;495.6,484.8;437.8,502.6;442.2,604.8;451.1,689.2;464.4,489.2;460.0,369.3;464.4,369.3;473.3,298.2;557.8,480.4;566.6,440.4;513.3,382.6;415.6,355.9;380.0,293.7;373.4,242.6
72#586.9,557.3;497.6,468.0;497.6,485.0;442.4,497.8;438.1,604.1;442.4,693.4;463.6,489.3;463.6,370.2;463.6,366.0;472.1,297.9;548.7,446.7;582.7,425.5;514.6,378.7;416.9,361.7;361.6,302.2;368.0,257.5
73#524.3,550.4;517.4,481.3;500.1,488.2;441.3,505.5;427.5,598.8;427.5,688.7;472.4,491.6;465.5,370.6;465.5,363.7;474.2,296.3;538.1,415.6;586.5,408.7;513.9,374.1;417.1,360.3;354.9,329.1;356.6,296.3
74#526.6,581.4;526.6,501.3;501.1,483.1;442.8,497.7;413.7,599.6;421.0,679.8;472.0,490.4;464.7,370.2;464.7,370.2;470.1,299.1;555.7,392.0;584.9,384.7;515.7,370.2;413.7,366.5;355.4,348.3;368.1,299.1
75#521.8,599.0;521.8,519.4;508.0,484.8;449.1,495.2;404.1,588.7;407.6,675.2;480.3,491.7;466.4,370.5;466.4,367.0;457.8,303.0;514.9,339.3;563.4,360.1;514.9,367.0;421.4,370.5;359.1,363.6;369.5,318.6
76#519.6,623.7;512.5,545.4;508.9,492.1;448.4,495.6;388.0,570.3;388.0,662.8;480.5,495.6;466.2,371.2;462.7,367.6;457.3,301.8;480.5,310.7;523.1,332.0;501.8,367.6;423.6,374.7;363.1,385.4;370.2,342.7
77#517.7,648.1;517.7,566.3;503.5,505.9;446.6,502.3;368.3,548.5;382.5,641.0;475.0,505.9;457.2,370.7;457.2,363.6;455.5,297.8;446.6,388.5;475.0,395.6;492.8,367.2;418.1,370.7;368.3,406.3;375.4,370.7
78#519.2,670.1;511.3,579.9;495.6,501.3;444.6,497.4;346.4,521.0;370.0,615.2;468.1,497.4;448.5,371.8;444.6,363.9;440.7,297.2;432.8,395.3;464.2,407.1;483.8,363.9;409.3,375.7;373.9,422.8;377.9,391.4
79#531.3,677.3;510.0,592.1;488.7,496.2;439.0,492.6;332.5,499.7;357.3,585.0;463.8,496.2;431.9,371.9;431.9,361.3;423.0,299.1;410.6,396.8;460.3,411.0;470.9,361.3;396.4,379.0;371.5,432.3;378.6,411.0
80#535.3,676.5;509.9,585.9;473.7,495.3;419.3,498.9;332.3,469.9;346.8,560.5;444.7,495.3;422.9,368.4;419.3,361.2;412.1,299.5;439.2,286.8;459.2,306.8;459.2,353.9;379.4,382.9;361.3,440.9;372.2,422.8
81#531.7,663.2;511.0,573.4;466.1,501.0;407.5,504.4;473.0,576.9;490.3,666.6;435.1,504.4;410.9,369.8;407.5,362.9;402.3,295.6;436.8,295.6;466.1,318.1;452.3,356.0;369.5,383.6;338.4,438.9;355.7,435.4
82#507.2,632.3;504.0,547.3;451.6,501.5;392.7,508.0;474.5,557.1;330.6,540.7;422.2,504.8;402.5,373.9;399.3,367.4;400.9,300.3;433.6,300.3;464.7,334.6;445.1,364.1;360.0,383.7;317.5,419.7;356.7,416.4
83#320.2,549.4;330.6,466.1;372.3,499.9;432.2,499.9;494.6,510.3;481.6,593.6;403.5,499.9;395.7,382.8;395.7,369.7;394.4,316.4;265.5,403.6;294.2,401.0;351.5,388.0;440.0,372.3;466.0,356.7;430.9,321.6
84#311.6,573.5;319.0,484.7;375.8,519.2;437.5,511.8;486.9,487.1;449.9,568.6;405.5,511.8;393.1,388.4;393.1,378.5;391.9,323.0;296.8,378.5;291.9,385.9;343.7,393.3;435.1,385.9;464.7,378.5;435.1,348.9
85#296.7,593.2;307.2,512.4;440.1,535.9;372.3,538.5;304.5,515.0;315.0,603.7;406.2,535.9;388.0,405.5;388.0,392.5;385.4,335.1;434.9,369.0;461.0,402.9;432.3,397.7;338.4,405.5;288.9,371.6;299.3,332.5
86#315.2,601.5;449.6,464.3;438.4,531.5;368.4,542.7;304.0,531.5;309.6,626.7;404.8,534.3;385.2,413.9;382.4,408.3;385.2,346.7;438.4,385.9;458.0,425.1;427.2,413.9;340.4,411.1;301.2,366.3;270.4,332.7
87#314.4,633.1;360.8,540.3;434.5,543.1;371.7,551.2;306.3,554.0;311.7,646.7;404.5,543.1;382.6,425.7;379.9,414.8;382.6,354.8;442.7,406.6;459.0,447.6;426.3,423.0;336.3,414.8;292.6,373.9;259.9,363.0
88#380.3,600.8;364.6,550.9;435.4,550.9;375.0,550.9;312.1,574.5;312.1,663.7;403.9,550.9;382.9,430.3;382.9,419.8;385.5,359.5;445.9,425.0;461.6,461.7;430.1,430.3;335.7,425.0;278.0,398.8;279.3,355.5
89#391.7,608.5;373.5,562.9;425.1,547.7;376.6,547.7;321.9,587.2;315.8,684.4;400.9,547.7;388.7,429.3;388.7,420.2;390.2,361.0;452.5,444.5;467.7,474.8;434.3,426.2;343.1,426.2;291.5,417.1;270.3,411.1
90#392.7,617.4;404.8,565.9;429.1,547.7;386.6,538.6;326.0,602.2;313.9,687.1;407.9,541.6;395.7,423.4;395.7,411.3;391.2,364.3;459.4,450.7;480.6,474.9;444.2,423.4;350.3,423.4;280.5,426.4;283.6,399.1
91#394.5,633.2;411.4,574.0;439.6,537.3;394.5,531.6;332.4,588.1;318.3,675.6;417.1,534.4;400.1,421.6;397.3,407.4;393.1,358.0;465.0,458.2;496.1,469.5;450.9,418.7;352.1,421.6;284.4,444.1;287.2,418.7
92#399.1,653.3;414.4,576.6;451.2,530.6;402.1,524.4;334.6,567.4;328.5,665.6;426.7,530.6;405.2,417.0;402.1,404.7;391.4,357.2;481.9,460.0;515.7,456.9;454.3,417.0;359.2,417.0;297.8,460.0;294.8,432.4
93#397.9,673.4;420.9,597.8;453.8,538.6;401.2,528.7;335.4,548.5;338.7,634.0;427.5,535.3;411.1,416.9;407.8,407.0;396.3,352.8;490.0,439.9;529.5,443.2;460.4,416.9;358.4,423.5;305.8,472.8;302.5,449.8
94#401.0,693.7;425.2,624.6;449.4,541.6;397.5,534.7;331.8,524.3;366.4,711.0;425.2,541.6;411.4,420.6;407.9,406.8;399.3,346.3;490.9,396.4;535.8,424.1;463.2,413.7;359.5,424.1;314.6,482.9;300.7,465.6
95#407.6,718.3;426.4,639.4;445.2,541.7;392.6,534.2;385.1,639.4;373.8,725.8;418.9,537.9;415.1,417.7;415.1,406.4;407.6,342.5;497.8,353.8;524.1,402.6;467.7,413.9;358.8,425.2;313.7,485.3;302.4,485.3
96#411.9,731.9;427.1,644.6;438.5,549.7;377.7,534.5;377.7,648.4;377.7,743.3;408.1,542.1;411.9,416.8;415.7,409.2;417.6,342.8;508.7,342.8;514.4,394.0;457.5,409.2;358.7,424.4;309.4,485.1;298.0,496.5
97#415.8,734.0;431.2,645.3;431.2,545.1;373.4,541.3;381.1,649.2;381.1,745.5;400.4,545.1;408.1,421.8;411.9,410.3;417.7,346.7;504.4,367.9;516.0,410.3;458.2,414.1;358.0,425.7;304.0,479.6;323.3,479.6
98#418.5,720.2;440.0,645.1;425.7,552.1;364.9,544.9;393.5,648.7;379.2,731.0;393.5,552.1;407.8,426.8;411.4,416.1;427.5,353.5;508.0,394.6;511.6,434.0;461.5,423.3;357.7,426.8;293.3,469.8;314.8,459.0
99#427.2,702.9;458.7,617.8;414.6,561.0;367.3,551.6;405.1,592.5;417.7,658.7;389.4,561.0;408.3,428.6;411.4,416.0;431.9,373.5;509.1,419.2;506.0,453.8;461.9,431.8;357.8,425.5;291.6,444.4;338.9,416.0
100#437.1,677.6;470.0,595.3;417.4,562.5;371.3,565.7;410.8,598.6;423.9,680.9;394.3,565.7;407.5,437.5;410.8,427.6;432.2,366.8;509.4,444.1;502.9,473.7;460.1,440.8;361.4,427.6;305.5,414.5;353.2,373.3
101#447.4,655.3;472.2,570.5;422.7,570.5;366.2,574.0;408.6,620.0;415.6,690.6;394.4,574.0;412.1,439.8;412.1,432.7;429.8,372.6;511.0,471.6;500.4,499.8;458.0,450.4;369.7,425.6;327.3,393.8;364.4,339.1
102#453.4,627.4;474.8,545.2;424.8,570.2;374.7,584.5;399.8,648.9;421.2,731.1;399.8,581.0;414.1,445.1;417.6,438.0;435.5,380.8;510.6,495.2;499.8,516.6;464.1,455.9;371.2,430.8;331.9,398.7;360.5,355.8
103#451.2,607.4;470.5,523.6;428.6,571.9;380.3,578.4;393.2,675.0;418.9,752.4;402.8,571.9;422.2,452.7;425.4,439.8;446.3,399.5;493.1,504.2;502.7,526.8;470.5,462.3;373.8,436.6;322.3,423.7;389.9,494.6
104#446.4,598.4;452.7,560.4;440.1,569.9;389.4,579.4;389.4,671.2;408.4,756.6;414.8,573.1;430.6,456.0;433.7,443.4;448.0,403.8;493.9,522.5;506.5,531.9;481.2,465.5;380.0,443.4;332.5,449.7;326.2,421.2
105#505.1,592.0;477.9,564.8;450.7,575.0;392.9,575.0;386.1,673.6;399.7,755.2;423.5,575.0;437.1,459.4;440.5,445.8;455.8,396.5;484.7,520.6;511.9,544.4;488.1,473.0;389.5,449.2;328.3,476.4;321.5,442.4
106#503.3,587.6;470.5,564.6;454.1,574.5;398.2,577.7;381.8,673.0;391.6,751.8;427.8,577.7;444.2,462.8;447.5,446.3;465.6,402.0;503.3,577.7;523.1,544.9;496.8,475.9;394.9,449.6;335.8,492.3;335.8,469.3
107#497.7,607.7;460.0,560.6;463.1,573.1;406.6,573.1;381.4,670.6;381.4,752.3;434.9,573.1;450.6,463.1;453.7,444.3;471.0,405.0;510.3,585.7;541.7,538.6;504.0,475.7;400.3,453.7;343.7,504.0;331.2,497.7
108#498.8,648.4;448.7,651.7;465.4,578.2;405.3,574.9;385.2,675.1;371.9,761.9;435.3,578.2;458.7,468.0;465.4,448.0;490.4,402.9;532.2,548.2;562.2,531.5;512.1,474.7;405.3,458.0;341.8,498.1;355.2,491.4
109#507.1,672.5;446.4,679.6;471.4,586.8;410.7,576.1;392.8,679.6;371.4,768.9;439.2,579.7;467.8,472.5;474.9,454.7;494.6,402.9;592.7,508.2;585.6,522.5;524.9,479.7;414.2,465.4;342.8,490.4;392.8,476.1
110#497.9,698.2;445.1,705.2;476.8,592.5;413.4,589.0;388.8,691.1;378.2,775.7;445.1,592.5;476.8,476.3;480.3,465.8;503.2,407.7;554.3,455.2;596.5,497.5;529.6,483.4;424.0,465.8;343.0,483.4;388.8,451.7
111#449.4,719.5;446.1,719.5;476.4,604.7;422.4,598.0;388.7,692.5;385.3,776.9;449.4,601.4;486.6,479.9;489.9,473.1;508.5,410.7;564.2,422.5;591.2,473.1;533.8,483.2;432.6,473.1;361.7,463.0;408.9,415.7
112#448.7,743.5;462.7,662.8;487.3,603.2;438.2,599.7;389.1,673.3;392.6,757.5;462.7,599.7;494.3,480.4;494.3,476.9;511.8,417.3;566.2,394.5;582.0,455.8;539.9,483.9;448.7,476.9;385.6,455.8;406.6,413.7
113#450.4,761.1;464.5,683.2;496.4,612.4;446.8,601.8;390.2,647.8;400.8,732.7;471.6,605.3;499.9,481.5;499.9,477.9;514.1,414.2;568.9,394.8;584.9,453.2;545.9,481.5;450.4,477.9;383.1,467.3;407.9,428.4
114#451.6,768.8;469.2,691.5;500.8,621.2;451.6,607.2;391.9,614.2;409.4,691.5;479.7,610.7;500.8,477.2;504.3,473.7;518.4,410.4;574.6,410.4;599.2,459.6;550.0,477.2;455.1,470.1;388.3,480.7;405.9,442.0
115#454.9,779.5;480.5,691.6;513.5,603.7;454.9,592.7;388.9,581.7;418.2,655.0;484.2,603.7;509.8,468.1;509.8,464.4;519.0,396.6;575.8,420.5;601.4,468.1;553.8,468.1;462.2,464.4;392.6,493.7;403.6,457.1
116#465.5,758.1;491.9,672.5;519.8,584.7;460.8,572.7;394.6,563.0;421.1,642.3;490.9,582.3;510.3,452.1;510.3,447.3;517.0,380.5;575.4,425.1;601.8,470.9;556.0,454.5;461.0,448.5;399.4,486.8;406.7,455.3
117#476.1,736.6;503.4,653.5;526.1,565.6;466.8,552.6;400.3,544.3;424.1,629.6;497.6,561.0;510.8,436.2;510.8,430.3;515.1,364.3;574.9,429.7;602.2,473.6;558.3,440.8;459.8,432.6;406.2,479.8;409.9,453.6
118#486.7,715.2;514.8,634.4;532.4,546.6;472.7,532.6;406.0,525.6;427.0,616.9;504.3,539.6;511.3,420.2;511.3,413.2;513.1,348.2;574.5,434.3;602.6,476.4;560.5,427.2;458.6,416.7;413.0,472.9;413.0,451.8
119#502.0,665.5;530.7,598.4;530.7,528.2;473.2,515.4;412.6,547.3;428.5,639.9;502.0,518.6;514.8,410.0;514.8,397.2;519.5,338.1;581.8,445.1;610.6,470.7;562.7,413.2;463.7,406.8;412.6,464.3;422.1,467.5
120#513.8,626.3;557.1,564.4;532.4,514.9;476.7,505.7;417.9,555.2;427.2,644.9;504.5,511.8;520.0,403.6;520.0,388.1;527.8,327.8;588.1,431.4;625.2,459.2;569.5,403.6;464.3,400.5;402.5,446.9;448.9,419.0
121#531.8,595.0;577.9,533.5;534.9,515.1;476.5,505.9;421.2,573.5;424.2,656.5;507.2,505.9;522.6,395.2;525.7,379.8;536.4,319.9;593.3,419.8;639.4,444.4;577.9,398.3;473.4,389.0;402.7,425.9;451.9,407.5
122#563.7,570.6;602.5,496.2;541.0,502.6;479.6,502.6;434.3,583.5;427.8,674.1;511.9,502.6;534.6,386.2;537.8,370.0;552.3,332.8;608.9,408.8;651.0,431.5;586.3,389.4;482.8,376.5;411.6,395.9;473.1,373.3
123#564.3,573.6;585.0,501.1;544.9,505.9;503.1,503.1;477.0,576.6;467.1,666.0;525.6,504.8;542.3,386.2;544.9,372.1;554.8,330.6;595.9,402.3;627.7,429.5;577.6,390.0;506.3,377.6;451.4,389.8;495.5,364.4
124#564.9,576.7;567.6,506.1;548.7,509.2;526.6,503.7;519.7,569.8;506.5,657.9;539.3,507.0;550.0,386.2;552.1,374.3;557.3,328.5;582.9,395.7;604.3,427.5;568.9,390.6;529.8,378.6;491.2,383.8;517.8,355.5
125#565.6,579.8;550.1,511.0;552.5,512.5;550.1,504.2;562.3,563.0;545.8,649.7;552.9,509.2;557.6,386.2;559.2,376.4;559.9,326.3;569.9,389.2;581.0,425.4;560.3,391.1;553.4,379.7;531.1,377.8;540.2,346.5
126#566.2,582.8;532.6,515.9;556.4,515.8;573.6,504.7;605.0,556.1;585.1,641.6;566.6,511.4;565.3,386.2;566.4,378.6;562.4,324.1;556.9,382.7;557.7,423.4;551.6,391.7;576.9,380.8;570.9,371.7;562.6,337.6
127#566.8,585.9;515.2,520.9;560.2,519.1;597.1,505.3;647.7,549.2;624.5,633.5;580.3,513.6;573.0,386.2;573.5,380.8;564.9,322.0;543.9,376.1;534.3,421.4;542.9,392.3;600.4,381.8;610.7,365.6;584.9,328.7
128#567.4,588.9;497.7,525.8;564.1,522.4;620.6,505.8;690.4,542.4;663.8,625.4;594.0,515.8;580.7,386.2;580.7,382.9;567.4,319.8;530.9,369.6;511.0,419.4;534.2,392.9;623.9,382.9;650.5,359.6;607.3,319.8
129#676.7,643.8;700.2,553.3;629.8,516.4;572.8,529.8;515.8,509.7;586.2,576.7;603.0,526.5;582.9,402.5;579.5,392.4;566.1,328.7;606.3,338.8;653.2,382.4;619.7,389.1;542.6,412.5;519.2,446.0;532.6,395.8
130#690.5,652.7;709.8,559.3;642.2,520.6;587.4,533.5;522.9,517.4;597.1,591.5;613.2,530.2;580.9,407.8;580.9,398.1;566.4,338.5;613.2,369.1;655.1,404.6;622.8,398.1;535.8,417.5;526.2,469.0;532.6,411.0
131#698.1,643.9;722.0,557.3;644.4,524.5;590.7,536.4;531.0,542.4;596.7,614.0;614.6,530.5;584.7,417.1;581.8,402.1;571.3,346.9;632.5,420.0;659.4,432.0;632.5,402.1;537.0,423.0;522.1,485.7;534.0,449.9
132#707.9,631.2;735.8,547.5;649.0,528.9;587.1,541.3;543.7,584.7;602.6,659.0;615.0,538.2;587.1,417.4;587.1,405.0;582.4,341.5;642.8,442.2;664.5,448.4;633.5,405.0;537.5,426.7;518.9,494.9;543.7,457.7
133#716.5,619.2;742.0,529.8;646.2,539.4;585.5,552.1;550.3,606.5;611.0,686.3;614.2,545.7;591.9,424.3;591.9,408.3;596.7,346.0;649.4,437.1;678.1,459.5;643.0,414.7;543.9,430.7;508.8,494.6;540.7,462.7
134#722.1,605.5;739.0,514.2;641.0,541.2;586.9,558.1;559.8,629.1;607.2,703.5;613.9,548.0;600.4,429.7;600.4,416.1;605.5,353.6;664.6,439.8;701.8,460.1;651.1,422.9;546.3,436.4;492.2,487.1;526.0,466.8
135#718.9,595.0;732.5,503.3;647.6,557.6;586.5,571.2;576.4,656.1;610.3,730.7;617.1,567.8;606.9,435.4;606.9,421.8;605.2,365.8;671.4,435.4;718.9,455.8;657.8,428.6;552.6,438.8;481.3,469.4;525.4,449.0
136#697.6,590.9;722.6,498.1;647.6,562.4;586.9,576.6;597.6,673.0;611.9,755.2;619.1,573.1;611.9,437.4;611.9,426.7;617.3,374.9;704.8,423.1;729.7,448.1;661.9,433.8;558.4,437.4;479.8,448.1;497.7,416.0
137#676.9,595.9;718.7,508.5;650.3,565.5;589.5,580.7;600.9,675.7;600.9,766.9;619.9,576.9;616.1,440.1;616.1,440.1;629.4,365.9;703.5,402.0;730.1,440.1;669.3,440.1;562.9,440.1;490.7,428.7;485.0,373.5
138#671.6,603.8;719.5,522.7;649.5,566.9;594.2,585.4;586.8,673.9;601.5,762.4;623.7,581.7;620.0,448.9;620.0,445.2;625.5,380.7;719.5,445.2;738.0,456.3;671.6,448.9;568.3,441.5;502.0,419.4;478.0,380.7
139#677.0,617.5;723.0,543.3;655.8,568.0;599.2,578.6;574.5,663.5;609.8,744.9;627.5,575.1;620.5,454.8;620.5,451.3;629.3,385.9;677.0,596.3;737.2,479.6;670.0,451.3;570.9,451.3;500.2,447.8;471.9,408.9
140#655.3,645.2;721.0,573.5;658.3,567.5;604.5,579.5;559.7,636.2;610.5,710.9;634.4,573.5;622.4,462.9;619.4,456.9;629.9,395.7;727.0,483.8;721.0,510.7;670.2,462.9;571.6,456.9;496.9,459.9;473.0,424.1
141#654.2,664.4;717.0,590.7;665.1,571.6;607.8,574.3;556.0,615.2;607.8,678.0;637.8,571.6;624.2,470.6;621.5,462.5;617.4,403.8;722.4,500.6;719.7,527.9;673.3,470.6;575.1,465.2;493.2,473.4;474.1,437.9
142#652.3,679.7;709.8,601.3;670.6,583.0;600.1,585.6;550.4,590.8;600.1,653.5;639.3,585.6;623.6,478.5;623.6,470.6;614.5,411.8;715.1,509.8;720.3,538.6;673.3,478.5;573.9,473.2;490.3,488.9;474.6,457.6
143#650.3,698.5;703.4,611.8;667.1,575.5;602.8,578.3;555.3,567.1;591.6,642.6;633.6,575.5;622.4,483.3;622.4,477.7;612.6,417.6;709.0,522.4;720.2,542.0;675.5,483.3;569.3,480.5;491.0,508.4;477.0,474.9
144#651.4,717.0;688.9,639.3;662.9,578.8;596.7,573.0;567.9,564.4;602.4,642.1;628.4,573.0;619.7,486.6;619.7,480.8;612.5,421.8;706.2,524.0;717.7,541.3;674.5,486.6;567.9,483.7;493.0,515.4;475.7,492.3
145#652.2,733.3;670.8,655.7;646.0,568.8;583.9,568.8;599.4,674.4;583.9,693.0;618.1,565.7;618.1,481.9;618.1,478.8;613.4,415.2;695.7,528.5;714.3,537.8;667.7,485.0;565.3,478.8;497.0,513.0;472.2,500.6
146#660.2,740.0;663.5,654.4;640.4,565.6;577.9,555.7;581.2,605.0;594.4,684.0;607.5,559.0;617.4,473.4;614.1,466.8;622.3,402.6;696.4,542.5;712.8,526.1;666.8,476.7;564.7,466.8;508.8,496.4;479.2,506.3
147#669.4,737.1;652.8,650.4;636.1,563.6;569.3,560.2;586.0,613.6;596.0,700.4;599.3,560.2;612.7,460.1;612.7,446.7;624.4,395.0;692.8,546.9;706.2,516.8;662.8,463.4;559.3,453.4;492.5,483.5;479.2,490.1
148#668.1,733.9;654.2,643.6;629.9,563.7;567.4,567.2;584.8,629.7;595.2,713.1;598.7,567.2;609.1,445.7;612.6,431.8;624.7,381.4;689.0,560.3;699.4,511.6;664.7,452.6;557.0,438.7;484.1,463.0;532.7,452.6
149#669.5,725.6;655.5,634.3;623.9,553.6;553.6,560.6;578.2,644.9;595.8,729.1;592.3,560.6;609.8,437.7;609.8,423.6;622.1,376.2;676.5,550.1;694.1,507.9;666.0,444.7;553.6,427.1;472.9,437.7;511.5,409.6
150#675.7,719.9;657.5,632.6;613.9,538.1;552.1,541.7;573.9,647.2;588.5,745.3;581.2,541.7;606.6,425.4;606.6,414.5;619.3,347.3;657.5,545.4;686.6,505.4;657.5,440.0;552.1,410.9;490.3,396.4;533.9,360.0
151#682.7,708.1;656.2,628.8;618.4,534.3;550.5,534.3;565.6,647.7;576.9,753.4;584.4,534.3;603.3,417.3;603.3,413.5;614.7,345.5;648.7,538.1;675.1,500.4;652.4,436.1;554.2,402.1;520.2,364.4;556.1,332.3
152#694.0,704.9;658.6,623.5;605.4,517.2;552.3,531.4;555.9,641.2;563.0,743.9;577.1,527.9;594.8,425.2;598.4,418.1;610.8,352.6;633.8,531.4;658.6,496.0;637.3,432.2;555.9,421.6;559.4,496.0;570.0,534.9
