1#670.2,778.8;674.3,670.8;786.4,699.9;794.7,712.4;786.4,836.9;811.3,953.2;790.6,708.2;707.5,567.0;711.7,562.9;684.7,469.4;632.8,504.7;674.3,533.8;736.6,546.3;682.6,579.5;607.9,554.6;570.5,500.6
2#674.6,778.5;674.6,676.3;785.0,700.8;797.3,713.1;785.0,839.9;809.6,954.4;793.2,709.0;707.3,570.0;711.4,565.9;684.8,473.8;629.6,512.7;678.7,537.2;735.9,549.5;682.8,582.2;609.2,557.7;572.3,500.4
3#674.4,779.4;674.4,676.1;786.0,700.9;798.4,713.3;786.0,841.4;814.9,953.0;794.3,709.1;707.5,568.6;707.5,564.5;686.8,477.7;612.4,506.6;670.3,535.6;736.4,548.0;674.4,581.0;604.1,556.2;571.1,502.5
4#669.7,788.3;673.9,678.0;805.5,695.0;784.2,707.7;788.5,839.3;811.8,951.7;792.7,703.4;707.9,563.4;707.9,563.4;686.6,478.5;648.4,448.8;699.4,487.0;741.8,554.9;669.7,571.9;597.5,563.4;572.0,499.7
5#669.2,793.6;664.9,681.4;790.2,698.6;772.9,711.6;781.5,836.8;807.4,953.4;781.5,707.3;703.8,560.5;708.1,560.5;690.8,478.4;634.7,508.6;703.8,538.9;742.7,551.8;669.2,569.1;591.5,564.8;569.9,500.0
6#666.7,786.8;654.2,682.2;767.2,698.9;754.6,711.5;754.6,837.1;796.5,950.1;758.8,703.1;700.2,556.6;700.2,552.4;681.4,466.6;616.5,506.4;704.4,581.7;733.7,544.1;662.5,565.0;591.4,565.0;570.5,502.2
7#662.5,784.2;627.6,679.7;762.6,688.4;732.1,697.1;719.1,823.4;753.9,954.0;740.8,692.8;697.3,544.8;697.3,536.1;669.0,455.5;610.2,509.9;697.3,575.2;736.5,527.4;658.1,553.5;588.5,562.2;566.7,501.2
8#652.6,783.9;612.9,679.8;751.7,679.8;712.0,689.7;662.5,808.6;731.9,922.7;726.9,684.7;687.3,531.1;687.3,521.1;657.5,441.8;608.0,511.2;687.3,555.8;726.9,516.2;642.7,541.0;588.1,565.8;568.3,506.3
9#710.7,870.8;594.7,692.5;728.5,665.7;692.8,674.6;612.6,781.7;701.7,861.9;706.2,670.2;666.1,518.6;666.1,509.7;639.3,429.4;617.0,518.6;670.5,536.4;706.2,505.2;625.9,532.0;576.9,581.0;563.5,514.1
10#657.0,806.0;613.0,725.9;713.2,645.7;677.1,657.8;564.9,733.9;653.0,818.1;693.1,653.7;645.0,505.5;641.0,493.4;611.0,415.3;613.0,513.5;661.1,549.5;685.1,489.4;608.9,521.5;560.9,589.6;560.9,529.5
11#642.4,809.9;587.5,714.8;690.0,634.3;646.1,645.3;518.0,685.5;591.2,773.3;664.4,638.0;609.5,502.6;609.5,484.3;582.1,424.0;583.9,499.0;638.8,531.9;649.7,477.0;569.2,524.6;536.3,590.4;561.9,509.9
12#640.0,821.2;584.8,718.3;665.7,626.4;610.6,630.0;481.9,633.7;533.4,733.0;636.3,630.0;581.2,483.0;577.5,472.0;546.2,404.0;662.0,475.7;691.4,494.0;625.3,457.3;537.1,508.7;496.6,585.9;511.3,541.8
13#636.2,827.9;597.1,722.2;636.2,616.5;569.7,612.6;460.1,577.4;483.6,683.1;604.9,616.5;550.1,471.7;550.1,463.9;516.9,387.6;663.6,487.4;659.7,440.4;593.2,444.3;507.1,487.4;448.4,565.6;479.7,659.6
14#636.3,824.1;605.7,718.9;596.9,596.3;522.4,613.8;443.6,539.3;452.3,648.8;557.5,605.0;518.0,460.5;518.0,451.7;502.7,366.3;544.3,381.6;605.7,394.7;570.6,429.8;474.2,478.0;404.1,504.3;439.2,447.3
15#624.3,817.3;598.8,707.1;573.4,592.6;501.4,609.6;425.1,524.8;446.3,635.0;539.5,605.3;492.9,444.3;497.1,435.8;480.2,355.3;475.9,334.1;594.6,482.4;535.3,427.3;446.3,457.0;365.7,457.0;386.9,384.9
16#602.5,790.9;577.1,689.3;561.9,582.6;490.7,597.8;399.2,541.9;434.8,648.6;521.2,592.7;475.5,430.1;470.4,425.0;455.1,343.7;434.8,287.8;485.6,348.8;511.0,409.8;429.7,440.3;353.5,409.8;333.2,343.7
17#577.0,758.2;544.4,660.2;530.3,576.2;460.3,594.9;371.6,562.2;423.0,664.9;497.7,590.2;446.3,417.5;446.3,412.8;441.7,328.8;418.3,296.1;455.7,352.1;488.3,412.8;399.6,422.1;334.3,417.5;334.3,352.1
18#542.0,727.1;515.9,615.2;497.3,570.4;418.9,585.4;333.1,551.8;396.6,656.2;456.2,581.6;426.4,417.5;426.4,402.6;417.1,322.4;430.1,424.9;467.4,454.8;471.2,410.0;381.6,417.5;322.0,432.4;333.1,365.3
19#502.8,680.7;502.8,574.5;442.6,595.7;368.3,585.1;297.5,535.6;347.1,641.7;396.6,592.2;407.2,411.7;407.2,401.1;407.2,326.8;421.4,457.7;467.4,457.7;446.2,408.2;361.2,415.2;315.2,447.1;329.4,383.4
20#473.1,658.1;489.2,551.5;428.5,586.2;347.7,580.1;279.1,519.3;310.3,626.7;384.5,580.3;393.3,414.4;393.3,403.8;391.5,333.7;426.9,429.0;464.7,448.6;435.4,412.1;345.7,417.6;310.5,455.0;329.8,406.3
21#443.5,635.5;475.7,528.6;414.5,576.8;327.2,575.0;260.6,503.1;273.6,611.8;372.3,568.5;379.5,417.1;379.5,406.4;375.9,340.5;432.5,400.2;462.1,439.6;424.6,415.9;330.1,420.1;305.9,462.9;330.3,429.1
22#413.8,612.9;462.1,505.6;400.4,567.3;306.6,570.0;242.2,486.8;236.8,596.8;360.2,556.6;365.6,419.8;365.6,409.1;360.2,347.4;438.0,371.5;459.4,430.5;413.8,419.8;314.6,422.5;301.2,470.8;330.7,452.0
23#409.2,638.9;447.9,528.4;373.3,558.8;279.4,569.8;227.0,492.5;227.0,605.7;340.2,547.7;354.0,429.0;351.2,412.4;351.2,346.1;447.9,393.1;458.9,451.1;398.2,423.5;304.3,423.5;296.0,473.2;329.1,462.1
24#421.7,674.1;427.5,559.4;356.9,591.7;274.6,574.1;209.9,521.1;233.4,630.0;321.6,582.9;342.2,427.0;342.2,412.3;345.2,344.6;454.0,418.2;448.1,471.1;395.2,429.9;289.3,424.1;218.7,459.3;239.3,447.6
25#434.1,684.3;414.0,573.8;350.4,603.9;270.1,577.2;213.2,547.0;243.3,657.5;313.6,590.6;330.3,426.5;333.7,413.1;345.4,341.2;460.9,450.0;440.8,483.4;390.6,436.6;273.4,419.8;196.4,416.5;266.7,389.7
26#439.4,681.1;412.4,569.8;355.1,586.7;267.4,576.6;216.8,563.1;253.9,674.4;314.6,586.7;324.7,428.2;328.1,411.3;343.3,338.8;466.4,458.5;432.6,495.6;382.0,438.3;264.0,414.7;193.2,384.3;248.8,338.8
27#430.6,666.9;426.7,552.8;355.9,560.6;277.2,564.6;230.0,584.2;265.4,694.4;312.6,568.5;324.4,423.0;328.4,407.2;348.0,332.5;477.8,474.1;442.4,489.8;383.4,434.8;265.4,415.1;214.3,356.1;226.1,297.1
28#426.3,644.8;429.8,532.6;370.3,564.2;289.7,567.7;254.6,609.7;275.7,714.8;328.2,567.7;335.2,424.0;342.2,403.0;358.0,327.7;485.9,490.6;443.8,494.1;391.3,434.5;279.2,410.0;275.7,462.6;314.2,459.1
29#426.8,616.4;426.8,512.8;382.9,572.6;303.2,576.6;279.3,624.4;287.3,736.0;339.1,576.6;355.0,413.1;359.0,401.2;386.9,325.4;498.5,504.8;454.7,500.8;410.8,433.0;287.3,393.2;223.5,373.3;233.4,311.5
30#428.8,605.2;432.6,503.0;402.3,544.7;330.4,556.0;307.7,646.9;296.3,752.9;372.0,552.3;375.8,412.2;379.6,400.8;408.0,330.8;512.1,522.0;470.5,499.3;440.2,427.3;311.5,393.3;232.0,385.7;249.0,338.4
31#492.9,605.7;469.0,473.8;429.0,549.7;353.1,549.7;329.1,657.6;297.1,757.5;397.0,549.7;401.0,405.9;405.0,397.9;431.0,323.9;520.9,533.7;488.9,501.8;461.0,413.9;337.1,397.9;253.2,405.9;249.2,353.9
32#502.4,615.4;444.2,615.4;452.5,540.6;386.0,540.6;340.3,644.5;302.9,748.4;419.2,540.6;423.4,395.1;427.5,382.7;446.2,309.9;535.6,557.2;519.0,478.2;473.3,395.1;369.4,391.0;277.9,415.9;261.3,366.0
33#465.9,631.2;478.3,556.5;478.3,519.2;407.8,531.6;353.8,622.9;316.5,739.0;441.0,527.4;436.8,386.4;441.0,378.1;455.5,301.4;553.0,531.6;548.8,469.4;490.7,386.4;370.4,390.6;299.9,411.3;270.9,378.1
34#477.2,643.4;473.5,565.9;495.6,521.7;425.5,525.4;366.5,610.2;329.6,713.5;458.7,521.7;455.0,374.1;458.7,355.6;471.7,313.2;536.2,499.5;580.5,444.2;514.1,381.5;392.3,377.8;329.6,411.0;278.0,385.2
35#493.6,663.2;486.1,558.4;512.3,494.7;437.4,505.9;377.4,584.6;355.0,693.2;478.6,502.2;471.1,363.6;471.1,352.3;487.9,283.0;512.3,423.5;617.2,412.3;527.3,367.3;411.1,363.6;351.2,397.3;287.5,386.0
36#496.4,677.1;484.9,565.7;519.4,492.7;454.1,492.7;381.1,558.0;381.1,669.4;484.9,492.7;481.0,354.4;484.9,335.2;494.5,275.6;492.5,389.0;531.0,408.2;534.8,354.4;423.4,354.4;354.2,389.0;304.3,377.4
37#502.0,692.8;498.0,584.8;538.0,472.7;470.0,472.7;382.0,528.7;406.0,628.8;502.0,472.7;490.0,344.7;490.0,332.6;496.0,258.6;562.0,284.6;634.1,340.7;554.0,340.7;426.0,356.7;353.9,380.7;345.9,356.7
38#510.6,710.0;519.5,598.1;546.4,472.9;479.2,468.4;385.3,499.7;425.5,589.2;515.0,472.9;497.1,329.7;492.7,325.2;503.8,237.9;566.5,237.9;622.4,289.4;555.3,320.7;430.0,338.6;349.5,374.4;376.3,311.8
39#526.8,714.9;540.8,593.3;554.9,476.3;480.0,476.3;391.1,471.6;451.9,560.5;517.4,476.3;498.7,321.9;498.7,321.9;512.7,232.9;580.6,183.8;601.7,251.7;554.9,307.8;437.9,326.5;363.0,349.9;405.1,293.8
40#551.9,704.7;556.6,591.6;561.3,473.8;485.9,473.8;401.1,445.6;467.1,535.1;523.6,473.8;504.8,318.4;504.8,313.7;523.6,224.2;523.6,370.2;561.3,374.9;551.9,313.7;448.2,323.1;382.3,370.2;429.4,313.7
41#575.9,682.4;567.3,571.1;567.3,468.5;490.3,468.5;409.0,442.8;456.1,511.3;528.8,468.5;511.7,314.5;511.7,314.5;526.7,231.1;533.1,374.4;567.3,374.4;563.0,310.2;456.1,318.8;409.0,404.3;443.3,374.4
42#596.8,633.1;577.1,542.7;569.3,475.9;502.5,475.9;423.9,460.1;506.4,542.7;537.8,475.9;522.1,310.8;522.1,303.0;526.0,228.3;614.5,206.7;624.3,244.0;577.1,295.1;467.1,318.7;423.9,413.0;467.1,373.7
43#604.5,583.7;590.4,512.8;576.2,456.2;508.9,470.3;445.1,477.4;512.4,562.4;544.3,463.2;526.6,314.4;526.6,307.3;537.2,232.9;624.0,220.5;643.5,271.9;579.7,303.8;469.9,325.1;434.5,399.5;445.1,374.7
44#607.9,541.7;591.5,472.6;578.3,452.8;512.4,456.1;456.4,492.3;528.9,581.2;542.1,456.1;532.2,317.8;535.5,311.2;540.4,237.1;626.0,237.1;654.0,284.9;588.2,304.6;476.2,327.7;440.0,403.4;433.4,406.7
45#604.1,546.3;594.2,460.6;594.2,454.0;521.7,457.3;462.3,493.5;521.7,592.4;557.9,454.0;538.2,318.8;538.2,312.2;546.4,241.3;633.8,262.7;656.9,312.2;590.9,312.2;485.4,332.0;452.4,411.1;455.7,391.3
46#590.9,567.6;594.2,488.6;597.5,445.8;531.6,452.4;472.3,501.7;515.1,590.7;564.5,449.1;544.8,323.9;544.8,314.0;546.4,246.5;637.0,287.7;653.4,333.8;594.2,314.0;488.8,330.5;475.6,403.0;544.8,343.7
47#613.8,598.9;607.1,508.2;597.0,451.1;533.2,454.4;486.1,481.3;516.3,572.1;563.4,454.4;550.0,326.7;550.0,313.2;548.3,247.7;640.7,313.2;647.4,356.9;603.7,320.0;492.8,330.0;486.1,400.6;526.4,380.5
48#621.4,628.4;611.3,527.8;591.2,454.0;524.1,457.4;514.1,497.6;514.1,547.9;561.0,454.0;554.3,326.6;554.3,313.2;562.7,251.1;651.6,333.3;644.9,373.5;604.6,319.9;500.7,329.9;494.0,390.3;534.2,376.9
49#621.5,650.6;607.1,542.8;592.8,463.6;528.0,460.1;513.6,510.4;499.3,549.9;560.4,463.6;556.8,330.6;556.8,316.2;569.4,260.5;657.5,363.0;646.7,384.5;614.3,327.0;502.9,334.2;470.5,402.5;528.0,391.7
50#629.9,676.0;611.1,570.7;588.5,465.4;524.5,465.4;502.0,533.1;483.2,567.0;558.4,465.4;562.2,333.7;562.2,318.7;571.6,264.1;660.0,382.6;641.2,412.7;614.8,333.7;509.5,333.7;486.9,390.2;460.6,405.2
51#639.1,690.3;620.1,580.1;593.5,469.9;517.5,473.7;494.7,511.7;490.9,583.9;559.3,469.9;563.1,333.1;563.1,321.7;584.0,258.9;661.9,412.9;642.9,443.3;623.9,340.7;502.3,329.3;422.5,367.3;456.7,333.1
52#649.9,687.9;630.6,579.4;607.3,470.9;545.3,463.2;572.4,560.1;494.9,614.3;572.4,463.2;568.6,335.3;568.6,327.6;586.0,259.8;661.6,436.1;649.9,408.9;615.1,339.2;522.1,323.7;506.6,393.4;533.7,416.7
53#650.0,675.8;634.2,561.5;606.6,459.0;543.6,459.0;539.6,529.9;539.6,581.2;575.1,459.0;571.1,332.9;571.1,328.9;588.9,256.0;653.9,466.9;657.9,415.6;618.4,336.8;523.8,321.1;519.9,399.9;551.4,451.1
54#649.1,656.8;634.0,551.4;611.5,464.9;551.3,457.4;547.5,525.1;540.0,604.1;581.4,457.4;581.4,333.3;581.4,325.7;594.5,256.1;660.4,472.4;667.9,419.8;630.3,337.0;528.7,329.5;464.7,363.3;479.8,299.4
55#646.5,617.2;624.6,529.7;631.9,464.0;555.3,467.7;544.3,529.7;540.7,624.5;588.1,467.7;588.1,329.0;588.1,321.7;600.9,261.5;672.0,475.0;679.3,420.2;639.2,336.3;529.7,325.4;478.7,369.1;478.7,325.4
56#645.7,576.0;634.4,522.9;641.9,458.5;573.7,458.5;547.2,545.7;547.2,648.0;607.8,458.5;600.3,329.7;600.3,322.1;602.2,259.6;668.5,454.7;698.8,413.1;653.3,333.5;543.4,325.9;494.2,379.0;486.6,348.6
57#647.2,583.5;633.6,524.5;651.4,463.1;582.1,461.0;548.0,549.7;548.0,654.7;616.7,462.1;608.0,331.1;608.0,323.4;603.9,256.8;658.2,452.1;696.1,408.8;660.9,331.9;551.2,331.3;503.2,387.3;490.5,368.5
58#648.6,591.0;632.9,526.1;660.9,467.6;590.4,463.6;548.9,553.7;548.9,661.4;625.6,465.6;615.8,332.5;615.8,324.7;605.7,254.0;647.9,449.6;693.3,404.5;668.5,330.4;559.0,336.6;512.2,395.6;494.3,388.4
59#650.1,598.5;632.1,527.7;670.3,472.1;598.8,466.1;549.7,557.6;549.7,668.0;634.5,469.1;623.5,333.9;623.5,325.9;607.4,251.2;637.6,447.0;690.6,400.2;676.2,328.8;566.9,342.0;521.3,403.8;498.2,408.3
60#651.5,606.0;631.3,529.3;679.8,476.7;607.1,468.6;550.5,561.6;550.5,674.7;643.4,472.7;631.3,335.3;631.3,327.2;609.1,248.4;627.3,444.4;687.9,395.9;683.8,327.2;574.7,347.4;530.3,412.1;502.0,428.2
61#657.4,635.6;630.6,547.4;680.4,486.0;611.4,482.2;546.2,547.4;550.1,650.9;649.8,486.0;630.6,344.2;626.8,332.7;613.3,254.1;626.8,440.0;688.1,409.3;684.3,344.2;580.7,351.8;542.4,409.3;504.1,455.4
62#659.8,671.8;629.5,565.6;682.6,489.7;610.5,485.9;546.0,523.8;553.6,626.3;648.4,489.7;625.7,349.3;621.9,349.3;601.0,275.3;644.6,444.1;682.6,406.2;671.2,334.1;572.5,360.7;542.2,429.0;500.4,489.7
63#665.6,701.7;639.9,591.5;676.6,499.7;610.5,492.3;544.4,499.7;559.1,587.8;647.2,496.0;614.2,360.1;614.2,360.1;590.3,292.1;693.2,292.1;739.1,312.3;669.3,341.7;562.8,371.1;529.7,455.6;504.0,514.4
64#674.1,726.2;654.4,611.7;662.3,501.1;587.2,493.2;551.7,493.2;551.7,599.8;626.7,497.2;599.1,366.8;599.1,362.9;573.4,309.6;701.8,382.6;733.3,339.2;658.3,351.0;551.7,378.7;520.1,453.7;500.3,536.7
65#680.6,738.4;661.1,620.8;649.3,499.4;578.8,499.4;539.6,577.7;551.4,628.7;610.1,499.4;586.6,374.0;586.6,362.2;569.0,309.3;692.4,409.2;708.1,389.7;637.5,358.3;535.7,385.7;512.2,468.0;504.3,550.3
66#685.6,738.3;662.4,622.4;639.2,502.7;562.0,498.8;546.5,595.4;542.7,645.6;596.8,502.7;573.6,375.2;573.6,359.7;563.9,311.4;728.1,409.9;697.2,406.1;627.7,363.6;515.6,390.6;500.2,471.7;507.9,549.0
67#693.0,726.9;669.6,617.5;618.8,492.4;556.2,508.1;568.0,574.5;560.1,617.5;587.5,504.2;568.0,375.2;568.0,367.4;569.9,302.9;696.9,406.5;689.1,414.3;622.7,363.5;513.2,386.9;482.0,476.8;532.8,527.6
68#705.7,710.1;675.9,602.2;605.1,486.8;541.9,501.7;571.6,553.8;567.9,639.4;575.4,497.9;571.6,378.8;567.9,367.7;577.2,291.3;690.8,434.7;683.3,427.2;623.8,371.4;515.8,386.3;460.0,468.2;527.0,505.4
69#704.8,682.8;682.4,570.7;596.5,484.7;536.7,499.7;577.8,552.0;566.6,664.1;566.6,488.5;570.3,380.1;570.3,368.9;579.6,296.0;652.5,458.6;682.4,451.1;622.6,383.8;514.3,383.8;447.0,443.6;577.8,458.6
70#706.5,648.5;691.8,541.3;592.0,478.5;529.2,500.7;580.9,585.7;566.1,685.4;562.4,489.6;569.8,378.7;569.8,367.6;579.0,291.9;684.4,471.1;684.4,434.1;621.5,382.4;518.1,378.7;436.8,412.0;488.5,419.4
71#705.3,617.1;709.3,514.9;591.3,483.5;528.4,511.0;575.6,605.3;571.6,707.6;559.9,499.2;567.7,377.3;571.6,365.5;585.4,304.6;689.6,479.5;689.6,428.4;626.7,381.2;504.8,373.4;434.0,369.4;500.9,326.2
72#693.9,586.1;714.3,491.9;591.5,483.7;530.0,524.6;571.0,622.9;575.1,729.4;562.8,508.3;566.9,377.2;571.0,360.8;589.4,297.3;677.5,491.9;693.9,422.2;624.2,373.1;505.5,381.3;448.1,324.0;482.9,297.3
73#688.2,563.4;721.4,468.3;612.1,482.6;540.8,511.1;559.9,629.9;574.1,744.0;574.1,496.9;574.1,359.0;574.1,354.3;593.1,273.5;659.6,458.8;702.4,411.3;631.1,368.6;512.3,349.5;469.6,292.5;471.9,237.9
74#688.9,579.1;718.6,483.1;616.8,480.3;546.3,503.1;552.8,625.1;561.8,737.9;579.3,491.7;578.5,357.5;577.7,352.2;590.1,273.6;651.7,431.0;695.4,392.2;636.0,362.8;517.1,350.7;475.0,315.4;477.6,260.6
75#689.5,594.8;715.8,498.0;621.6,477.9;551.8,495.0;545.7,620.4;549.5,731.8;584.5,486.5;582.9,356.0;581.3,350.0;587.1,273.7;643.7,403.2;688.5,373.1;640.9,357.0;521.9,351.9;480.4,338.4;483.3,283.3
76#690.2,610.5;713.0,512.8;626.3,475.6;557.2,487.0;538.6,615.6;537.1,725.8;589.6,481.3;587.2,354.5;584.9,347.9;584.1,273.7;635.8,375.3;681.5,353.9;645.9,351.2;526.8,353.1;485.8,361.3;489.1,306.1
77#690.8,626.2;710.2,527.7;631.1,473.2;562.7,478.9;531.5,610.9;524.8,719.7;594.8,476.1;591.6,353.0;588.5,345.7;581.1,273.8;627.8,347.5;674.6,334.8;650.8,345.4;531.6,354.3;491.2,384.3;494.8,328.8
78#691.5,641.9;707.4,542.5;635.8,470.9;568.2,470.9;524.4,606.1;512.5,713.6;600.0,470.9;596.0,351.5;592.1,343.6;578.1,273.9;619.9,319.7;667.6,315.7;655.7,339.6;536.4,355.5;496.6,407.2;500.5,351.5
79#693.5,663.6;704.9,561.4;633.0,481.9;568.6,485.7;504.3,584.1;496.7,682.5;602.7,485.7;587.5,353.2;583.8,341.8;574.3,271.8;602.7,398.6;644.3,413.8;636.7,349.4;534.5,357.0;500.5,428.9;508.0,383.5
80#695.8,685.3;695.8,587.4;633.1,493.4;566.5,489.5;484.3,552.1;484.3,646.1;601.8,493.4;582.2,352.4;578.3,336.7;568.5,264.3;597.9,403.3;637.0,403.3;625.3,344.6;531.3,360.2;500.0,446.4;527.4,407.2
81#698.2,707.2;681.8,604.4;624.2,493.3;558.4,489.2;463.8,518.0;476.1,608.5;591.3,489.2;566.6,349.3;566.6,337.0;558.4,263.0;570.7,394.6;620.1,394.6;607.7,332.9;521.4,357.6;496.7,427.5;488.5,411.0
82#707.9,719.5;670.5,615.6;620.6,499.2;554.1,495.1;450.2,482.6;471.0,574.0;587.4,499.2;554.1,349.6;554.1,341.3;543.8,260.2;566.6,403.6;604.0,399.5;599.9,337.1;512.6,357.9;475.2,432.7;446.1,449.3
83#714.4,723.5;663.2,608.3;607.7,505.8;535.2,527.2;445.6,446.1;462.6,548.5;569.3,514.4;543.7,343.7;543.7,343.7;530.9,266.9;560.8,399.1;599.2,394.9;594.9,330.9;496.8,360.7;458.4,450.4;509.6,480.2
84#706.4,714.7;665.1,607.4;599.1,504.2;520.7,537.3;450.5,434.1;454.6,541.4;557.8,516.6;533.0,355.7;528.9,355.7;522.7,287.6;564.0,295.8;572.3,287.6;590.8,343.3;475.3,368.0;458.8,446.5;450.5,529.0
85#681.3,687.4;662.3,596.3;586.3,505.1;517.9,508.9;453.3,448.1;449.5,554.5;548.3,508.9;521.7,364.5;517.9,364.5;523.6,286.6;578.7,337.9;593.9,391.1;574.9,356.9;468.5,368.3;449.5,455.7;544.5,391.1
86#663.1,659.2;652.4,570.1;570.4,509.5;499.1,520.2;445.7,470.3;449.2,580.8;538.3,516.6;517.0,374.0;517.0,374.0;518.7,297.4;549.0,423.9;591.8,420.4;566.9,370.5;467.1,374.0;467.1,423.9;395.8,331.2
87#640.8,628.9;637.6,549.5;561.4,505.0;494.6,517.7;440.6,495.5;443.8,603.5;523.2,511.3;513.7,381.1;513.7,377.9;521.6,306.4;590.0,371.5;602.7,412.8;564.5,381.1;466.0,384.2;472.4,435.1;510.5,419.2
88#622.2,602.3;625.1,529.9;564.3,506.8;486.1,521.3;436.9,518.4;445.6,622.6;526.7,515.5;518.0,388.1;520.9,379.4;531.0,323.0;596.1,396.8;590.3,460.5;567.2,391.0;471.7,385.2;468.8,446.0;503.5,431.5
89#601.2,575.1;607.1,501.3;565.8,524.9;503.8,524.9;444.8,539.7;447.8,639.9;533.3,524.9;524.5,392.2;524.5,380.4;534.8,322.9;601.2,412.9;601.2,445.3;571.7,395.2;477.3,386.3;471.4,445.3;506.8,436.4
90#576.8,578.0;551.7,587.4;573.6,530.9;498.3,527.8;457.6,562.3;451.3,659.5;532.8,527.8;526.6,389.8;529.7,383.5;543.8,322.3;620.7,458.8;605.0,458.8;579.9,392.9;473.2,386.6;410.5,408.6;404.2,392.9
91#572.5,592.1;582.0,506.0;559.7,509.1;495.9,518.7;473.5,579.4;457.6,675.1;527.8,515.5;534.2,384.7;534.2,381.5;554.9,319.3;620.3,470.9;604.4,458.1;582.0,387.9;489.5,381.5;428.9,423.0;406.5,423.0
92#560.4,616.4;583.3,544.4;570.2,498.6;504.7,505.1;481.8,577.1;465.5,675.2;537.5,498.6;540.7,380.8;540.7,380.8;558.7,313.8;625.8,495.3;612.7,439.7;586.5,384.1;498.2,377.5;445.8,429.9;419.7,433.2
93#563.0,650.0;576.4,563.3;586.4,493.2;509.7,493.2;483.0,570.0;462.9,673.4;546.3,496.6;546.3,383.2;549.7,373.2;554.7,328.1;613.1,473.2;639.8,446.5;593.1,386.5;496.3,383.2;442.9,443.2;422.9,446.5
94#564.4,662.9;574.6,574.8;598.3,486.7;527.1,479.9;486.5,557.8;469.5,652.7;561.0,483.3;554.2,385.0;554.2,378.2;559.3,312.1;611.9,459.6;672.9,473.1;605.1,385.0;500.0,385.0;459.4,446.0;442.4,452.8
95#570.2,682.5;580.5,593.3;597.6,483.5;529.0,480.0;487.8,541.8;480.9,627.6;563.3,480.0;559.9,380.5;559.9,377.1;561.6,306.7;635.4,425.1;690.3,397.7;607.9,380.5;511.8,380.5;477.5,438.8;443.2,486.9
96#575.4,706.7;587.6,613.1;591.6,499.3;526.6,495.2;498.1,531.8;498.1,617.2;559.1,495.2;571.3,381.3;567.2,381.3;569.3,298.0;640.4,332.5;689.2,373.2;620.1,373.2;514.4,381.3;461.5,450.5;449.3,503.3
97#590.6,705.9;597.8,609.4;593.0,497.7;527.6,494.6;520.9,543.5;534.6,622.2;559.8,495.6;570.9,375.1;567.8,374.1;576.7,294.5;651.0,340.4;686.7,377.8;621.2,369.0;513.6,374.1;457.4,432.8;456.0,475.3
98#605.8,705.1;608.0,605.6;594.3,496.1;528.6,494.0;543.6,555.2;571.0,627.2;560.5,495.9;570.5,368.8;568.5,366.9;584.1,291.1;661.6,348.3;684.1,382.3;622.2,364.8;512.8,366.9;453.2,415.1;462.7,447.4
99#620.9,704.2;618.1,601.9;595.6,494.4;529.7,493.4;566.4,566.9;607.5,632.1;561.2,496.3;570.1,362.6;569.1,359.6;591.6,287.6;672.3,356.2;681.6,386.8;623.3,360.5;512.0,359.6;449.1,397.4;469.4,419.4
100#636.1,703.4;628.3,598.1;597.0,492.8;530.7,492.8;589.2,578.6;643.9,637.1;561.9,496.7;569.7,356.3;569.7,352.4;599.0,284.1;682.9,364.1;679.0,391.4;624.4,356.3;511.2,352.4;444.9,379.7;476.1,391.4
101#657.4,676.8;649.5,581.8;606.0,494.7;534.7,494.7;598.1,562.0;606.0,621.4;566.4,494.7;570.3,352.2;574.3,348.2;604.0,278.9;681.2,391.8;681.2,399.7;625.8,356.1;522.8,348.2;459.5,383.9;507.0,403.7
102#684.5,657.3;669.7,557.9;596.1,476.9;540.9,491.7;621.9,543.2;614.5,635.2;570.3,488.0;577.7,355.4;577.7,351.8;609.0,283.6;702.9,421.7;680.8,410.7;629.2,359.1;522.5,348.1;522.5,418.0;632.9,436.4
103#706.6,627.6;673.2,527.4;602.7,471.7;535.9,490.2;625.0,560.8;621.3,660.9;573.0,479.1;584.2,356.7;584.2,352.9;619.4,288.0;706.6,449.4;688.1,423.4;632.4,364.1;532.2,341.8;524.8,397.5;498.8,315.8
104#712.2,586.2;683.3,503.3;607.6,474.4;542.7,499.6;625.6,571.8;625.6,683.5;575.1,485.2;593.2,351.8;596.8,348.2;634.6,295.9;708.5,456.4;686.9,423.9;640.0,362.6;542.7,344.6;488.6,391.5;539.1,402.3
105#705.4,551.3;683.4,470.7;617.5,456.0;558.9,478.0;606.5,606.2;624.8,708.8;588.2,467.0;602.8,353.4;606.5,349.8;634.0,285.6;716.4,474.3;698.1,430.4;657.8,360.8;547.9,342.4;507.6,408.4;507.6,364.4
106#680.1,558.8;601.7,579.5;651.2,455.6;581.0,472.1;593.4,604.2;618.2,699.2;614.1,459.7;614.1,356.5;618.2,348.2;638.8,273.9;717.3,488.6;709.0,426.7;667.7,356.5;564.5,348.2;531.5,397.8;502.6,397.8
107#701.1,544.6;652.2,544.6;660.4,471.4;595.3,487.7;599.4,609.7;599.4,699.2;627.8,475.5;627.8,361.5;631.9,357.5;652.2,280.2;721.4,499.9;721.4,430.7;680.7,361.5;574.9,361.5;538.3,451.0;513.9,426.6
108#696.9,561.7;685.0,529.7;665.0,469.7;609.0,481.7;605.0,589.6;589.0,685.5;637.0,477.7;641.0,361.8;645.0,357.9;665.0,281.9;736.9,489.7;744.9,433.8;692.9,369.8;589.0,357.9;549.1,409.8;529.1,417.8
109#663.9,576.8;675.2,505.2;679.0,471.3;622.5,482.6;603.7,588.1;588.6,682.2;652.6,478.8;652.6,369.6;656.4,362.1;677.1,284.9;743.0,467.6;769.4,426.1;701.6,369.6;596.2,373.4;543.4,411.1;539.7,429.9
110#664.1,596.2;667.9,521.5;690.3,480.5;630.5,480.5;596.9,581.3;589.4,682.1;660.4,480.5;667.9,368.4;671.6,364.7;688.4,288.1;742.6,424.5;791.1,417.0;720.1,375.9;623.1,368.4;544.6,394.6;645.5,428.2
111#672.2,613.2;664.9,536.3;697.8,488.7;646.5,492.3;591.6,576.6;595.2,679.2;672.2,488.7;683.2,382.4;686.8,367.7;694.2,294.5;778.4,375.1;818.7,408.1;741.8,386.1;628.2,371.4;547.6,444.7;598.9,408.1
112#676.0,643.8;665.2,557.1;712.2,488.4;650.7,495.7;585.7,571.5;600.2,669.1;683.3,492.0;694.1,376.4;694.1,372.8;710.4,298.7;791.7,343.9;824.2,387.3;741.1,383.6;636.3,365.6;556.8,387.3;618.2,427.0
113#678.0,669.0;670.5,579.6;722.7,512.6;666.8,505.1;584.8,561.0;603.5,654.1;696.6,512.6;704.0,382.2;704.0,378.5;718.9,304.0;800.9,322.6;812.0,374.8;756.2,389.7;648.2,371.0;581.1,382.2;607.2,341.2
114#680.7,694.2;676.9,595.1;737.8,511.3;673.0,499.8;589.2,545.5;608.3,621.8;703.5,507.4;715.0,381.7;715.0,381.7;724.5,307.4;795.0,336.0;817.8,374.1;768.3,385.5;661.6,374.1;600.6,385.5;619.7,408.4
115#682.3,711.5;686.0,611.2;745.5,522.0;682.3,499.7;596.8,522.0;615.4,592.6;712.0,510.8;726.9,384.4;723.2,377.0;736.2,315.7;801.2,354.7;834.7,391.9;775.2,391.9;674.8,373.3;604.2,403.0;630.2,395.6
116#692.5,726.1;708.1,617.4;746.9,524.2;688.6,493.1;607.1,497.0;630.4,574.6;719.7,508.6;731.4,384.4;731.4,380.5;741.1,320.3;809.0,368.9;844.0,403.8;785.7,388.3;680.9,376.6;622.6,415.4;622.6,403.8
117#703.7,751.2;732.6,631.4;757.4,511.6;691.3,495.0;616.9,486.8;641.7,569.4;724.3,499.2;736.7,383.5;736.7,383.5;747.0,315.4;790.4,437.2;844.1,424.8;790.4,387.6;687.1,375.2;633.4,420.7;625.2,424.8
118#731.3,730.3;747.5,637.0;759.7,491.0;702.9,482.9;617.7,507.2;662.3,584.3;731.3,486.9;739.4,385.5;739.4,385.5;753.6,314.5;788.0,434.2;836.7,438.3;788.0,385.5;686.6,377.4;650.1,438.3;638.0,458.5
119#757.6,705.0;772.7,620.9;765.5,494.0;702.5,491.8;628.2,529.9;667.8,615.3;734.6,492.3;745.4,390.8;745.4,389.7;762.0,321.0;794.3,446.2;842.1,458.8;793.2,393.0;694.9,385.4;647.6,439.1;654.8,458.1
120#783.8,679.6;798.0,604.7;771.4,496.9;702.1,500.8;638.6,552.7;673.2,646.3;737.8,497.8;751.5,396.0;751.5,393.8;770.5,327.5;800.5,458.3;847.4,479.4;798.3,400.4;703.2,393.3;645.0,439.9;671.7,457.6
121#810.1,654.3;823.2,588.6;777.2,499.9;701.7,509.7;649.1,575.4;678.7,677.3;741.1,503.2;757.5,401.3;757.5,398.0;778.9,334.0;806.8,470.3;852.8,499.9;803.5,407.9;711.5,401.3;642.5,440.7;688.5,457.2
122#826.9,660.8;854.2,575.4;782.5,503.7;714.1,507.1;662.9,602.8;680.0,701.8;748.3,503.7;765.4,414.9;765.4,401.2;791.0,334.6;813.2,466.1;861.0,500.3;813.2,414.9;714.1,414.9;639.0,483.2;690.2,445.6
123#848.2,610.6;879.6,554.6;795.7,530.1;725.8,533.6;683.8,624.5;680.3,725.9;764.2,533.6;771.2,418.3;774.7,397.3;801.0,350.1;820.2,467.2;879.6,467.2;823.7,421.8;711.8,407.8;641.9,428.8;694.3,453.2
124#861.1,599.1;892.9,532.0;797.5,525.0;737.5,525.0;712.8,630.9;684.5,743.9;769.3,528.5;783.4,408.4;787.0,404.9;820.5,343.1;861.1,592.1;868.2,461.4;829.3,415.5;730.5,401.4;666.9,419.0;712.8,376.7
125#877.0,596.1;902.7,522.6;821.9,530.0;752.1,530.0;719.1,640.1;686.0,739.3;781.5,530.0;799.9,412.5;799.9,408.8;816.4,337.2;829.2,489.6;884.3,438.2;854.9,416.1;744.8,401.5;708.1,445.5;752.1,460.2
126#895.5,614.2;914.2,528.3;839.5,550.7;768.5,546.9;716.2,640.3;697.6,729.9;798.4,550.7;813.3,416.2;813.3,416.2;826.4,347.1;895.5,610.4;850.7,490.9;865.6,427.4;764.8,412.5;723.7,464.8;768.5,479.7
127#921.0,640.1;928.6,552.9;852.8,556.7;777.0,560.5;716.4,636.3;712.6,746.2;818.7,560.5;814.9,424.1;818.7,424.1;828.2,361.6;826.3,473.4;860.4,492.3;867.9,427.9;761.8,427.9;735.3,488.5;773.2,492.3
128#932.4,667.4;948.5,580.4;867.9,551.4;800.1,554.6;716.3,625.5;745.3,664.2;838.8,554.6;825.9,438.5;825.9,428.8;821.1,372.4;825.9,483.6;861.4,483.6;877.5,438.5;771.1,438.5;748.5,515.9;780.8,493.3
129#941.6,690.9;950.5,604.9;882.2,545.5;822.9,551.5;725.0,610.8;778.4,652.3;849.6,554.4;831.8,447.6;828.8,438.7;821.4,377.9;846.6,489.2;885.2,507.0;873.3,447.6;784.3,450.6;784.3,504.0;811.0,495.1
130#952.9,713.1;962.1,626.9;888.2,553.0;829.8,559.2;737.4,596.1;808.2,648.4;854.4,559.2;829.8,460.7;829.8,451.4;815.9,400.6;845.1,506.8;882.1,509.9;875.9,451.4;780.5,463.7;771.3,528.4;808.2,645.4
131#970.7,741.6;970.7,643.8;901.3,552.3;844.5,565.0;743.6,587.0;831.9,656.4;872.9,561.8;828.7,470.3;828.7,467.2;827.1,399.4;854.0,508.2;885.5,505.0;872.9,460.9;778.3,476.6;753.0,539.7;828.7,653.3
132#993.7,753.3;984.3,659.3;918.5,565.2;852.6,584.0;761.7,618.5;855.8,684.3;880.8,580.9;830.7,477.4;833.8,474.3;829.1,419.5;855.8,521.3;890.2,518.2;874.6,471.2;786.8,480.6;758.6,543.3;852.6,678.1
133#1015.1,768.1;995.5,667.0;927.0,572.4;861.8,588.8;777.0,644.2;861.8,719.2;891.2,575.7;835.7,484.4;835.7,487.6;830.8,427.3;848.8,523.5;891.2,526.8;878.1,477.9;783.5,484.4;737.9,536.6;786.8,536.6
134#1037.7,759.2;1004.7,676.8;932.1,581.1;869.5,591.0;796.9,666.9;869.5,755.9;899.2,591.0;836.5,492.0;839.8,498.6;828.2,444.2;826.6,541.5;886.0,538.2;882.7,488.7;793.6,498.6;727.6,574.5;796.9,554.7
135#1051.0,805.8;1011.6,690.8;936.1,592.3;873.7,602.2;811.3,687.6;877.0,779.5;903.2,602.2;840.8,503.7;840.8,510.3;832.6,456.1;814.6,552.9;909.8,559.5;883.5,500.4;798.2,510.3;745.6,533.2;778.5,552.9
136#1064.2,810.9;1012.8,697.7;934.0,601.8;875.7,615.5;824.3,701.2;879.1,797.2;906.6,612.1;844.9,522.9;844.9,529.8;843.2,463.0;793.5,612.1;892.9,574.4;886.0,519.5;800.3,522.9;724.9,550.4;776.3,591.5
137#1069.7,776.5;1014.8,705.4;930.7,605.2;872.5,627.8;824.0,718.3;879.0,808.8;904.8,621.3;843.4,540.5;846.7,540.5;835.4,484.0;824.0,605.2;895.2,598.7;888.7,537.3;798.2,543.7;727.1,579.3;785.2,621.3
138#1070.8,793.1;1013.3,718.7;928.8,613.8;878.0,637.5;834.0,732.2;874.6,830.3;901.7,624.0;844.2,559.7;844.2,559.7;832.3,500.5;938.9,718.7;918.6,620.6;884.8,549.5;800.2,559.7;742.7,613.8;790.1,647.6
139#1072.6,805.5;1009.6,728.6;929.2,627.2;880.3,648.2;838.3,749.6;873.3,847.5;901.3,634.2;834.8,571.3;838.3,574.8;826.1,510.1;915.2,683.2;915.2,620.2;880.3,560.8;785.9,581.8;761.4,662.2;764.9,665.7
140#1066.0,818.9;1002.5,745.4;929.0,635.1;865.5,655.1;842.1,768.8;872.2,865.7;892.3,645.1;835.4,585.0;835.4,581.6;817.1,519.8;865.5,658.5;912.3,618.4;875.5,564.9;795.3,598.3;815.4,655.1;785.3,671.8
141#1055.1,832.5;995.6,749.9;913.0,640.9;860.2,670.7;840.4,779.6;870.1,875.4;886.6,654.1;827.2,588.1;827.2,581.5;805.7,527.0;893.2,690.5;906.4,631.0;866.8,571.6;784.2,604.6;814.0,664.1;784.2,677.3
142#1050.7,833.1;994.7,749.1;910.7,651.2;854.8,675.7;833.8,784.1;868.8,882.0;882.8,661.7;823.3,591.7;819.8,581.2;804.1,520.0;847.8,689.6;889.8,633.7;868.8,577.7;774.3,605.7;753.3,689.6;760.3,700.1
143#1044.8,822.7;988.0,744.6;895.8,655.9;842.5,684.2;828.3,790.7;863.8,883.0;870.9,670.1;817.7,584.9;814.2,581.3;801.7,512.1;938.4,588.4;927.7,606.2;863.8,577.8;771.6,595.5;768.0,645.2;778.7,673.6
144#1031.0,808.7;984.3,726.0;883.6,664.9;826.1,693.7;818.9,790.8;858.4,880.6;854.8,679.3;811.7,578.6;811.7,571.4;809.9,508.5;948.3,560.6;941.1,582.2;865.6,567.8;764.9,582.2;689.4,657.7;732.6,632.5
145#1006.0,813.1;981.0,709.6;870.4,659.7;816.8,688.2;820.4,798.9;856.1,880.9;845.4,677.5;813.3,566.9;813.3,563.3;818.6,508.0;941.7,581.2;913.2,566.9;863.2,556.2;766.9,577.6;788.3,638.3;777.6,695.4
146#991.9,791.6;970.5,684.3;859.6,648.6;809.5,684.3;831.0,795.2;856.0,884.6;838.1,666.5;813.1,555.6;813.1,555.6;825.6,496.6;991.9,741.6;913.2,552.0;866.8,548.4;766.6,566.3;695.1,587.8;702.3,523.4
147#973.4,765.3;955.9,660.0;854.2,646.0;808.6,681.1;826.1,782.8;843.7,877.5;833.1,660.0;815.6,544.3;815.6,533.8;827.9,500.4;977.0,719.7;966.4,653.0;864.7,537.3;763.0,554.8;759.5,614.4;777.0,691.6
148#955.9,717.6;948.3,630.6;846.2,626.8;804.6,653.3;816.0,774.3;819.7,865.1;827.3,649.5;816.0,536.1;816.0,524.7;836.8,485.0;955.9,702.5;944.5,668.4;868.9,524.7;766.8,543.6;763.0,607.9;778.1,687.3
149#922.3,690.3;929.9,611.0;877.0,622.4;809.0,648.8;801.4,754.6;805.2,830.1;843.0,637.5;812.8,524.1;812.8,524.1;826.0,454.3;926.1,690.3;933.7,618.6;865.7,516.6;763.7,527.9;763.7,592.1;778.8,675.2
150#796.0,798.0;814.7,712.0;889.4,607.3;822.1,607.3;781.0,712.0;792.2,809.2;855.8,611.1;814.7,517.6;818.4,521.4;824.0,448.5;926.8,532.6;915.6,584.9;867.0,510.1;769.8,525.1;683.8,562.5;676.3,521.4
151#867.1,683.7;796.9,703.8;883.8,600.2;827.0,603.5;760.2,697.1;783.6,794.0;853.7,603.5;817.0,506.6;820.3,513.3;822.0,454.8;930.6,550.0;917.2,543.3;863.8,499.9;770.2,509.9;683.3,563.4;676.6,520.0
152#845.4,692.1;839.4,653.3;878.2,587.7;815.5,599.6;746.9,659.3;782.7,751.7;851.3,590.7;818.5,501.2;818.5,507.2;817.0,446.0;937.8,548.9;916.9,534.0;863.3,498.2;770.8,504.2;714.1,519.1;675.4,519.1
153#851.1,686.8;853.7,619.2;871.8,575.1;819.9,575.1;739.4,624.4;770.5,692.0;843.3,577.7;817.3,492.0;817.3,492.0;816.0,451.7;916.0,523.1;918.6,533.5;861.5,486.8;770.5,494.6;710.8,515.3;671.8,515.3
154#845.9,682.8;848.5,612.2;863.6,561.8;803.1,569.4;740.1,582.0;788.0,680.2;833.3,566.9;815.7,481.2;815.7,481.2;822.0,437.1;931.6,551.7;901.4,519.0;856.0,478.7;772.9,481.2;712.4,508.9;669.6,513.9
155#837.1,684.6;839.8,608.5;852.9,548.3;790.0,556.1;745.4,592.8;784.7,661.0;821.4,556.1;813.6,472.2;813.6,474.9;822.7,426.4;926.3,545.6;900.0,511.6;855.5,472.2;769.0,472.2;719.2,495.8;666.8,514.2
156#836.0,686.5;837.8,605.9;838.0,535.0;778.0,540.2;757.8,591.2;781.9,667.5;808.5,540.2;808.6,459.8;808.6,463.7;823.7,408.5;912.5,540.6;898.1,499.9;851.4,459.8;764.0,458.7;715.9,484.0;669.3,503.7
157#834.8,688.3;835.7,603.4;823.1,521.6;766.0,524.2;770.3,589.7;779.1,674.1;795.6,524.2;803.6,447.3;803.6,452.5;824.8,390.5;898.6,535.6;896.3,488.1;847.4,447.3;759.0,445.2;712.6,472.2;671.7,493.2
158#833.7,690.2;833.7,600.8;808.2,508.3;754.0,508.3;782.7,588.1;776.3,680.6;782.7,508.3;798.6,434.9;798.6,441.3;825.8,372.6;884.8,530.6;894.4,476.4;843.3,434.9;754.0,431.7;709.3,460.4;674.2,482.7
159#840.9,685.0;831.5,584.8;797.0,494.0;743.8,497.1;787.6,572.3;772.0,631.8;772.0,494.0;793.9,415.7;793.9,415.7;833.0,354.7;881.6,519.0;884.7,459.6;834.6,412.6;743.8,415.7;709.4,465.8;662.4,494.0
160#848.6,661.7;832.1,569.2;789.2,493.3;723.1,503.2;789.2,569.2;769.3,635.3;756.1,499.9;795.8,400.8;799.1,390.9;830.4,343.0;868.4,499.9;875.0,443.7;842.0,400.8;739.6,394.2;670.3,423.9;670.3,480.1
161#848.2,629.9;834.7,538.7;777.3,467.9;716.6,481.4;790.8,548.9;767.2,629.9;750.3,474.6;787.4,376.7;790.8,373.4;826.2,310.9;854.9,474.6;868.4,420.6;838.1,383.5;733.4,376.7;659.2,440.9;662.6,494.9
162#847.7,590.6;844.2,527.6;774.3,447.2;718.3,461.1;777.7,548.6;763.8,653.5;746.3,450.6;784.7,359.7;791.7,349.2;818.0,288.0;840.7,443.7;854.7,394.7;837.2,363.2;732.3,356.2;728.8,412.2;774.3,443.7
163#831.6,633.1;857.4,511.2;776.2,411.5;717.1,426.3;761.4,537.1;765.1,658.9;746.6,422.6;779.8,337.6;787.2,326.5;814.9,273.0;824.2,422.6;838.9,352.4;831.6,341.3;735.5,330.2;739.2,404.1;750.3,466.9
164#894.2,554.7;854.1,478.1;766.6,397.9;715.5,405.2;733.8,518.2;755.7,645.9;744.7,401.5;773.9,310.4;781.2,303.1;812.2,235.6;814.0,387.0;824.9,357.8;824.9,314.0;726.5,303.1;704.6,292.2;730.1,263.0
165#829.2,579.2;848.9,516.3;758.4,378.7;715.2,382.7;719.1,536.0;742.7,606.8;738.8,378.7;750.6,382.7;782.0,280.4;821.4,390.5;852.8,461.3;837.1,441.6;778.1,382.7;742.7,363.0;715.2,410.2;754.5,469.2
