1#847.4,781.5;840.5,705.4;840.5,615.5;816.3,622.5;819.8,708.9;847.4,791.8;826.7,619.0;778.3,518.7;778.3,518.7;767.9,463.4;733.3,473.8;774.8,480.7;809.4,515.3;750.6,522.2;709.1,515.3;712.6,477.3
2#843.2,786.5;839.8,705.1;836.4,613.4;805.9,623.6;816.0,708.4;839.8,789.9;819.4,620.2;775.3,515.0;775.3,515.0;765.1,457.3;749.8,421.6;785.5,467.4;802.5,504.8;744.8,518.4;710.8,511.6;710.8,474.2
3#835.7,778.3;835.7,697.2;828.6,609.2;793.4,619.7;803.9,704.3;835.7,778.3;811.0,616.2;768.7,510.5;768.7,507.0;758.1,450.6;747.6,425.9;786.3,461.2;800.4,499.9;740.5,514.0;712.3,510.5;715.9,475.3
4#814.8,751.1;812.7,680.8;814.1,599.7;778.4,608.7;783.4,687.5;819.9,753.1;796.3,605.4;757.9,499.3;757.9,494.9;746.7,439.0;752.0,456.1;787.9,463.3;788.2,489.1;727.9,505.7;708.1,518.6;717.6,496.2
5#793.8,723.9;789.8,664.3;799.6,590.2;763.5,597.8;762.9,670.8;804.0,728.0;781.5,594.5;747.1,488.0;747.1,482.8;735.4,427.3;756.3,486.3;789.6,465.5;775.9,478.4;715.3,497.3;703.8,526.7;719.3,517.0
6#772.9,696.7;766.8,647.9;785.1,580.7;748.5,586.8;742.4,654.0;788.2,702.8;766.8,583.7;736.3,476.8;736.3,470.7;724.0,415.7;760.7,516.5;791.2,467.6;763.7,467.6;702.7,489.0;699.6,534.8;721.0,537.9
7#762.0,672.3;747.3,625.2;773.8,569.3;738.4,578.1;709.0,625.2;753.1,666.5;753.1,575.1;723.7,463.2;720.7,457.3;706.0,404.3;756.1,436.7;782.6,466.2;756.1,451.4;688.3,472.1;685.4,519.2;711.9,498.6
8#757.5,667.4;735.3,603.6;763.0,559.2;724.2,567.5;677.0,589.7;726.9,645.2;743.6,564.7;710.3,453.7;704.7,445.4;692.2,391.2;749.1,417.6;788.0,439.8;743.6,437.0;674.2,464.8;652.0,500.9;674.2,500.9
9#756.5,672.0;733.3,599.6;750.7,556.1;704.3,559.0;646.4,561.9;698.6,622.7;727.5,559.0;695.7,443.1;695.7,437.4;676.8,380.9;736.2,405.5;771.0,417.1;730.4,428.7;660.9,451.8;620.3,466.3;663.8,480.8
10#756.6,681.3;738.8,601.5;732.9,539.5;685.7,539.5;617.7,536.5;665.0,601.5;709.3,539.5;682.7,430.1;682.7,427.2;666.4,369.6;697.5,382.9;735.9,391.7;709.3,421.3;656.1,439.0;600.0,433.1;647.2,409.5
11#757.6,678.0;737.5,597.8;714.1,537.6;664.0,537.6;600.5,510.9;640.6,574.4;690.7,537.6;670.7,424.0;667.3,420.7;650.6,357.2;657.3,350.5;697.4,370.5;697.4,417.3;640.6,424.0;590.5,410.6;587.1,370.5
12#737.4,662.3;723.2,583.4;697.6,531.9;647.9,531.7;586.2,502.2;620.1,566.1;674.2,531.7;656.7,422.8;653.7,418.9;638.1,357.7;652.8,352.3;688.6,374.7;683.5,416.4;626.7,423.0;582.1,416.6;579.9,380.3
13#717.1,646.6;708.9,568.9;681.1,526.2;631.8,525.7;572.0,493.5;599.6,557.7;657.7,525.7;642.7,421.5;640.1,417.1;625.7,358.2;648.3,354.1;679.8,378.9;669.5,415.5;612.8,422.0;573.8,422.7;572.7,390.1
14#696.9,631.0;694.6,554.5;664.6,520.5;615.7,519.8;557.7,484.8;579.1,549.4;641.2,519.8;628.7,420.2;626.6,415.2;613.2,358.7;643.8,356.0;671.0,383.1;655.6,414.6;598.9,421.0;565.4,428.7;565.5,400.0
15#676.7,615.3;680.3,540.1;648.1,514.8;599.6,513.8;543.4,476.1;558.6,541.1;624.7,513.8;614.7,419.0;613.0,413.4;600.7,359.2;639.3,357.8;662.3,387.3;641.7,413.7;585.0,419.9;557.0,434.7;558.2,409.8
16#656.5,599.6;666.0,525.6;631.6,509.2;583.6,507.9;529.2,467.4;538.2,532.7;608.2,507.9;600.7,417.8;599.4,411.6;588.3,359.7;634.7,359.6;653.5,391.6;627.8,412.8;571.1,418.9;548.6,440.8;551.0,419.6
17#636.2,584.0;651.7,511.2;615.1,503.5;567.5,502.0;514.9,458.7;517.7,524.4;591.7,502.0;586.7,416.5;585.8,409.8;575.8,360.2;630.2,361.4;644.7,395.8;613.8,411.9;557.2,417.9;540.2,446.8;543.8,429.4
18#616.0,568.3;637.4,496.7;598.6,497.8;551.4,496.0;500.7,450.0;497.2,516.0;575.2,496.0;572.7,415.2;572.3,407.9;563.4,360.7;625.7,363.3;635.9,400.0;599.9,411.0;543.3,416.9;531.9,452.9;536.6,439.3
19#595.8,552.6;623.1,482.3;582.1,492.1;535.3,490.1;486.4,441.3;476.7,507.7;558.7,490.1;558.7,414.0;558.7,406.1;550.9,361.2;621.2,365.1;627.1,404.2;586.0,410.1;529.4,415.9;523.5,458.9;529.4,449.1
20#592.8,567.0;606.4,492.7;557.6,492.7;506.8,492.7;469.7,442.0;473.6,512.3;536.1,492.7;542.0,412.7;542.0,402.9;537.1,357.0;618.1,373.6;620.1,410.7;579.1,406.8;506.8,408.8;508.8,447.8;526.4,445.9
21#594.9,580.0;586.7,505.4;526.6,532.3;491.4,505.4;526.6,507.5;476.9,528.2;512.1,524.1;528.7,404.0;528.7,397.8;525.6,357.4;615.6,383.3;607.4,418.5;561.8,404.0;497.6,401.9;464.5,412.3;514.2,437.1
22#595.2,590.5;578.5,514.2;518.9,514.2;476.0,504.7;442.6,461.7;464.0,530.9;497.4,514.2;516.5,397.3;516.5,392.6;512.9,343.7;611.9,392.6;600.0,418.8;552.3,402.1;478.3,395.0;435.4,390.2;485.5,414.0
23#596.6,589.3;572.7,513.0;508.3,501.0;465.4,498.7;436.8,465.3;465.4,536.8;486.9,501.0;503.6,391.3;506.0,386.6;507.2,337.7;610.9,398.5;589.4,422.3;541.7,396.1;467.8,386.6;467.8,417.6;496.4,424.7
24#591.3,580.1;573.6,503.5;511.7,488.7;467.4,488.7;496.9,488.7;467.4,547.7;488.1,488.7;496.9,388.4;496.9,379.6;502.8,326.5;609.0,403.2;582.5,423.8;538.2,391.4;452.7,379.6;417.3,347.2;446.8,314.7
25#582.9,563.3;574.0,489.0;508.6,494.9;464.0,497.9;535.3,477.1;470.0,560.3;487.8,494.9;496.7,379.0;496.7,376.0;502.7,319.5;606.7,414.6;574.0,429.5;535.3,387.9;458.1,367.1;431.3,334.4;425.4,292.8
26#578.6,542.3;575.9,467.3;511.6,483.4;468.8,488.7;463.4,504.8;468.8,571.8;490.2,488.7;500.9,373.6;500.9,368.2;511.6,314.7;608.0,421.8;573.2,427.2;538.4,384.3;466.1,362.9;431.3,330.8;423.3,290.6
27#573.8,519.9;573.8,450.9;517.6,471.3;476.7,471.3;471.6,512.2;469.1,581.2;497.2,471.3;507.4,371.7;509.9,364.0;527.8,310.4;607.0,430.5;576.4,425.4;545.7,379.4;471.6,358.9;425.6,346.2;423.1,300.2
28#568.4,491.9;574.1,437.7;534.1,469.1;488.5,469.1;477.0,523.3;468.5,589.0;511.3,469.1;519.9,369.1;522.7,360.6;544.1,304.9;611.2,437.7;582.7,426.2;559.8,377.7;482.7,357.7;428.5,354.9;428.5,309.2
29#595.7,483.9;567.7,495.2;545.2,469.9;500.4,469.9;486.3,520.4;458.3,593.3;522.8,469.9;534.0,363.3;534.0,354.9;549.4,303.0;615.3,447.5;595.7,425.0;576.1,374.6;494.7,354.9;438.7,366.1;430.2,326.9
30#606.0,487.5;544.4,495.9;558.4,459.5;513.6,456.7;491.2,509.9;466.0,585.5;538.8,459.5;544.4,358.7;544.4,350.3;557.0,301.4;622.8,456.7;608.8,414.7;586.4,367.1;502.4,353.1;452.0,372.7;432.4,339.2
31#590.2,501.4;601.6,436.0;573.1,441.7;530.4,438.8;496.3,495.7;476.4,572.6;550.3,441.7;553.2,353.4;553.2,342.1;557.5,289.4;627.2,453.0;624.3,413.2;595.9,359.1;510.5,350.6;456.4,367.7;436.5,344.9
32#605.0,517.0;566.6,473.5;579.4,440.1;538.4,435.0;497.4,483.7;484.6,552.9;558.9,440.1;561.5,342.8;558.9,335.1;567.9,287.7;617.8,409.4;638.3,388.9;599.9,345.3;520.5,342.8;466.7,365.8;438.5,347.9
33#576.3,525.7;568.5,465.5;586.8,428.9;544.9,428.9;500.5,468.2;490.0,538.8;565.8,428.9;565.8,337.4;565.8,324.3;572.4,275.9;633.8,376.6;657.4,368.8;605.1,337.4;526.6,337.4;474.3,360.9;442.9,350.5
34#579.9,538.9;577.3,466.1;592.9,429.7;553.9,424.5;501.9,450.5;499.3,523.3;572.1,429.7;572.1,333.4;572.1,320.4;576.0,269.7;642.4,354.2;668.4,346.4;613.7,330.8;533.1,336.0;483.7,359.4;455.0,351.6
35#583.5,553.0;586.4,475.1;597.9,428.9;554.7,426.1;505.6,434.7;511.4,506.8;577.8,426.1;577.8,328.0;577.8,316.4;577.8,264.5;638.3,284.7;672.9,313.6;618.1,325.1;537.4,330.9;485.4,356.8;476.8,336.6
36#588.1,567.6;591.4,488.3;601.3,425.5;565.0,418.9;508.8,418.9;528.6,491.6;581.5,422.2;581.5,323.1;581.5,316.5;581.5,260.3;641.0,250.4;667.4,290.0;617.8,316.5;545.1,326.4;488.9,342.9;495.6,313.1
37#595.1,580.2;602.6,501.5;606.3,426.7;568.9,419.2;516.5,404.2;546.4,471.6;587.6,422.9;583.9,318.1;583.9,318.1;587.6,258.2;643.8,224.5;643.8,276.9;617.6,310.6;546.4,321.8;501.5,336.8;524.0,299.3
38#607.3,589.9;614.7,500.9;611.0,423.1;570.2,419.4;529.4,393.4;573.9,460.2;588.7,423.1;585.0,319.3;585.0,315.6;592.4,260.0;651.8,219.2;636.9,267.4;614.7,308.2;551.7,323.0;510.9,352.6;544.2,334.1
39#613.7,571.9;628.3,491.8;610.1,422.7;570.1,422.7;540.9,393.5;617.4,557.4;591.9,422.7;588.3,320.7;588.3,320.7;591.9,266.1;650.1,233.3;650.1,277.0;621.0,317.1;555.5,328.0;526.4,368.0;555.5,364.4
40#634.9,543.5;634.9,470.7;610.7,429.1;572.5,432.6;628.0,481.1;634.9,540.0;593.3,432.6;586.4,332.0;586.4,325.1;589.9,273.1;659.2,252.3;662.7,293.9;621.1,325.1;551.7,335.5;530.9,380.6;555.2,370.2
41#641.0,499.4;645.4,444.6;619.1,440.2;573.0,440.2;623.5,473.1;601.5,479.7;594.9,442.4;590.5,339.3;590.5,330.6;594.9,282.3;658.5,271.3;665.1,310.8;623.5,332.8;555.5,345.9;535.7,394.2;566.4,376.6
42#649.6,485.9;645.5,424.9;617.1,447.3;574.4,445.2;548.0,404.6;598.8,487.9;598.8,447.3;594.7,345.7;594.7,337.6;596.8,290.9;661.8,290.9;669.9,327.4;625.2,341.6;560.2,353.8;539.9,400.6;568.3,388.4
43#655.5,495.2;643.6,432.0;617.9,453.7;578.4,453.7;600.2,495.2;596.2,516.9;600.2,455.7;594.2,355.0;596.2,345.1;597.2,298.7;663.4,307.6;671.3,347.1;627.8,347.1;562.6,360.9;537.0,412.3;562.6,386.6
44#653.5,508.9;642.5,445.2;627.1,454.0;583.1,460.6;572.2,454.0;591.9,517.7;602.9,458.4;596.3,359.5;598.5,352.9;597.4,305.6;664.4,328.7;666.6,363.9;629.3,350.7;561.2,368.3;537.0,416.6;559.0,401.2
45#659.1,531.5;650.5,458.4;626.8,458.4;579.5,462.7;560.1,449.8;594.6,518.6;603.2,460.5;596.7,365.8;598.9,357.2;602.1,308.8;665.6,346.4;665.6,374.4;629.0,359.4;562.3,374.4;534.3,423.9;570.9,415.3
46#659.2,548.6;650.4,471.4;619.5,464.8;575.4,464.8;619.5,502.3;597.5,513.3;599.7,464.8;597.5,374.5;599.7,361.3;600.8,313.9;665.8,365.7;665.8,387.7;632.7,367.9;560.0,381.1;531.4,425.2;564.4,423.0
47#662.9,565.3;652.5,477.9;619.2,473.7;575.5,467.4;625.5,492.4;579.6,498.7;600.5,473.7;596.3,377.9;598.4,365.4;601.5,322.7;669.2,382.1;665.0,405.0;631.7,373.7;558.8,382.1;523.4,421.6;556.7,417.5
48#664.5,585.8;651.6,523.6;623.1,474.4;581.6,474.4;597.2,497.7;579.0,508.1;602.3,477.0;599.8,381.2;602.3,370.8;603.6,320.3;667.1,401.9;661.9,420.0;638.6,381.2;560.9,383.8;519.5,409.7;542.8,404.5
49#670.2,598.3;648.1,534.7;625.9,479.3;589.9,476.6;589.9,523.6;578.9,537.5;606.5,479.3;603.8,385.2;603.8,374.2;609.3,321.6;670.2,415.7;656.4,426.8;642.5,385.2;567.8,379.7;567.8,412.9;576.1,418.4
50#669.3,610.9;652.7,541.6;624.9,477.8;588.9,475.0;594.4,527.7;583.3,558.2;605.5,477.8;605.5,386.3;605.5,378.0;611.1,325.3;672.1,430.7;661.0,436.2;647.1,391.8;569.5,383.5;536.2,375.2;541.7,333.6
51#660.2,603.3;654.8,535.2;624.8,483.4;586.7,480.7;600.3,507.9;586.7,576.0;605.7,480.7;613.9,390.8;613.9,379.9;616.6,330.8;673.9,453.4;663.0,448.0;652.1,398.9;575.8,379.9;545.8,379.9;551.2,347.2
52#654.5,589.1;654.5,523.2;625.6,486.4;588.7,481.1;601.9,512.7;588.7,591.7;607.2,483.7;620.3,396.9;620.3,386.3;619.0,335.0;680.9,478.5;673.0,457.4;654.5,404.8;586.1,389.0;557.1,415.3;554.5,367.9
53#654.2,575.8;658.8,516.7;633.8,498.5;595.1,496.2;597.4,528.1;597.4,584.9;615.6,498.5;627.0,403.0;624.7,391.7;623.5,361.0;679.2,491.7;681.5,462.1;663.3,412.1;592.9,396.2;565.6,432.6;595.1,437.1
54#655.8,557.7;655.8,525.1;645.8,512.5;605.7,510.0;598.1,550.1;598.1,607.8;625.7,512.5;630.7,412.2;628.2,399.7;627.0,350.8;673.4,454.8;690.9,467.4;668.4,417.2;593.1,404.7;568.1,434.8;563.0,402.2
55#658.0,560.7;674.2,563.4;652.6,514.8;612.0,512.1;595.8,560.7;601.2,625.5;630.9,514.8;633.6,417.5;633.6,404.0;629.6,364.9;682.3,455.4;703.9,455.4;671.5,420.2;595.8,412.1;574.2,444.6;606.6,455.4
56#662.5,582.5;671.2,559.4;656.7,515.9;619.1,515.9;601.7,573.8;595.9,654.9;639.3,515.9;639.3,420.4;639.3,408.8;635.0,364.0;694.3,443.6;711.7,449.4;677.0,417.5;601.7,420.4;578.6,460.9;567.0,443.6
57#665.2,600.8;674.1,571.1;665.2,514.7;623.6,514.7;602.9,583.0;596.9,663.2;644.4,514.7;641.5,419.7;641.5,413.8;637.0,364.8;674.1,393.0;709.7,419.7;674.1,413.8;608.8,425.7;585.0,464.3;567.2,455.3
58#675.0,607.0;656.3,560.2;671.9,513.3;634.4,516.4;603.2,572.7;603.2,641.4;653.2,513.3;643.8,422.7;643.8,416.5;637.6,363.4;687.5,360.3;706.3,391.5;678.2,413.4;609.5,432.1;587.6,472.7;568.9,475.8
59#675.8,620.7;654.7,557.1;672.8,517.8;639.5,517.8;600.2,554.1;603.2,635.8;657.7,517.8;645.6,426.9;645.6,420.9;633.5,372.5;684.9,348.2;697.0,378.5;678.9,411.8;615.3,436.0;594.1,484.5;566.9,493.5
60#674.1,626.9;652.3,561.5;671.4,523.3;635.9,523.3;595.0,545.1;603.2,610.6;655.0,523.3;644.1,430.6;641.4,425.1;627.7,376.1;687.7,365.2;706.8,387.0;674.1,419.7;611.4,441.5;595.0,487.9;573.2,512.4
61#673.8,646.4;656.7,575.1;668.1,526.5;633.9,526.5;588.2,517.9;602.5,577.9;651.0,529.4;636.7,438.0;633.9,432.3;619.6,380.9;691.0,380.9;705.2,403.7;668.1,423.7;602.5,449.4;576.8,503.7;565.3,529.4
62#677.0,670.8;665.2,587.9;659.2,537.6;623.7,534.7;611.9,558.3;608.9,579.0;641.5,537.6;626.7,442.9;626.7,437.0;610.4,382.3;700.7,416.3;697.7,428.1;659.2,428.1;594.1,451.8;570.5,508.0;570.5,540.6
63#682.7,676.8;665.4,593.5;651.1,536.0;610.8,533.2;599.3,561.9;602.2,596.4;633.8,533.2;616.6,444.1;616.6,438.3;606.5,385.2;705.6,435.5;694.2,444.1;651.1,432.6;585.0,455.6;570.6,504.4;570.6,553.3
64#679.5,670.4;665.3,599.0;645.3,530.5;599.6,530.5;605.3,587.6;602.5,613.3;622.5,530.5;611.0,442.1;611.0,439.2;606.8,389.3;708.1,450.6;690.9,462.1;642.4,433.5;576.8,450.6;565.4,504.9;565.4,550.5
65#678.6,665.8;664.6,590.2;636.6,528.5;597.4,531.3;600.2,590.2;603.0,621.0;617.0,531.3;608.6,441.6;608.6,438.8;604.4,384.1;701.1,461.2;678.6,461.2;642.2,436.0;574.9,450.0;555.3,508.9;586.1,522.9
66#685.8,655.5;672.0,581.4;622.7,526.5;587.0,529.3;611.7,562.2;603.4,622.6;606.2,526.5;608.9,441.4;608.9,436.0;607.6,382.5;683.0,463.4;672.0,474.4;641.9,438.7;573.3,444.2;548.6,490.8;584.2,482.6
67#687.6,639.2;677.5,568.0;616.5,524.8;580.9,529.9;613.9,565.5;603.8,634.1;598.7,529.9;606.3,443.5;606.3,435.9;607.6,388.9;682.5,474.0;667.3,484.2;644.4,443.5;568.2,443.5;525.0,466.4;550.4,466.4
68#695.0,627.0;684.8,553.0;613.3,530.0;577.6,535.1;613.3,563.2;603.1,647.4;592.9,532.6;605.6,440.7;608.2,433.0;609.5,383.2;700.1,507.0;672.0,486.6;641.4,443.2;572.5,435.6;524.0,445.8;552.0,456.0
69#698.6,607.6;690.5,531.9;609.3,526.5;574.1,531.9;612.0,575.2;603.9,659.0;590.4,526.5;603.9,434.5;603.9,429.1;613.4,379.1;685.0,502.1;668.8,483.2;639.1,442.6;568.7,426.4;525.4,412.9;560.6,388.5
70#696.5,582.6;696.5,510.0;615.2,518.7;574.6,524.5;603.6,582.6;603.6,669.6;597.8,524.5;603.6,428.7;603.6,422.9;612.3,370.7;690.7,512.9;673.3,478.1;638.5,437.5;565.9,417.1;534.0,388.1;561.5,360.5
71#687.5,559.0;694.1,490.0;621.8,513.0;582.3,522.9;595.5,585.3;602.1,674.1;602.1,519.6;602.1,417.7;602.1,414.4;608.6,361.8;648.1,450.6;674.4,463.7;638.2,427.6;569.2,407.8;539.6,371.7;542.9,322.4
72#680.3,553.1;690.4,484.4;619.9,502.4;580.0,511.3;589.2,575.8;593.4,660.8;600.0,508.1;601.5,406.6;601.5,403.4;605.6,351.4;650.7,433.5;674.9,438.9;636.7,413.3;568.0,400.7;539.1,375.1;543.8,327.8
73#673.0,547.2;686.7,478.9;618.1,491.8;577.8,499.7;582.9,566.3;584.7,647.5;598.0,496.6;600.9,395.6;600.9,392.4;602.6,341.1;653.4,416.4;675.4,414.1;635.2,399.0;566.8,393.6;538.7,378.4;544.8,333.1
74#665.8,541.4;683.0,473.3;616.2,481.2;575.5,488.1;576.5,556.8;576.0,634.2;595.9,485.1;600.3,384.5;600.3,381.4;599.7,330.7;656.0,399.3;675.8,389.3;633.6,384.7;565.5,386.4;538.2,381.8;545.7,338.5
75#658.6,535.5;679.3,467.7;614.4,470.6;573.2,476.5;570.2,547.3;567.3,620.9;593.8,473.6;599.7,373.4;599.7,370.4;596.7,320.3;658.6,382.2;676.3,364.5;632.1,370.4;564.3,379.3;537.8,385.2;546.6,343.9
76#657.7,546.2;674.4,476.6;616.0,457.2;571.4,462.7;563.1,532.3;557.5,607.4;593.7,462.7;596.5,365.3;596.5,362.5;592.3,308.2;621.5,323.6;660.5,337.5;629.9,362.5;560.3,365.3;538.0,387.6;546.4,345.8
77#658.2,544.9;669.4,475.2;616.4,450.0;574.5,452.8;552.2,508.7;543.8,578.4;594.0,452.8;591.2,352.4;591.2,346.8;588.4,293.7;596.8,293.7;641.5,316.1;624.7,349.6;557.7,355.1;538.2,383.1;543.8,346.8
78#659.7,547.9;659.7,479.8;617.1,437.2;574.6,437.2;537.7,476.9;534.8,542.2;594.4,437.2;585.9,340.7;585.9,332.2;583.1,281.1;585.9,264.1;622.8,295.3;617.1,335.0;557.5,346.4;543.3,391.8;563.2,380.5
79#664.6,551.9;652.8,486.7;614.3,427.4;575.7,427.4;522.4,445.2;531.3,501.5;596.5,427.4;581.7,329.6;578.7,320.8;578.7,270.4;577.2,251.1;605.4,273.4;608.3,320.8;549.1,335.6;537.2,377.1;549.1,359.3
80#668.7,552.3;646.1,484.7;613.9,417.0;575.3,413.8;510.9,410.6;530.2,475.0;594.6,417.0;575.3,323.6;575.3,314.0;572.1,259.2;586.6,235.1;607.5,265.6;604.3,314.0;543.1,326.8;520.5,365.5;498.0,362.3
81#682.0,551.7;646.2,480.1;613.4,411.5;571.6,411.5;512.0,384.7;526.9,447.3;589.5,411.5;568.6,310.1;568.6,307.2;562.7,256.5;594.0,249.0;613.4,271.4;601.5,304.2;535.8,322.1;503.0,354.9;515.0,348.9
82#685.7,543.8;652.1,471.0;604.4,406.5;559.6,409.3;517.5,364.5;523.1,431.7;582.0,406.5;565.2,308.4;565.2,308.4;559.6,258.0;598.8,258.0;618.4,291.6;596.0,300.0;528.7,314.0;489.5,333.6;514.7,333.6
83#674.0,527.5;655.2,457.6;593.3,411.9;558.4,417.2;520.7,363.5;518.0,425.3;577.2,414.6;558.4,315.0;558.4,312.4;558.4,263.9;604.1,269.3;614.9,301.6;588.0,304.3;526.1,320.4;547.6,333.9;518.0,422.6
84#662.9,511.1;652.1,443.4;587.1,421.7;551.8,429.8;516.6,378.4;508.5,432.5;568.1,427.1;554.6,316.1;554.6,318.8;554.6,270.0;608.7,286.3;614.2,313.3;584.4,316.1;527.5,324.2;500.4,310.6;495.0,270.0
85#653.0,497.1;648.3,431.4;584.9,431.4;537.9,431.4;512.1,389.1;507.4,452.5;563.7,438.4;552.0,328.1;552.0,325.7;559.0,276.4;610.7,299.9;615.4,330.4;580.2,323.4;519.1,325.7;502.7,302.3;493.3,271.7
86#638.5,485.2;638.5,418.6;582.1,436.8;537.7,438.8;509.5,406.6;503.4,471.1;561.9,438.8;553.8,336.0;555.9,332.0;561.9,287.6;614.3,319.9;616.3,344.1;584.1,336.0;521.6,330.0;493.4,323.9;487.3,293.7
87#624.8,477.2;624.8,408.8;579.9,438.1;538.9,442.0;507.6,420.6;505.7,488.9;556.4,440.1;552.5,344.4;554.5,338.5;564.3,295.6;615.0,334.6;615.0,362.0;583.8,344.4;523.2,342.4;484.2,334.6;492.0,305.3
88#601.9,478.8;592.1,422.1;588.2,451.4;543.3,451.4;512.1,439.7;506.2,508.1;560.9,451.4;557.0,353.8;558.9,347.9;567.7,305.9;619.5,353.8;625.3,377.2;590.2,353.8;525.7,353.8;484.7,353.8;496.4,320.6
89#558.1,490.2;598.0,475.5;587.5,462.9;545.4,456.6;518.1,456.6;507.6,528.1;564.4,456.6;558.1,362.0;560.2,353.6;569.6,312.6;623.2,372.5;627.4,395.7;593.8,362.0;524.4,362.0;486.6,370.4;499.2,338.9
90#549.3,520.3;558.1,487.1;586.9,456.1;544.8,453.9;522.7,482.7;509.4,544.6;567.0,456.1;564.7,365.4;564.7,356.5;574.7,313.4;626.7,389.7;626.7,411.8;597.9,363.2;527.1,363.2;496.1,387.5;496.1,360.9
91#577.1,515.9;565.9,491.2;588.4,450.7;552.4,448.4;525.4,493.4;511.9,549.7;570.4,448.4;568.1,365.2;568.1,356.2;576.0,312.3;617.6,392.2;635.6,401.2;606.4,365.2;532.1,365.2;525.4,396.7;550.1,394.4
92#576.7,535.0;583.5,480.8;592.5,449.2;556.4,446.9;522.5,480.8;513.5,544.0;574.4,449.2;569.9,365.6;572.2,354.4;575.6,314.8;624.1,435.6;651.2,392.7;610.6,365.6;533.8,365.6;518.0,399.5;551.9,397.3
93#575.3,550.5;580.7,488.8;596.8,451.2;559.2,448.5;518.9,464.6;516.3,534.4;578.0,451.2;572.6,365.3;572.6,357.3;580.7,309.0;631.6,376.1;661.2,378.8;610.2,365.3;537.7,370.7;532.4,413.6;551.1,405.6
94#575.6,564.3;582.8,499.6;594.7,454.0;554.0,446.8;525.3,458.8;522.9,521.1;573.2,451.6;575.6,367.7;575.6,360.6;584.0,309.0;621.1,456.4;652.3,355.8;609.1,363.0;539.6,370.1;513.3,418.1;522.9,418.1
95#575.1,580.0;587.8,516.6;587.8,456.3;549.7,449.9;530.6,459.4;533.8,513.4;568.7,453.1;578.2,364.2;578.2,357.9;584.6,310.3;644.9,303.9;651.2,342.0;613.2,357.9;543.3,370.6;502.1,415.0;498.9,427.7
96#578.1,595.1;590.7,519.3;587.6,452.9;543.3,449.8;533.9,443.4;511.7,481.4;565.5,452.9;578.1,361.3;578.1,358.1;590.7,304.4;650.8,310.7;647.6,339.2;612.9,355.0;543.3,367.6;495.9,408.7;530.7,402.4
97#588.3,592.3;596.7,519.8;587.8,453.5;545.6,451.5;545.3,456.5;512.7,497.1;567.2,453.5;576.4,360.3;577.3,356.5;591.2,310.9;652.0,327.4;647.3,352.3;610.6,357.8;542.2,362.8;495.4,391.0;527.9,394.5
98#598.4,589.6;602.6,520.3;588.1,454.2;547.9,453.1;556.6,469.6;513.6,512.7;568.8,454.2;574.7,359.3;576.4,354.8;591.6,317.5;653.1,344.1;647.0,365.5;608.3,360.6;541.1,358.0;494.8,373.4;525.1,386.5
99#608.6,586.8;608.6,520.8;588.3,454.8;550.2,454.8;568.0,482.7;514.6,528.4;570.5,454.8;573.0,358.3;575.6,353.2;592.1,324.0;654.3,360.8;646.7,378.6;606.0,363.4;540.0,353.2;494.3,355.7;522.3,378.6
100#627.4,579.5;622.4,513.4;586.7,452.3;548.6,452.3;586.7,505.7;596.9,554.1;566.4,452.3;574.0,363.2;574.0,360.7;593.1,318.7;652.9,375.9;645.3,391.2;604.5,365.8;540.9,355.6;507.8,335.2;532.0,318.7
101#640.7,570.8;633.0,498.6;581.4,452.1;545.3,457.3;596.9,498.6;594.3,557.9;563.3,454.7;573.6,367.0;573.6,364.4;593.0,316.7;658.8,392.8;643.3,403.1;604.6,372.2;542.7,361.8;520.8,321.9;635.6,400.5
102#653.0,550.2;633.5,480.6;583.5,458.4;547.3,461.2;605.7,500.1;594.6,572.4;564.0,458.4;575.1,372.2;577.9,366.6;596.0,317.9;653.0,405.5;639.1,408.3;611.3,377.7;541.8,363.8;514.0,349.9;529.2,317.9
103#652.3,528.7;635.2,460.5;584.1,457.6;555.6,466.1;592.6,514.5;592.6,588.3;569.8,460.5;575.5,372.4;578.4,369.5;599.7,322.6;660.8,420.7;643.7,423.5;612.5,380.9;538.6,366.7;515.9,375.2;518.7,349.6
104#645.5,504.5;633.5,447.6;600.5,465.6;564.5,471.5;576.5,543.5;591.5,609.5;582.5,468.6;582.5,375.6;582.5,372.6;599.0,317.1;645.5,501.5;636.5,444.6;621.5,381.6;549.5,369.6;522.5,396.6;558.5,411.6
105#632.0,480.2;650.8,452.0;603.8,467.6;566.3,473.9;572.5,542.8;585.0,605.4;588.2,467.6;588.2,376.9;591.3,373.7;602.3,318.9;647.7,452.0;647.7,430.1;625.7,383.1;556.9,376.9;525.6,405.0;528.7,386.2
106#636.7,495.8;645.4,455.2;601.9,458.1;567.0,463.9;572.8,524.8;569.9,603.1;587.4,463.9;593.2,379.8;593.2,371.1;606.2,317.5;651.2,466.8;651.2,434.9;630.9,385.6;558.3,374.0;529.3,408.8;538.0,394.3
107#639.7,506.3;593.3,517.9;613.6,462.7;572.9,465.6;570.0,523.7;561.3,596.3;593.3,465.6;599.1,384.3;602.0,372.7;607.8,320.4;657.2,468.5;660.1,436.6;636.8,390.1;564.2,378.5;529.4,410.4;517.7,404.6
108#631.6,526.3;614.0,517.4;619.9,461.6;578.7,458.7;564.0,526.3;555.2,593.9;596.3,461.6;605.2,382.2;605.2,373.4;614.0,320.5;669.8,452.8;672.8,432.2;643.4,388.1;564.0,379.3;522.9,408.7;534.6,399.9
109#634.6,542.7;610.7,542.7;621.3,462.8;584.0,457.5;560.1,526.7;549.4,598.6;602.7,460.2;610.7,388.3;610.7,377.6;620.0,328.4;685.2,433.5;690.5,430.9;650.6,391.0;570.7,383.0;520.1,401.6;536.1,398.9
110#641.6,559.8;603.5,502.7;628.0,464.6;587.2,464.6;554.5,532.6;546.3,603.4;606.2,464.6;617.1,388.4;617.1,383.0;628.0,331.3;687.8,412.9;706.9,418.4;655.2,393.9;579.0,385.7;524.6,399.3;549.1,380.3
111#608.0,572.7;602.6,516.6;626.7,476.5;594.6,471.1;551.9,535.3;546.5,604.7;610.7,473.8;624.0,393.7;626.7,388.3;632.0,337.5;690.8,364.3;712.2,399.0;664.1,396.3;586.6,388.3;535.9,388.3;559.9,358.9
112#607.3,588.0;599.4,525.0;630.9,488.2;594.2,483.0;546.9,530.2;546.9,601.1;612.6,483.0;625.7,396.3;628.3,391.1;638.8,343.8;699.2,349.1;707.1,385.8;662.4,399.0;591.6,391.1;549.6,383.2;570.6,349.1
113#603.7,606.6;601.1,539.5;634.7,493.1;598.5,485.4;541.8,524.1;544.4,593.7;619.2,490.5;632.1,400.2;632.1,395.1;645.0,348.6;701.8,343.5;704.3,384.7;665.6,402.8;598.5,397.6;554.7,389.9;575.3,364.1
114#604.7,621.5;604.7,550.2;639.0,502.7;602.0,494.8;541.3,513.2;546.6,581.9;620.5,497.4;636.4,405.0;636.4,402.3;646.9,354.8;702.4,354.8;710.3,391.8;670.7,405.0;602.0,402.3;557.1,405.0;575.6,381.2
115#607.5,631.8;610.1,561.2;641.5,506.3;607.5,495.9;544.7,501.1;555.2,563.9;625.8,501.1;641.5,409.6;641.5,404.3;650.6,355.9;704.2,372.9;719.9,406.9;675.5,409.6;604.8,406.9;563.0,420.0;581.3,399.1
116#611.1,643.4;621.5,572.9;642.4,512.9;611.1,497.2;556.2,478.9;564.1,546.8;626.8,505.0;642.4,411.0;642.4,403.2;651.6,367.9;702.5,384.9;720.8,416.2;679.0,408.4;605.9,408.4;574.5,437.1;590.2,421.5
117#621.4,652.5;638.2,576.7;649.4,506.5;612.9,495.2;565.2,467.1;579.2,531.7;629.8,503.7;643.8,408.2;643.8,402.5;656.5,361.8;702.8,399.7;722.5,430.6;677.5,408.2;612.9,408.2;587.7,436.2;607.3,433.4
118#638.4,645.9;649.7,575.2;655.4,498.9;618.6,487.6;570.5,467.8;596.0,532.8;632.8,496.1;646.9,405.6;646.9,399.9;659.6,361.7;697.8,419.7;720.4,439.5;683.7,408.4;610.1,405.6;587.5,445.1;604.5,431.0
119#650.6,651.7;660.8,564.3;663.4,489.8;622.3,484.6;570.9,482.0;599.2,546.3;642.9,487.2;650.6,404.9;650.6,397.2;664.7,352.2;699.4,433.2;722.5,440.9;689.1,407.5;612.0,402.4;588.9,446.1;609.4,428.1
120#670.9,609.7;678.8,546.5;665.6,478.0;620.9,475.4;578.8,501.7;605.1,564.9;641.9,475.4;652.5,401.7;655.1,396.4;674.9,347.7;702.5,435.9;723.6,435.9;689.3,404.3;615.6,399.1;589.3,441.2;610.4,443.8
121#686.2,592.1;701.0,525.4;666.5,466.2;627.0,466.2;585.0,510.6;607.2,577.3;646.7,466.2;659.0,397.0;661.5,389.6;677.6,344.0;706.0,426.7;730.6,431.6;696.1,399.5;619.5,397.0;585.0,426.7;609.7,426.7
122#699.5,571.6;724.9,513.1;671.5,472.5;630.8,472.5;595.2,518.2;608.0,586.9;651.2,472.5;663.9,393.6;669.0,386.0;685.5,333.9;735.1,431.8;737.6,426.7;699.5,396.2;628.3,388.5;582.5,416.5;610.5,419.1
123#712.6,551.1;746.6,496.2;683.8,477.9;636.8,475.2;605.4,527.5;610.6,598.2;657.7,475.2;670.8,388.9;673.4,381.1;690.4,332.7;715.2,420.3;749.2,422.9;707.4,396.8;631.5,378.5;594.9,404.6;631.5,409.9
124#727.9,546.8;757.9,489.3;692.9,479.3;648.8,477.2;613.4,529.9;615.0,600.0;668.9,477.2;679.5,387.3;681.4,380.7;696.4,331.8;720.2,397.5;749.4,406.1;714.4,393.2;641.1,379.5;610.7,402.1;642.6,399.3
125#743.2,542.5;769.1,482.4;702.0,480.6;660.8,479.3;621.3,532.2;619.5,601.7;680.1,479.3;688.1,385.7;689.4,380.3;702.4,330.9;725.2,374.7;749.6,389.3;721.3,389.7;650.7,380.5;626.4,399.5;653.6,388.8
126#758.5,538.2;780.4,475.5;711.2,482.0;672.7,481.3;629.2,534.5;623.9,603.5;691.3,481.3;696.8,384.1;697.5,379.9;708.4,330.0;730.2,351.9;749.8,372.6;728.2,386.1;660.3,381.5;642.2,397.0;664.7,378.2
127#773.8,533.9;791.6,468.6;720.3,483.4;684.7,483.4;637.2,536.9;628.3,605.2;702.5,483.4;705.5,382.5;705.5,379.5;714.4,329.1;735.2,329.1;750.0,355.8;735.2,382.5;669.9,382.5;658.0,394.4;675.8,367.7
128#797.9,543.7;795.2,477.4;734.2,490.7;691.8,490.7;641.4,527.8;636.1,586.2;713.0,490.7;715.7,382.0;715.7,379.3;715.7,334.2;736.9,342.2;755.5,374.0;747.5,382.0;683.8,382.0;665.3,408.5;675.9,382.0
129#819.9,547.9;798.6,486.4;746.6,493.5;701.6,495.8;649.5,510.0;659.0,569.2;720.5,493.5;718.1,391.7;715.8,386.9;714.6,338.4;737.1,360.9;753.7,384.6;751.3,391.7;687.4,389.3;673.2,420.1;685.0,391.7
130#827.3,561.6;804.2,499.7;751.9,492.4;709.8,497.1;654.1,508.2;680.6,562.1;728.0,494.8;718.4,397.1;716.8,391.5;717.2,341.9;742.3,388.7;759.0,398.0;751.0,393.9;687.4,397.1;678.8,435.4;694.7,410.0
131#834.6,575.4;809.9,513.0;757.1,491.2;718.0,498.4;658.8,506.4;702.2,555.1;735.6,496.0;718.6,402.6;717.9,396.2;719.9,345.4;747.5,416.4;764.3,411.5;750.6,396.2;687.5,405.0;684.4,450.7;704.4,428.3
132#842.0,589.1;815.5,526.3;762.4,490.1;726.2,499.7;663.4,504.6;723.8,548.0;743.1,497.3;718.9,408.0;718.9,400.8;722.5,348.9;752.7,444.2;769.6,424.9;750.3,398.4;687.5,412.8;690.0,466.0;714.1,446.6
133#842.1,598.5;819.8,534.0;765.3,491.9;728.1,501.8;673.6,524.1;728.1,571.2;745.5,494.4;718.2,407.6;718.2,400.2;724.4,349.4;755.4,432.4;777.7,432.4;750.4,400.2;683.5,415.0;688.4,469.6;713.2,449.7
134#846.3,598.0;823.5,534.6;762.7,486.5;724.6,496.6;691.7,542.2;737.3,595.5;744.9,491.5;717.0,407.9;717.0,400.3;723.4,348.3;765.2,425.6;790.5,430.7;750.0,402.8;684.1,415.5;676.5,461.1;701.8,448.4
135#846.1,594.8;822.7,532.2;757.5,485.3;721.0,495.7;705.3,553.0;741.8,610.4;741.8,490.5;718.4,409.6;718.4,404.4;723.6,352.3;770.5,422.7;799.2,425.3;749.7,404.4;684.5,417.5;648.0,451.4;679.3,443.5
136#842.1,581.0;825.1,524.6;754.6,485.0;717.9,502.0;717.9,564.1;740.5,623.3;737.7,493.5;720.7,411.7;720.7,403.2;726.4,352.4;782.8,391.9;805.4,414.5;757.4,406.0;686.9,414.5;636.1,437.1;672.7,437.1
137#837.4,568.4;828.4,511.5;753.5,493.5;717.6,505.5;726.5,571.4;741.5,637.4;735.5,499.5;720.6,409.6;723.5,403.7;732.5,355.7;816.4,400.7;798.5,406.7;756.5,406.7;687.6,412.6;636.7,418.6;654.6,388.7
138#829.3,555.5;826.1,495.6;750.4,495.6;718.9,505.0;725.2,571.3;734.7,643.8;734.7,498.7;722.0,410.4;725.2,407.2;737.8,356.8;816.7,397.8;797.7,407.2;756.7,407.2;690.5,410.4;649.5,400.9;646.3,363.1
139#815.5,543.5;821.5,480.5;749.5,492.5;716.5,504.5;722.5,576.5;719.5,648.5;737.5,501.5;725.5,411.5;725.5,405.5;740.5,360.5;821.5,408.5;806.5,417.5;758.5,408.5;695.5,411.5;653.5,405.5;653.5,366.5
140#797.6,536.3;811.1,471.4;759.8,501.2;719.2,512.0;713.8,574.1;711.1,644.4;740.8,503.9;730.0,420.1;732.7,414.7;742.2,372.8;819.2,412.0;811.1,428.2;762.5,414.7;697.6,422.8;654.3,422.8;648.9,393.0
141#775.9,534.9;752.7,532.3;760.4,501.4;721.8,506.6;709.0,568.4;711.5,635.3;742.4,506.6;729.5,426.8;732.1,424.2;743.7,374.0;824.8,439.7;804.2,437.1;763.0,421.6;696.1,429.4;652.3,434.5;654.9,398.5
142#771.4,546.9;781.5,506.5;758.8,498.9;726.0,504.0;703.2,559.5;715.9,615.1;743.6,504.0;733.5,430.7;733.5,428.2;746.2,380.2;827.0,453.5;806.8,450.9;766.4,428.2;700.7,435.8;652.7,443.4;660.3,405.5
143#765.0,557.6;734.9,545.5;763.0,507.4;724.9,513.4;702.8,541.5;714.8,591.7;744.9,513.4;738.9,437.1;738.9,433.1;746.0,389.9;823.3,467.2;799.2,459.2;771.1,437.1;704.8,441.1;654.6,453.2;654.6,431.1
144#762.9,571.4;782.4,518.7;762.9,508.9;721.9,512.8;702.3,524.6;721.9,579.2;745.3,510.9;741.4,442.5;743.4,436.7;747.3,393.7;823.4,466.0;805.9,464.0;774.6,440.6;710.1,444.5;657.4,464.0;655.5,450.3
145#762.7,582.4;778.4,535.5;762.7,516.0;717.8,516.0;712.0,533.6;727.6,580.4;739.3,516.0;741.3,445.7;743.2,441.8;749.1,398.8;837.0,484.7;815.5,476.9;774.5,447.6;708.1,449.6;663.1,473.0;657.3,457.4
146#759.9,595.4;773.6,538.8;754.1,515.4;715.0,513.4;740.4,546.6;726.7,570.0;736.5,515.4;744.3,450.9;746.3,445.0;753.1,405.0;824.4,509.5;814.6,484.1;775.6,448.9;715.0,450.9;720.9,482.1;658.4,464.6
147#758.0,604.3;769.7,547.7;754.1,512.5;713.1,506.7;728.7,539.9;722.8,610.2;734.5,510.6;748.2,450.0;748.2,440.3;757.0,410.0;820.5,496.9;812.7,487.1;777.5,452.0;717.0,446.1;720.9,481.3;660.3,477.4
148#761.1,615.7;773.3,554.9;751.0,506.2;710.4,504.1;734.7,546.7;726.6,595.4;730.7,504.1;748.9,443.3;751.0,433.1;762.1,405.7;811.8,500.1;811.8,477.8;777.3,443.3;720.5,441.2;690.1,465.6;663.7,479.8
149#770.6,620.1;779.9,554.5;744.8,500.7;709.7,500.7;740.1,549.9;726.1,599.0;726.1,500.7;751.8,435.1;754.2,428.1;767.1,387.1;812.7,493.7;810.4,474.9;784.6,437.5;719.0,430.4;686.3,463.2;665.2,484.3
150#777.2,620.4;786.9,550.7;743.6,497.8;707.5,500.2;743.6,550.7;726.8,606.0;726.8,500.2;750.8,428.1;755.6,418.5;766.4,383.6;810.9,497.8;808.5,473.8;786.9,435.3;717.1,423.3;669.1,444.9;669.1,493.0
151#783.3,612.3;796.2,542.7;744.5,491.1;705.8,493.7;744.5,547.8;729.1,612.3;723.9,491.1;752.3,421.4;754.9,411.1;771.6,373.7;806.5,498.8;806.5,467.9;788.4,429.2;716.2,416.3;664.6,429.2;682.6,457.5
152#784.1,577.5;803.5,538.7;748.1,488.8;706.5,488.8;737.0,555.3;731.4,632.9;725.9,488.8;750.8,411.2;753.6,405.6;771.6,359.9;800.7,472.2;800.7,455.5;786.9,419.5;717.6,400.1;673.2,408.4;706.5,405.6
153#788.0,550.7;808.1,527.9;748.0,479.2;707.9,482.1;730.8,553.6;730.8,639.4;728.0,482.1;750.8,402.0;753.7,396.2;770.9,347.6;788.0,450.6;802.4,459.2;788.0,407.7;716.5,393.4;687.9,381.9;722.2,353.3
154#831.1,579.6;814.8,517.7;749.6,468.8;713.7,468.8;717.0,556.8;726.8,631.8;730.0,468.8;752.9,390.5;752.9,387.3;769.1,335.1;778.9,442.7;792.0,455.7;785.4,403.6;720.3,380.8;707.2,357.9;730.0,331.9
155#830.8,571.3;817.7,505.9;745.8,463.4;709.9,466.7;709.9,545.1;716.4,617.0;729.5,463.4;752.4,385.0;752.4,381.8;768.7,329.5;768.7,404.6;785.0,427.5;781.8,394.8;726.2,375.2;726.2,414.4;758.9,414.4
156#831.3,577.3;822.4,499.5;741.5,454.6;708.6,454.6;708.6,535.4;708.6,613.3;726.5,454.6;753.5,379.7;756.5,373.7;768.5,322.8;765.5,415.7;780.4,427.6;783.4,388.7;726.5,367.7;726.5,406.7;750.5,415.7
