1#863.0,680.7;970.9,752.6;1014.1,608.8;970.9,630.3;873.8,587.2;855.8,691.5;996.1,623.1;902.6,490.1;899.0,486.5;866.6,414.6;837.9,357.1;888.2,411.0;934.9,464.9;863.0,508.1;794.7,479.3;773.1,418.2
2#857.6,687.2;878.1,588.2;1007.7,615.5;966.8,636.0;874.6,588.2;857.6,697.4;990.7,625.7;898.5,489.3;898.5,485.8;867.8,417.6;840.5,352.8;891.7,410.8;939.5,468.8;861.0,509.7;789.3,479.0;768.9,414.2
3#857.0,691.2;877.7,591.9;1001.8,625.0;964.5,637.4;968.7,769.8;1012.1,875.2;985.2,633.2;898.3,492.6;898.3,492.6;861.1,414.0;838.4,362.3;894.2,422.3;935.6,476.1;857.0,505.0;786.7,484.3;770.1,418.1
4#856.6,696.7;970.3,758.0;992.1,631.1;957.2,644.3;965.9,766.7;1014.0,884.8;974.6,639.9;900.3,495.6;895.9,491.2;865.3,416.9;843.5,364.4;895.9,425.6;935.3,482.5;856.6,504.3;786.6,486.8;769.1,421.2
5#859.7,695.2;968.9,769.3;983.0,621.2;944.3,642.3;856.1,596.5;856.1,702.3;961.9,628.2;891.4,490.8;887.9,483.7;863.2,409.7;836.7,351.5;891.4,413.2;940.7,480.2;849.1,497.8;782.1,487.2;771.5,420.2
6#869.8,691.8;946.7,754.1;965.0,629.5;924.8,647.9;844.2,589.3;855.2,699.1;943.1,644.2;884.5,483.1;880.8,468.4;855.2,395.2;877.2,442.8;913.8,501.4;932.1,472.1;840.5,490.4;778.3,486.7;767.3,424.5
7#849.9,705.1;843.0,625.6;939.8,604.8;898.3,625.6;901.8,736.2;853.4,698.2;915.6,615.2;877.6,466.6;870.6,452.7;846.4,380.1;836.1,425.1;874.1,432.0;919.0,456.2;832.6,473.5;777.3,483.9;766.9,421.6
8#829.0,686.8;809.0,590.0;905.8,593.3;869.0,613.4;855.7,703.5;950.8,768.6;885.7,596.7;862.4,443.1;859.0,433.1;822.3,369.7;812.3,433.1;852.3,429.8;899.1,433.1;825.6,446.5;772.2,479.9;765.6,423.1
9#827.1,690.0;791.5,583.2;894.3,567.4;854.8,583.2;807.4,666.3;894.3,745.3;874.6,575.3;842.9,417.2;839.0,397.4;787.6,354.0;795.5,429.1;846.9,437.0;878.5,413.3;811.3,425.1;767.8,480.5;759.9,433.0
10#839.6,693.2;796.9,604.3;878.7,558.1;839.6,568.8;761.3,618.6;839.6,711.0;857.3,561.6;811.1,415.8;807.6,405.2;770.2,335.8;779.1,405.2;832.4,433.6;846.7,405.2;772.0,430.1;750.6,479.8;764.9,419.4
11#836.8,701.3;789.2,613.5;855.1,551.3;811.2,562.3;712.3,584.2;792.8,661.1;833.1,554.9;785.5,408.5;781.9,393.9;758.1,318.9;877.0,371.9;891.7,390.2;825.8,393.9;745.3,426.8;716.0,474.4;741.6,445.1
12#833.6,715.1;792.6,622.0;837.3,540.1;774.0,551.3;666.1,540.1;733.1,622.0;803.8,547.6;759.1,402.4;759.1,387.5;738.7,322.3;762.9,432.2;796.4,432.2;803.8,387.5;714.5,421.0;658.6,450.8;699.6,406.1
13#836.9,733.2;803.1,631.6;803.1,534.3;748.0,534.3;629.5,504.7;693.0,593.6;777.7,534.3;743.8,398.9;739.6,386.2;720.5,303.6;866.6,390.4;773.4,428.5;781.9,381.9;697.3,411.6;616.8,407.3;646.5,360.8
14#833.7,745.5;809.1,647.1;776.3,544.6;714.9,536.4;608.3,479.0;653.4,573.3;747.6,540.5;727.1,393.0;723.0,384.8;696.4,317.1;874.7,425.7;854.2,417.6;776.3,384.8;673.9,401.2;591.9,380.7;606.2,325.3
15#823.4,748.4;791.5,643.9;759.7,539.4;687.0,534.8;596.1,466.6;605.2,571.2;723.4,534.8;700.6,389.4;700.6,384.8;673.4,298.5;723.4,339.4;727.9,362.1;746.1,384.8;655.2,393.9;577.9,357.6;557.5,278.0
16#801.5,747.5;773.8,645.9;732.3,544.3;667.6,544.3;575.2,470.4;570.6,567.4;699.9,544.3;676.8,396.4;672.2,387.2;653.7,313.3;644.5,267.1;681.5,322.5;723.0,387.2;630.6,401.1;566.0,364.1;552.1,299.4
17#652.1,655.9;652.1,563.5;668.8,500.3;654.4,508.6;588.9,506.2;532.6,565.9;663.6,504.4;643.8,372.4;647.0,369.2;632.9,299.7;642.9,292.6;611.5,368.6;655.8,376.1;652.5,387.2;603.6,332.8;595.2,307.3
18#502.8,564.3;530.5,481.2;605.2,456.3;641.2,472.9;602.5,542.1;494.5,564.3;627.4,464.6;610.8,348.4;621.8,351.2;612.1,286.1;641.2,318.0;541.6,414.8;588.6,365.0;674.4,373.3;641.2,301.4;638.4,315.2
19#452.2,574.9;502.3,489.4;602.5,563.1;578.9,563.1;505.2,495.3;464.0,571.9;590.7,557.2;605.4,439.3;605.4,427.5;608.4,362.7;639.3,322.9;664.4,392.2;667.3,401.0;567.1,439.3;531.7,439.3;552.4,389.2
20#437.1,580.3;470.2,508.6;522.6,511.3;506.1,508.6;473.0,500.3;431.6,583.0;506.1,508.6;586.1,442.4;586.1,439.6;588.8,376.2;644.0,373.4;668.8,423.1;630.2,447.9;553.0,447.9;547.4,378.9;591.6,365.2
21#369.8,583.8;409.9,606.4;472.7,516.0;472.7,511.0;437.5,511.0;420.0,588.8;472.7,516.0;560.5,465.8;550.5,438.2;563.0,380.5;487.7,498.5;588.1,460.8;603.2,465.8;510.3,458.3;470.2,468.3;442.6,506.0
22#591.1,685.4;623.7,584.8;546.7,602.5;478.7,587.8;407.7,516.7;413.6,617.3;517.2,599.6;540.8,466.4;540.8,451.6;543.8,380.6;641.4,416.1;650.3,469.4;591.1,466.4;487.6,463.5;458.0,499.0;499.4,499.0
23#595.4,714.2;595.4,609.6;528.5,603.7;458.8,595.0;389.0,528.2;406.5,632.8;493.6,595.0;519.8,461.3;519.8,446.8;521.2,384.3;639.0,432.3;636.0,484.6;572.1,464.2;467.5,449.7;432.6,481.7;470.4,438.1
24#595.8,724.0;567.2,612.9;506.9,600.2;440.3,590.7;380.0,543.0;399.0,644.6;478.4,590.7;497.4,457.4;497.4,444.7;505.3,373.2;633.9,454.2;618.0,498.6;551.4,466.9;443.5,444.7;376.8,451.0;370.5,447.8
25#590.1,718.3;571.3,611.4;492.7,589.4;420.4,586.3;370.2,564.3;401.6,664.8;458.1,589.4;480.1,451.1;483.3,438.6;488.0,371.0;627.8,476.3;596.4,498.3;536.7,460.6;420.4,438.6;335.6,422.9;395.3,426.0
26#570.2,705.2;570.2,596.1;483.6,592.9;416.2,589.7;380.9,583.3;403.3,686.0;451.5,589.7;464.3,445.3;467.5,435.7;478.7,366.7;615.1,480.6;579.8,506.3;522.1,458.1;403.3,429.3;348.8,413.2;368.0,406.8
27#550.2,675.5;569.4,568.2;485.1,583.5;408.4,583.5;381.6,598.8;404.6,702.3;442.9,583.5;462.1,445.5;462.1,437.9;477.4,353.6;615.4,495.4;565.6,510.7;519.6,460.9;404.6,430.2;354.8,376.6;351.0,311.4
28#549.2,639.9;542.4,544.4;484.5,581.9;419.7,578.5;389.0,616.0;402.7,718.2;447.0,581.9;460.6,452.4;467.4,435.4;477.7,357.0;610.6,510.3;566.3,524.0;522.0,459.2;409.5,435.4;348.2,377.4;440.2,469.4
29#541.0,611.5;537.4,519.1;494.8,579.5;427.2,586.6;402.4,640.0;405.9,743.0;462.8,583.1;473.4,444.4;480.6,430.2;493.0,353.8;612.1,526.2;573.0,526.2;541.0,458.7;413.0,423.1;416.6,472.9;365.0,360.9
30#554.4,577.5;550.5,514.1;502.9,577.5;443.5,589.4;411.8,660.7;403.8,759.8;475.2,585.5;495.0,442.8;495.0,426.9;510.8,347.7;641.6,545.8;586.1,530.0;558.4,458.6;431.6,423.0;340.4,411.1;348.4,363.5
31#562.5,618.7;558.7,541.2;519.9,583.8;454.1,587.7;423.1,672.9;392.1,762.0;485.1,587.7;508.3,436.6;512.2,421.1;518.0,345.6;628.4,560.6;605.1,525.7;570.3,452.1;442.5,417.3;349.5,432.8;353.4,378.5
32#551.2,633.4;547.6,554.2;533.2,575.8;468.4,565.0;425.2,662.2;396.5,755.7;504.4,568.6;518.8,428.3;522.4,413.9;531.4,347.4;637.5,565.0;619.5,507.5;579.9,439.1;454.0,421.1;374.9,449.9;353.3,395.9
33#547.7,647.6;561.5,547.1;551.1,571.4;481.8,567.9;433.3,644.2;398.6,744.7;516.5,567.9;530.3,418.8;530.3,408.4;542.5,347.8;634.3,536.7;644.7,495.1;592.7,429.2;464.5,422.3;391.7,450.0;353.5,415.4
34#559.5,668.1;563.0,580.9;559.5,560.0;489.8,560.0;437.5,626.3;406.1,727.4;524.6,560.0;538.6,413.6;538.6,403.1;550.8,338.6;625.7,483.3;660.6,465.9;594.4,420.6;475.8,413.6;402.6,448.5;353.8,424.1
35#561.5,692.0;561.5,589.6;561.5,554.3;501.5,554.3;441.5,596.7;430.9,706.1;533.3,554.3;550.9,409.6;554.5,395.5;563.3,330.2;685.1,427.3;685.1,437.9;607.4,409.6;487.4,406.1;409.8,441.4;360.4,427.3
36#560.1,712.1;560.1,603.6;571.0,542.1;513.1,542.1;444.4,571.1;448.0,683.2;542.0,542.1;556.5,401.0;556.5,386.6;554.7,323.3;686.7,404.7;694.0,401.0;618.0,397.4;498.6,401.0;415.4,437.2;382.9,426.4
37#560.6,741.5;568.8,627.0;581.0,541.1;523.8,537.0;450.2,549.3;466.5,651.5;552.4,537.0;556.5,393.9;556.5,381.6;558.5,301.8;650.6,320.2;683.3,365.2;613.8,389.8;499.2,398.0;409.3,426.6;417.4,381.6
38#566.7,755.2;579.9,640.6;588.7,548.0;527.0,534.8;452.0,521.6;491.7,623.0;557.8,543.6;557.8,384.9;557.8,380.5;564.4,294.5;661.4,285.7;672.5,327.6;615.1,371.7;496.1,389.3;416.8,402.5;460.9,340.8
39#583.3,757.1;593.3,637.9;593.3,548.5;528.7,538.6;454.2,498.9;513.8,593.2;563.5,548.5;563.5,374.7;563.5,374.7;573.4,295.2;672.7,235.6;647.9,300.2;613.1,364.8;503.8,384.6;434.3,409.5;493.9,364.8
40#597.9,747.6;611.5,638.7;593.3,548.0;534.4,548.0;597.9,634.2;579.7,734.0;561.6,548.0;561.6,384.6;566.1,384.6;575.2,298.4;663.7,282.5;654.6,282.5;616.0,371.0;507.1,393.7;457.2,430.0;507.1,389.2
41#622.9,707.5;626.8,610.7;599.7,556.5;530.0,552.6;495.2,510.1;491.3,552.6;564.8,552.6;564.8,393.9;564.8,390.0;572.6,308.8;682.9,272.0;673.2,312.6;622.9,382.3;514.5,401.7;514.5,448.1;530.0,459.7
42#637.8,673.4;637.8,580.4;604.6,537.1;534.8,560.4;521.5,550.4;581.3,606.9;564.7,560.4;571.4,410.8;574.7,397.5;574.7,324.4;676.1,302.8;684.4,354.3;631.2,400.8;514.9,417.5;491.6,483.9;531.5,467.3
43#645.5,634.9;642.5,543.5;610.1,573.0;536.5,575.9;524.7,552.4;577.7,634.9;571.9,573.0;574.8,425.7;577.7,408.1;580.7,337.4;673.5,324.1;692.6,375.7;633.7,411.0;518.8,425.7;483.5,499.4;530.6,478.7
44#650.6,623.3;632.9,546.6;618.2,576.1;544.5,579.1;526.8,561.4;571.0,664.5;579.8,573.2;579.8,434.6;579.8,417.0;585.7,349.2;680.0,343.3;694.8,399.3;638.8,425.8;520.9,440.5;494.4,517.2;541.5,484.7
45#638.9,637.9;632.7,557.7;620.4,576.2;555.6,579.3;521.7,573.1;555.6,671.9;583.4,570.0;580.3,440.4;583.4,425.0;586.5,354.0;682.1,372.5;694.5,421.9;635.8,431.1;524.7,446.6;490.8,520.6;509.3,499.0
46#641.1,667.1;641.1,581.6;612.6,572.1;546.1,575.3;533.4,581.6;552.4,664.0;584.1,575.3;580.9,442.2;584.1,429.5;587.2,356.7;679.1,401.0;682.3,445.4;634.8,435.9;523.9,451.7;485.9,524.6;523.9,505.6
47#652.1,705.3;642.2,602.4;612.3,569.2;542.6,575.8;532.6,572.5;549.2,652.2;582.4,572.5;582.4,446.3;585.7,433.0;597.4,361.6;682.0,423.1;682.0,469.6;638.9,439.7;526.0,456.3;479.5,526.0;532.6,519.4
48#647.5,729.5;640.4,630.9;608.8,578.2;541.9,585.2;524.3,564.1;541.9,623.9;577.1,581.7;584.1,455.0;587.6,437.4;592.9,375.8;679.2,444.4;679.2,490.2;640.4,451.4;527.8,458.5;475.0,518.3;520.8,514.8
49#646.5,756.4;642.9,655.4;614.0,594.1;545.5,594.1;531.0,568.8;523.8,637.4;577.9,594.1;588.8,457.0;588.8,442.6;597.8,375.8;682.6,467.8;679.0,503.9;642.9,457.0;527.4,457.0;476.9,500.3;462.5,503.9
50#653.8,778.0;638.7,679.8;616.1,608.1;551.9,600.6;491.5,585.5;521.7,657.2;582.1,604.3;585.9,457.1;589.7,442.0;606.7,368.4;687.8,494.8;672.7,528.8;646.3,460.9;521.7,449.5;431.1,479.7;465.1,472.2
51#660.9,777.8;641.3,687.6;613.8,605.2;555.0,597.4;539.3,628.8;527.5,687.6;586.4,601.3;594.2,460.1;594.2,444.4;604.0,368.0;688.3,522.9;676.6,554.3;656.9,468.0;527.5,448.4;449.1,444.4;504.0,381.7
52#661.6,783.2;647.0,677.3;614.1,607.9;548.4,596.9;548.4,578.7;537.4,699.2;581.3,604.2;595.9,461.8;599.5,443.5;605.0,372.3;679.9,564.0;676.2,553.1;661.6,469.1;533.8,447.2;479.0,428.9;495.4,372.3
53#650.2,766.4;646.5,663.7;620.8,605.0;554.8,601.3;558.5,623.3;543.8,722.4;587.8,601.3;602.5,465.6;602.5,447.3;608.0,379.4;668.5,535.3;683.2,561.0;664.9,473.0;540.1,454.6;477.8,447.3;498.0,386.8
54#643.8,736.9;643.8,644.6;626.1,605.5;565.7,601.9;562.2,630.4;544.4,733.3;597.7,605.5;608.3,470.6;608.3,452.8;610.1,380.0;682.9,598.4;690.0,555.8;668.7,477.7;548.0,459.9;484.0,474.1;494.7,417.3
55#647.1,707.5;643.7,629.0;633.4,622.1;568.6,622.1;554.9,656.3;548.1,762.0;602.7,622.1;612.9,472.0;612.9,455.0;607.8,391.8;691.4,581.2;701.7,547.1;677.8,478.8;551.5,465.2;490.1,499.3;493.5,441.3
56#674.3,682.2;630.0,685.9;644.8,634.2;578.3,634.2;556.2,682.2;541.4,792.9;611.5,634.2;615.2,475.5;615.2,460.7;613.4,396.1;666.9,530.8;722.3,530.8;678.0,475.5;556.2,475.5;497.1,516.1;493.4,464.4
57#659.3,713.4;644.0,705.8;655.5,621.9;586.8,633.4;560.2,705.8;537.3,816.4;621.2,633.4;621.2,477.1;621.2,461.8;619.2,391.3;701.2,492.3;731.7,503.7;678.3,473.2;564.0,477.1;518.2,530.4;503.0,499.9
58#660.3,729.7;597.8,682.8;648.6,616.3;590.0,620.3;558.7,714.1;543.0,807.9;621.2,620.3;621.2,471.7;621.2,459.9;619.3,379.8;676.0,432.6;734.6,456.0;676.0,463.8;570.4,479.5;527.4,542.1;500.0,522.5
59#654.7,721.1;684.9,585.4;647.2,615.5;598.2,615.5;556.7,698.5;549.2,800.2;620.8,615.5;624.6,468.5;624.6,457.2;615.2,383.7;683.0,383.7;718.8,412.0;681.1,457.2;571.8,479.8;522.8,551.4;492.6,543.9
60#648.4,728.2;621.6,638.7;648.4,602.9;585.8,607.4;554.5,665.6;550.0,777.4;617.1,602.9;621.6,464.3;621.6,455.4;608.2,374.8;684.2,339.1;702.1,392.7;675.3,441.9;576.9,473.2;545.6,544.8;500.8,562.7
61#646.4,746.8;610.0,652.1;653.7,608.4;591.8,608.4;544.5,623.0;548.1,732.2;620.9,608.4;610.0,455.5;610.0,451.9;590.0,377.2;699.2,370.0;704.7,393.6;661.0,437.3;562.7,470.1;519.0,561.1;489.9,575.7
62#643.8,769.2;619.3,663.2;656.0,593.9;590.8,602.0;533.7,589.8;546.0,691.7;623.4,598.0;594.9,459.4;594.9,451.2;578.6,373.8;684.6,373.8;709.0,410.5;647.9,443.1;550.0,471.6;517.4,540.9;484.8,593.9
63#647.5,792.6;636.0,692.7;632.2,608.2;570.7,608.2;528.5,573.6;528.5,654.3;601.4,608.2;578.4,462.2;578.4,450.7;557.3,379.6;697.5,404.6;689.8,443.0;624.5,435.3;528.5,477.6;497.7,562.1;478.5,615.9
64#655.3,812.5;640.5,704.9;614.5,604.8;547.8,604.8;484.7,645.6;529.2,697.5;577.4,601.1;562.6,460.1;562.6,445.3;553.3,384.1;688.7,452.7;692.4,460.1;618.2,441.6;510.7,475.0;484.7,560.3;477.3,619.6
65#653.5,808.3;635.3,698.9;602.5,596.9;536.9,593.2;507.7,655.2;529.6,698.9;569.7,593.2;551.4,454.7;551.4,440.2;546.0,372.7;671.7,443.8;675.4,473.0;606.1,440.2;493.1,465.7;478.6,542.2;474.9,607.8
66#649.2,797.0;633.4,686.4;590.0,583.7;530.7,591.6;526.8,583.7;522.8,678.5;558.4,583.7;546.5,445.4;546.5,433.5;548.5,356.5;669.0,461.2;661.1,484.9;601.8,441.4;487.2,457.2;443.8,528.3;487.2,567.9
67#652.1,771.5;636.7,664.0;575.3,579.5;506.2,583.4;548.4,614.1;521.5,702.4;544.6,575.7;544.6,441.3;544.6,429.8;542.6,358.7;663.6,483.5;652.1,498.9;606.0,437.5;483.1,441.3;417.8,495.1;483.1,502.7
68#654.1,743.2;643.1,640.2;562.2,574.1;496.0,581.4;543.8,607.2;521.7,721.2;529.1,577.7;540.1,438.0;543.8,419.6;553.0,347.9;661.5,496.8;639.4,504.2;602.6,438.0;477.6,430.6;404.1,456.4;459.2,460.0
69#660.5,710.1;653.1,602.8;553.1,565.8;490.2,565.8;545.7,625.0;519.8,739.7;519.8,565.8;542.0,425.1;542.0,414.0;555.0,345.5;664.2,502.8;642.0,502.8;605.0,436.2;475.4,414.0;401.4,414.0;438.4,417.7
70#662.5,677.5;662.5,562.4;547.4,558.5;486.0,566.2;539.7,643.0;520.5,758.1;516.7,558.5;535.9,416.5;539.7,405.0;557.0,337.9;654.9,520.1;647.2,493.3;601.1,428.0;478.3,397.3;409.2,366.6;457.2,345.5
71#660.6,645.5;665.1,537.2;552.3,550.7;489.1,573.3;525.2,668.1;516.1,776.4;520.7,559.8;538.7,406.3;538.7,401.8;550.0,322.8;665.1,537.2;647.0,492.1;597.4,419.8;475.5,383.7;423.6,331.8;441.7,322.8
72#644.5,611.9;663.9,514.9;562.1,548.9;494.3,568.3;508.8,679.8;513.6,786.4;528.2,553.7;537.9,393.7;537.9,388.9;552.4,306.5;630.0,505.2;654.2,456.8;600.9,408.3;479.7,379.2;436.1,306.5;443.4,275.0
73#635.0,590.2;665.2,489.6;564.6,534.9;499.2,555.0;494.2,675.8;499.2,786.5;534.4,550.0;539.5,378.9;539.5,384.0;554.5,298.4;625.0,419.2;665.2,429.2;599.8,394.0;484.1,363.8;418.7,323.6;456.4,260.7
74#627.8,586.6;658.0,483.0;563.1,543.4;498.4,552.0;485.4,668.5;472.5,776.4;528.6,547.7;537.2,379.5;537.2,379.5;548.0,299.6;627.8,392.4;666.6,396.7;601.9,388.1;476.8,366.5;416.4,349.3;453.1,299.6
75#624.9,614.5;657.2,505.4;568.3,533.7;495.6,549.9;471.3,659.0;451.1,760.0;531.9,545.9;540.0,376.1;540.0,376.1;538.0,305.4;612.8,355.9;657.2,360.0;596.6,372.1;479.4,376.1;422.8,376.1;449.1,313.5
76#624.1,648.8;656.1,540.7;572.0,540.7;492.0,544.7;455.9,640.8;435.9,748.9;532.0,544.7;536.0,380.6;536.0,372.6;542.0,302.5;576.0,316.5;628.1,336.5;596.1,372.6;476.0,384.6;427.9,400.6;447.9,344.5
77#622.6,667.7;645.6,560.4;572.8,541.2;496.1,541.2;438.6,617.9;423.2,725.2;534.4,541.2;530.6,376.3;530.6,368.7;528.7,313.1;534.4,395.5;590.0,320.7;591.9,372.5;473.1,387.8;427.1,426.2;450.1,364.8
78#621.4,694.1;638.0,582.1;571.6,540.6;492.8,536.4;418.1,586.2;409.8,690.0;526.0,536.4;521.8,378.7;521.8,366.2;517.7,287.4;515.6,256.2;563.3,291.5;575.8,366.2;472.0,387.0;430.5,440.9;443.0,391.1
79#622.1,716.8;618.0,605.0;560.0,526.4;489.7,526.4;402.7,547.1;406.9,650.6;522.8,526.4;510.3,373.3;510.3,360.9;502.1,282.2;491.7,242.9;539.3,278.1;560.0,365.0;452.4,385.7;435.9,443.6;460.7,418.8
80#621.8,731.6;596.2,620.5;553.4,530.8;480.8,526.5;378.2,513.7;399.6,612.0;515.0,530.8;493.6,372.7;493.6,359.8;489.3,278.6;508.5,242.3;527.8,270.1;544.9,355.6;446.6,381.2;408.1,441.0;373.9,428.2
81#629.2,736.8;593.6,643.2;544.5,531.7;473.2,531.7;375.1,478.2;397.4,576.3;508.9,531.7;477.6,371.2;477.6,362.3;475.4,279.8;493.2,270.9;520.0,279.8;531.1,353.4;419.7,384.6;361.7,433.6;370.6,420.2
82#624.6,735.7;594.8,629.2;526.7,531.3;454.3,535.5;364.9,463.2;390.5,565.3;488.4,535.5;458.6,373.7;458.6,365.2;456.5,290.7;499.0,290.7;531.0,322.6;518.2,361.0;403.2,386.5;322.3,403.5;390.5,373.7
83#607.6,715.6;585.9,607.2;516.5,542.1;442.8,546.5;373.4,468.4;382.1,568.2;477.5,546.5;447.2,381.7;447.2,377.4;451.5,295.0;503.5,303.7;520.9,342.7;507.9,368.7;390.8,386.0;312.7,373.0;351.8,308.0
84#583.6,681.6;575.6,585.2;499.2,545.0;422.9,549.0;370.7,472.7;370.7,577.1;455.0,545.0;439.0,392.3;439.0,388.3;439.0,307.9;503.3,336.1;519.3,376.2;495.2,384.3;386.7,392.3;326.5,364.2;338.5,307.9
85#559.1,646.6;549.1,553.9;476.4,544.0;400.3,550.6;363.9,491.1;350.6,590.3;436.7,550.6;430.0,401.7;430.0,391.8;436.7,315.7;499.5,355.4;516.1,401.7;483.0,398.4;377.1,398.4;350.6,362.0;310.9,299.2
86#531.1,618.3;534.0,524.5;469.5,536.2;393.2,550.9;352.1,515.7;343.3,621.3;431.3,536.2;425.5,410.1;425.5,395.4;434.3,327.9;504.7,374.9;513.5,421.8;475.3,410.1;372.7,404.2;358.0,436.5;346.3,371.9
87#507.6,595.9;513.7,500.9;470.8,562.2;394.1,568.3;351.2,537.7;332.8,645.0;430.9,562.2;415.6,415.0;418.7,399.7;437.1,332.2;501.5,399.7;513.7,439.6;464.7,415.0;366.5,412.0;357.3,451.8;354.3,381.3
88#486.1,584.7;492.4,496.7;464.1,556.4;395.0,559.6;347.9,553.3;332.1,666.4;426.4,559.6;417.0,415.0;420.1,399.3;435.9,330.2;511.3,418.1;511.3,455.9;470.4,415.0;360.4,408.7;288.2,418.1;307.0,371.0
89#397.9,622.1;489.8,533.4;464.4,542.9;391.6,555.6;353.6,574.6;331.4,685.5;426.4,552.4;420.1,409.9;423.3,397.2;434.3,338.6;512.0,438.4;515.1,473.2;477.1,409.9;363.1,406.7;283.9,438.4;299.7,397.2
90#399.2,647.9;501.2,493.3;461.7,559.1;392.6,559.1;356.4,595.2;333.4,697.2;422.2,562.3;422.2,407.8;425.5,391.3;433.7,333.8;520.9,447.2;517.6,480.1;484.7,404.5;363.0,407.8;280.8,447.2;293.9,424.2
91#420.8,651.3;449.7,561.3;462.6,545.3;391.9,548.5;350.1,590.3;337.3,686.6;427.2,548.5;427.2,400.7;427.2,381.4;435.3,338.0;507.6,487.4;542.9,452.1;485.1,394.3;366.2,400.7;311.6,455.3;292.3,452.1
92#427.8,666.9;454.1,577.9;464.0,545.0;398.1,541.7;352.0,561.4;338.8,680.0;431.1,545.0;431.1,396.7;431.1,376.9;429.4,332.4;533.2,426.3;559.6,432.9;493.7,393.4;371.7,400.0;325.6,472.5;302.6,456.0
93#430.0,685.3;456.5,589.2;466.5,546.1;403.5,536.2;357.1,542.8;350.5,652.2;430.0,542.8;436.7,397.0;433.3,370.4;435.0,332.3;519.5,397.0;572.5,400.3;493.0,390.3;373.7,397.0;337.2,476.5;340.5,456.6
94#432.4,705.0;464.8,618.6;461.2,539.4;403.6,532.2;371.2,517.8;367.6,622.2;432.4,532.2;439.6,388.3;439.6,370.3;434.2,325.3;535.0,332.5;565.6,370.3;497.2,381.1;382.0,395.5;328.0,471.1;317.2,467.5
95#437.7,729.3;464.5,635.5;455.6,532.8;388.6,532.8;357.3,519.4;393.0,581.9;424.3,532.8;442.2,385.4;442.2,376.5;446.6,296.1;556.1,280.4;553.8,336.3;500.2,376.5;384.1,385.4;317.1,452.4;317.1,488.1
96#445.6,745.2;464.1,643.6;454.8,546.7;385.6,528.2;394.8,500.5;339.4,555.9;422.5,532.8;441.0,366.6;441.0,366.6;452.5,281.2;565.7,292.7;551.8,329.7;496.4,362.0;381.0,375.8;297.9,435.9;302.5,463.6
97#456.4,743.8;465.7,650.2;461.1,537.8;390.8,519.1;475.1,598.7;493.8,636.2;423.6,528.5;433.0,364.6;437.7,364.6;458.7,282.7;564.1,322.5;564.1,355.3;493.8,359.9;376.8,369.3;287.8,406.8;325.3,411.4
98#471.0,734.8;480.1,635.1;457.4,526.3;389.4,512.7;480.1,589.7;489.1,662.3;421.1,521.7;430.2,363.1;434.7,358.6;464.2,274.7;561.7,340.4;557.1,376.7;489.1,363.1;371.3,358.6;289.7,372.2;316.9,372.2
99#487.4,714.3;505.5,605.3;464.6,519.1;392.0,510.0;473.7,550.9;473.7,641.7;428.3,514.5;432.9,360.1;437.4,351.0;469.2,273.8;560.0,360.1;555.5,391.9;491.9,364.7;382.9,351.0;337.5,319.3;373.8,287.5
100#515.2,688.5;519.4,577.9;459.8,509.8;391.8,514.0;472.6,548.1;472.6,646.0;425.8,509.8;438.6,352.3;438.6,352.3;472.6,275.7;562.0,373.6;549.2,411.9;489.6,365.1;379.0,343.8;349.2,314.0;368.3,260.8
101#539.6,643.3;526.8,536.7;445.8,494.0;390.3,498.3;475.6,545.2;471.3,664.6;415.9,498.3;445.8,353.3;445.8,349.1;475.6,272.3;560.9,391.7;552.4,425.8;501.2,366.1;386.1,336.3;360.5,276.6;388.2,248.9
102#552.5,603.8;535.9,500.0;448.7,487.6;394.8,495.9;465.3,574.8;469.5,682.7;419.7,491.7;452.9,350.6;452.9,346.5;484.0,265.6;564.9,412.9;552.5,433.6;511.0,367.2;394.8,334.0;361.6,313.3;384.4,265.6
103#545.8,555.5;526.2,461.3;467.3,488.8;404.5,496.6;443.8,586.9;467.3,700.8;435.9,492.7;455.6,343.5;459.5,339.6;485.0,270.9;569.4,433.8;553.7,437.7;518.4,359.2;396.7,327.8;412.4,386.7;428.1,386.7
104#441.6,690.3;502.6,459.3;476.5,481.1;415.4,489.8;432.9,603.1;454.7,703.4;445.9,485.4;459.0,341.6;467.7,328.5;483.0,252.2;528.8,494.1;554.9,433.1;524.4,354.6;402.4,324.1;345.7,354.6;363.1,319.8
105#547.1,501.0;517.0,462.2;495.4,479.5;426.5,496.7;435.2,591.4;435.2,699.1;461.0,483.8;469.6,333.0;473.9,320.1;501.9,240.4;568.7,470.9;568.7,419.2;529.9,346.0;409.3,324.4;357.6,371.8;366.2,337.3
106#528.5,527.6;536.8,452.5;495.1,473.4;436.7,481.8;428.4,586.0;420.0,686.2;465.9,477.6;482.6,331.6;486.8,314.9;501.4,246.0;570.2,485.9;586.9,415.0;541.0,339.9;424.2,319.0;361.6,377.5;365.8,352.4
107#544.1,548.4;495.4,548.4;510.4,465.9;442.9,469.7;427.9,578.4;416.6,679.7;476.6,469.7;491.6,327.2;495.4,308.4;516.0,257.8;589.1,413.4;607.9,402.2;551.6,334.7;427.9,319.7;356.6,364.7;367.9,368.4
108#490.4,559.5;483.0,485.2;520.1,455.5;457.0,455.5;419.9,570.6;416.2,674.6;486.7,455.5;505.3,321.9;509.0,303.3;518.3,230.9;631.5,381.3;635.2,381.3;572.1,333.0;442.2,318.1;360.5,351.6;375.3,355.3
109#490.8,568.2;481.3,479.6;531.9,460.6;465.4,457.4;414.8,561.9;414.8,672.7;500.3,457.4;516.1,321.3;519.3,305.4;524.0,281.7;642.7,343.4;649.1,356.1;576.2,330.8;459.1,314.9;367.3,340.3;405.3,318.1
110#489.8,604.0;475.6,498.2;525.1,469.9;472.1,462.9;405.1,551.1;412.1,667.6;496.8,462.9;528.6,321.7;532.1,314.6;544.5,235.2;630.9,254.6;659.2,318.2;588.6,328.8;472.1,314.6;383.9,318.2;429.8,272.3
111#488.7,627.2;476.2,526.7;543.2,476.4;484.5,472.3;400.8,535.1;409.2,652.3;513.8,472.3;539.0,321.5;534.8,321.5;555.7,241.9;647.8,221.0;647.8,288.0;597.6,325.7;476.2,317.3;409.2,300.6;446.8,241.9
112#492.1,651.9;470.7,531.8;552.2,489.0;496.4,480.4;397.8,519.0;410.6,626.2;526.4,484.7;543.6,326.0;547.9,326.0;556.5,248.8;650.8,235.9;650.8,300.2;599.3,326.0;487.8,326.0;410.6,313.1;457.8,261.6
113#492.3,674.6;479.6,561.1;555.3,502.2;500.7,485.4;399.7,498.0;416.6,594.7;534.3,489.6;551.1,334.0;551.1,329.8;559.5,249.9;656.3,258.3;668.9,321.4;605.8,338.2;492.3,329.8;420.8,334.0;454.4,287.7
114#494.9,696.2;498.8,586.0;561.8,503.4;494.9,487.7;412.3,472.0;432.0,562.4;530.3,491.6;553.9,334.3;553.9,330.4;563.7,265.5;656.2,279.2;683.7,334.3;609.0,334.3;498.8,334.3;435.9,361.8;455.6,318.6
115#496.1,714.2;524.1,606.4;564.0,506.7;500.1,486.7;428.3,446.8;448.2,538.6;532.0,490.7;556.0,331.1;560.0,323.1;573.9,265.3;655.7,303.2;683.7,347.1;615.8,335.1;500.1,331.1;440.3,387.0;456.2,339.1
116#520.0,710.3;544.8,615.4;573.7,495.7;507.7,479.2;437.5,429.7;470.5,532.9;540.7,487.5;557.2,330.7;561.3,310.0;575.8,262.6;656.2,322.4;681.0,363.7;615.0,330.7;499.4,326.5;454.0,396.7;454.0,355.4
117#548.1,705.6;570.7,610.7;579.7,484.3;512.0,470.8;448.8,439.1;484.9,538.5;552.6,470.8;561.7,321.7;566.2,312.7;582.0,233.7;652.0,344.3;674.6,375.9;620.4,326.3;507.5,321.7;457.8,389.5;466.9,357.9
118#582.5,667.3;604.2,576.0;591.2,467.4;517.3,454.4;443.5,463.1;482.6,567.3;556.4,454.4;569.5,315.4;573.8,306.7;589.0,226.4;647.6,358.8;682.4,371.9;630.3,319.8;508.6,315.4;456.5,380.6;482.6,371.9
119#612.8,628.3;634.3,531.8;594.9,445.9;523.4,442.4;451.9,478.1;487.7,589.0;562.8,442.4;577.1,313.6;584.2,288.6;600.3,229.6;655.7,360.1;695.1,363.7;637.9,313.6;516.3,306.5;441.2,360.1;498.4,349.4
120#635.5,585.6;673.4,502.9;607.9,440.9;535.6,430.6;463.3,499.5;487.4,609.7;573.5,440.9;587.3,303.2;594.2,275.7;606.2,236.1;663.0,351.4;704.3,358.3;649.2,310.1;525.3,296.3;442.6,341.1;508.1,310.1
121#658.5,556.9;699.6,467.1;617.3,440.9;538.7,440.9;478.8,512.0;486.3,631.8;579.9,440.9;598.6,295.0;606.1,272.5;622.9,218.2;684.7,328.6;722.1,343.6;658.5,302.4;538.7,280.0;463.9,313.7;523.7,272.5
122#682.2,527.7;727.6,436.7;624.3,432.6;554.0,436.7;504.4,540.1;487.8,647.6;587.1,432.6;616.0,283.8;620.1,275.5;634.6,203.1;682.2,263.1;731.8,312.7;669.8,292.0;562.3,275.5;504.4,275.5;554.0,221.7
123#713.7,522.0;741.4,426.4;641.5,434.0;568.8,438.1;509.8,529.0;494.9,634.3;603.8,434.0;628.2,279.2;632.2,273.7;645.8,198.3;687.8,233.1;728.7,283.0;682.2,284.7;574.3,275.0;538.3,259.5;581.7,210.7
124#745.2,516.3;755.1,416.2;658.6,435.5;583.5,439.4;515.3,517.8;502.0,620.9;620.4,435.5;640.4,274.7;644.4,271.9;656.9,193.4;693.5,203.1;725.5,253.2;694.5,277.4;586.3,274.5;572.1,243.4;609.4,199.6
125#776.7,510.6;768.9,405.9;675.8,436.9;598.3,440.8;520.7,506.7;509.1,607.6;637.1,436.9;652.6,270.1;656.5,270.1;668.1,188.6;699.1,173.1;722.4,223.5;706.9,270.1;598.3,274.0;606.0,227.4;637.1,188.6
126#808.6,517.5;762.2,418.0;695.8,447.9;616.2,447.9;523.4,484.4;536.6,570.6;656.0,447.9;662.7,278.7;662.7,272.1;666.0,195.8;699.1,199.1;732.3,252.2;719.0,275.4;609.6,278.7;609.6,245.6;642.8,209.1
127#824.7,537.2;790.8,435.3;712.7,445.5;638.0,459.1;539.6,455.7;583.7,540.5;675.4,448.9;668.6,292.7;668.6,279.2;672.0,201.1;702.5,224.9;722.9,258.8;722.9,292.7;614.3,289.4;607.5,313.1;610.9,275.8
128#828.7,563.7;806.5,456.3;727.5,446.8;654.9,456.3;550.6,443.6;629.6,522.6;689.6,446.8;673.8,295.1;670.7,276.1;675.4,205.0;705.4,257.2;733.9,285.6;733.9,295.1;613.8,304.6;629.6,348.8;632.7,276.1
129#831.4,589.2;811.4,476.1;744.9,442.9;661.8,449.5;562.0,452.8;665.1,526.0;705.0,449.5;671.7,303.2;671.7,279.9;676.7,221.7;718.3,276.6;751.6,309.8;728.3,289.9;611.9,309.8;621.9,369.7;655.1,346.4
130#833.0,599.9;811.8,490.6;744.9,437.8;674.4,448.3;586.3,483.6;678.0,561.1;713.2,444.8;670.9,300.4;674.4,279.2;686.8,217.6;727.3,286.3;762.5,328.5;727.3,282.7;611.0,307.4;618.1,374.4;649.8,349.7
131#840.7,601.7;818.0,495.6;746.0,438.8;677.9,450.2;605.9,507.0;689.2,597.9;712.0,438.8;674.1,298.7;677.9,283.6;691.1,209.7;734.7,317.6;780.1,329.0;730.9,287.3;613.5,313.9;617.3,374.4;640.0,370.7
132#845.4,597.7;826.5,491.9;739.7,431.5;675.4,450.3;626.3,522.1;690.6,620.3;709.4,442.8;675.4,299.3;679.2,284.1;692.4,214.3;747.2,310.6;800.1,325.7;735.9,291.7;615.0,306.8;531.9,355.9;596.1,325.7
133#838.0,583.5;838.0,481.0;735.5,433.8;672.5,449.5;644.9,552.0;692.2,650.4;704.0,437.7;688.3,295.9;688.3,288.0;698.1,215.1;763.1,284.1;814.3,315.6;743.4,295.9;629.2,299.8;522.8,331.3;574.0,291.9
134#840.9,557.7;840.9,460.2;739.6,441.4;668.4,463.9;668.4,576.4;694.6,670.2;702.1,452.7;690.9,298.9;690.9,280.2;711.5,255.8;809.0,255.8;818.4,302.7;743.4,295.2;634.6,298.9;540.9,295.2;569.0,255.8
135#832.6,533.5;836.6,433.9;737.0,449.8;669.3,469.7;681.3,581.2;681.3,684.8;705.2,457.8;697.2,298.5;701.2,282.6;707.2,248.7;832.6,274.6;828.6,298.5;749.0,298.5;641.5,298.5;561.8,274.6;563.8,248.7
136#813.2,514.6;830.2,408.2;740.9,450.8;672.8,467.8;664.3,586.9;668.6,689.0;706.9,463.5;702.6,301.9;702.6,301.9;717.5,227.4;834.5,297.6;834.5,318.9;757.9,301.9;647.3,301.9;562.2,293.4;564.4,227.4
137#769.0,523.0;814.0,413.3;744.3,461.1;670.3,476.5;662.6,585.5;669.6,658.6;706.3,472.6;704.5,311.8;705.5,307.7;721.0,238.1;828.1,318.1;828.1,340.5;760.7,310.7;648.2,311.8;563.9,314.3;563.3,255.0
138#724.9,531.3;797.9,418.3;747.7,471.3;667.8,485.1;660.9,584.0;670.5,628.3;705.8,481.6;706.3,321.6;708.4,313.4;724.6,248.8;821.8,338.6;821.8,362.0;763.6,319.6;649.1,321.6;565.6,335.1;562.3,282.5
139#680.7,539.7;781.7,423.4;751.1,481.6;665.3,493.8;659.2,582.6;671.5,597.9;705.2,490.7;708.2,331.5;711.3,319.2;728.1,259.5;815.4,359.1;815.4,383.6;766.4,328.4;650.0,331.5;567.3,356.0;561.2,310.1
140#732.4,540.4;781.0,443.2;743.9,494.7;666.7,494.7;658.1,477.5;675.3,557.5;709.6,494.7;715.3,340.4;718.1,326.1;733.9,261.8;835.3,383.2;809.6,406.1;775.3,340.4;652.4,340.4;583.8,368.9;578.1,354.7
141#739.6,569.9;767.7,476.2;742.7,473.1;667.7,473.1;670.8,501.2;652.1,588.7;708.3,469.9;717.7,344.9;717.7,335.6;731.8,265.2;823.9,394.9;811.4,416.8;770.8,344.9;652.1,348.1;567.7,391.8;558.3,354.3
142#736.8,588.3;763.8,493.9;720.0,463.6;666.0,467.0;676.2,534.4;655.9,605.2;693.0,467.0;723.3,352.4;723.3,342.2;738.5,273.1;831.2,413.0;817.7,423.2;777.3,359.1;659.3,345.6;662.7,389.4;558.2,376.0
143#735.0,614.3;759.9,507.7;738.5,472.2;660.4,465.1;703.0,497.1;656.8,628.5;695.9,468.6;720.8,351.4;724.3,340.7;747.4,267.9;830.9,436.7;816.7,433.1;781.2,358.5;663.9,344.3;603.5,394.0;564.5,397.6
144#735.0,637.8;756.6,522.5;717.0,461.2;652.1,454.0;699.0,493.7;688.2,576.5;688.2,457.6;724.2,345.9;731.4,327.9;758.4,272.0;807.1,410.8;817.9,421.6;785.5,353.1;666.6,335.1;605.3,382.0;569.3,403.6
145#747.0,656.2;754.7,543.7;719.8,466.1;646.1,462.2;704.3,516.5;684.9,621.3;688.8,462.2;727.6,334.1;735.3,314.7;760.6,258.4;809.1,438.9;813.0,419.5;785.8,345.7;665.5,326.3;580.1,369.0;572.3,419.5
146#758.3,675.0;749.6,558.5;715.1,467.8;641.7,454.9;697.8,536.9;680.6,640.5;680.6,463.5;728.1,329.7;732.4,312.4;760.4,236.9;784.2,433.3;805.8,416.0;792.8,338.3;667.6,316.8;572.7,351.3;577.0,433.3
147#759.3,665.7;759.3,569.0;724.2,468.0;653.9,459.2;689.0,551.5;680.2,670.1;689.0,463.6;728.6,318.7;732.9,305.5;770.3,228.6;768.1,393.3;785.7,406.5;794.4,331.8;662.7,301.1;579.2,318.7;640.7,309.9
148#766.7,647.6;775.5,545.9;718.0,448.7;642.9,448.7;673.9,568.0;669.4,700.6;682.7,448.7;731.3,311.7;740.1,302.8;768.9,221.1;749.0,382.4;766.7,400.1;793.2,324.9;673.9,298.4;665.0,351.5;660.6,245.4
149#783.9,630.8;788.3,533.0;712.8,444.1;646.1,444.1;655.0,581.9;668.3,701.9;681.7,444.1;730.6,306.4;735.0,297.5;768.3,219.8;757.2,364.2;752.8,395.3;783.9,319.7;681.7,293.1;672.8,350.8;703.9,350.8
150#799.0,621.1;803.6,533.1;710.9,445.0;646.1,440.4;646.1,574.8;646.1,681.3;678.5,445.0;729.5,296.8;734.1,292.2;768.9,211.1;743.4,370.9;752.6,394.1;775.8,320.0;683.2,278.3;713.3,220.3;722.5,211.1
