1#716.4,620.3;830.0,679.2;834.2,561.4;817.4,574.0;817.4,683.4;851.1,780.1;825.8,565.6;750.1,447.8;754.3,452.0;733.3,384.7;703.8,342.6;741.7,384.7;775.3,431.0;729.1,464.6;661.8,443.6;636.5,388.9
2#866.3,772.4;830.1,677.4;839.2,559.9;816.6,573.4;816.6,681.9;848.2,776.9;825.6,568.9;753.3,446.8;753.3,451.3;730.7,388.0;703.5,342.8;744.2,388.0;775.9,433.3;726.1,460.4;658.3,446.8;640.2,392.6
3#863.6,773.0;822.8,677.8;836.4,564.4;813.8,573.5;809.2,686.9;850.0,777.6;822.8,569.0;750.3,446.5;750.3,451.0;727.6,387.6;700.4,342.2;741.2,387.6;777.5,437.4;723.1,460.1;655.0,446.5;636.9,392.1
4#857.9,766.0;816.2,673.3;825.5,562.1;802.3,580.6;806.9,682.6;848.6,779.9;816.2,571.4;742.0,446.2;746.7,446.2;728.1,386.0;700.3,344.3;737.4,386.0;774.5,432.3;714.2,460.1;654.0,450.9;640.1,390.6
5#845.2,756.7;796.2,667.6;814.1,560.7;782.9,574.1;796.2,689.9;836.3,774.6;800.7,569.6;738.3,444.9;738.3,444.9;725.0,378.1;707.1,395.9;738.3,391.4;769.5,431.5;707.1,449.3;649.2,449.3;640.3,395.9
6#831.1,745.6;775.2,672.5;801.0,565.0;762.3,569.3;766.6,681.1;826.8,758.5;779.5,565.0;732.2,436.0;736.5,436.0;710.6,362.8;697.7,423.1;736.5,410.1;766.6,427.4;697.7,444.6;646.1,448.9;637.5,392.9
7#703.6,626.3;738.4,637.8;776.9,553.0;742.2,560.7;734.5,653.3;807.8,722.7;761.5,556.8;726.8,421.8;726.8,418.0;699.8,356.3;692.1,394.8;726.8,410.3;761.5,414.1;692.1,425.7;645.8,445.0;638.1,394.8
8#697.4,614.9;676.8,546.1;766.2,535.8;721.5,546.1;690.5,614.9;766.2,683.6;742.1,539.2;707.7,412.1;707.7,401.7;683.7,339.9;680.2,394.9;721.5,425.8;742.1,401.7;676.8,418.9;642.4,449.9;635.5,398.3
9#704.9,627.7;655.4,531.8;742.0,525.7;698.7,538.0;643.1,578.2;723.5,646.2;717.3,528.7;692.5,395.8;686.4,386.5;664.7,327.8;680.2,371.1;701.8,377.3;726.6,383.4;655.4,402.0;630.7,451.5;627.6,395.8
10#689.0,616.9;650.3,526.5;721.2,513.6;676.1,513.6;598.6,539.4;676.1,620.1;695.4,513.6;666.4,384.6;666.4,374.9;637.3,313.6;682.5,339.4;737.4,371.7;701.9,368.4;627.7,394.2;601.9,445.9;621.2,426.5
11#689.9,638.1;657.4,553.6;702.9,511.3;650.9,508.1;559.9,498.3;628.1,579.6;676.9,511.3;647.6,374.8;647.6,368.3;626.5,305.0;676.9,329.3;725.6,348.8;686.6,352.1;602.1,387.8;559.9,426.8;585.9,417.1
12#689.9,648.7;658.8,562.3;676.1,503.5;624.2,496.5;534.3,468.9;593.1,555.3;648.4,500.0;634.6,365.1;634.6,358.2;612.1,294.2;648.4,306.3;689.9,327.1;669.2,354.7;596.5,375.5;523.9,396.2;565.4,354.7
13#688.2,651.8;669.5,569.5;654.5,494.6;602.1,483.4;512.3,438.5;557.2,524.6;628.3,490.9;609.6,356.2;609.6,352.4;604.0,275.7;604.0,268.2;662.0,303.8;647.0,348.7;572.2,367.4;497.3,363.7;512.3,315.0
14#678.3,651.7;659.0,567.0;632.1,490.1;574.4,478.5;493.6,420.8;524.4,509.3;601.3,486.2;593.6,351.6;593.6,351.6;578.2,270.8;716.7,386.2;666.7,370.8;635.9,351.6;547.4,355.4;482.0,328.5;460.9,257.3
15#667.4,644.9;640.5,556.4;617.4,483.2;551.9,479.4;482.6,410.1;490.3,502.5;582.7,483.2;567.3,352.4;567.3,348.5;559.6,275.4;594.3,440.9;648.2,402.4;613.5,352.4;525.0,356.2;467.2,321.6;440.3,267.7
16#646.5,634.9;621.8,543.2;593.6,493.9;530.1,486.8;466.6,416.3;456.1,500.9;554.8,497.4;544.2,356.3;544.2,356.3;540.7,285.7;531.9,266.3;554.8,289.3;579.5,349.2;505.4,359.8;445.5,345.7;441.9,289.3
17#621.3,605.9;600.9,517.3;524.6,481.9;491.9,476.4;440.1,421.9;423.8,506.4;511.0,484.6;521.9,364.7;521.9,362.0;527.3,302.1;523.2,268.0;551.9,313.0;554.6,353.8;486.5,370.2;437.4,370.2;442.9,315.7
18#580.8,590.0;465.1,485.3;506.4,493.6;459.6,460.5;418.3,430.2;388.0,504.6;495.4,496.3;503.7,377.9;500.9,372.4;511.9,317.3;520.2,292.6;539.5,331.1;539.5,366.9;470.6,380.7;432.1,386.2;443.1,333.9
19#358.8,503.4;423.0,454.1;437.8,463.9;435.3,473.8;393.3,431.9;356.3,505.9;435.3,471.4;487.1,389.9;482.2,377.5;492.1,325.7;521.7,310.9;536.5,357.8;526.6,384.9;455.0,394.8;423.0,394.8;440.2,355.3
20#326.8,502.4;405.5,459.4;496.1,495.2;417.4,476.1;372.1,435.6;331.6,504.7;458.0,495.2;465.1,399.8;467.5,383.1;472.3,330.7;517.6,335.4;531.9,376.0;505.7,395.0;424.6,399.8;417.4,421.3;434.1,373.6
21#494.8,584.3;521.2,509.8;463.5,538.6;401.0,514.6;343.3,442.4;319.2,514.6;439.5,509.8;446.7,399.2;446.7,389.5;453.9,331.8;516.4,348.7;523.6,394.3;485.1,399.2;403.4,399.2;391.4,435.2;420.2,435.2
22#490.1,613.5;492.9,528.2;446.1,536.5;382.9,528.2;319.6,451.2;314.1,536.5;415.9,528.2;424.1,399.0;426.9,393.5;436.5,331.6;512.1,366.0;512.1,415.5;465.4,399.0;382.9,399.0;352.6,429.2;380.1,440.2
23#489.8,623.1;469.5,535.9;423.0,527.2;362.0,521.4;303.8,463.3;312.5,556.3;391.0,527.2;408.5,399.3;411.4,390.6;424.4,328.1;510.2,384.8;498.5,428.4;455.0,402.2;364.9,393.5;303.8,405.1;338.7,405.1
24#481.3,617.6;463.8,527.1;411.3,524.2;350.0,524.2;294.6,474.6;312.1,568.0;385.0,527.1;390.9,395.8;393.8,390.0;411.3,322.9;504.7,398.7;487.2,433.8;440.5,401.7;344.2,387.1;277.1,375.4;338.3,366.6
25#463.2,600.4;463.2,510.9;411.2,528.3;350.6,528.3;295.7,490.7;310.2,580.2;376.6,528.3;379.5,392.6;382.3,383.9;399.7,320.4;500.7,409.9;474.7,438.8;428.5,401.2;330.4,381.0;264.0,352.2;323.2,313.2
26#450.8,581.6;460.1,492.1;410.7,532.2;349.0,532.2;296.5,510.6;312.0,600.1;376.8,526.0;373.7,390.3;373.7,384.1;395.3,319.3;497.1,424.2;463.2,445.8;423.1,399.5;321.2,374.8;274.9,334.7;298.1,268.4
27#443.7,557.0;440.5,472.4;394.9,527.7;342.8,527.7;300.5,527.7;313.5,618.8;368.9,524.4;375.4,387.8;375.4,381.3;398.2,319.4;495.8,439.8;463.2,452.9;424.2,400.8;323.3,361.7;287.5,319.4;274.5,267.4
28#491.5,469.6;439.3,456.5;409.9,518.6;344.6,521.8;311.9,548.0;311.9,636.1;374.0,518.6;383.8,387.9;387.0,381.4;409.9,316.1;498.1,453.3;465.4,459.8;436.0,404.3;334.8,368.4;276.0,339.0;274.4,291.6
29#478.2,482.6;438.5,499.1;415.3,522.3;359.0,519.0;325.9,568.7;316.0,654.7;388.8,519.0;398.7,389.9;402.0,380.0;425.2,313.8;501.4,469.4;474.9,462.7;448.4,403.1;345.8,373.3;279.5,356.8;272.9,307.1
30#487.7,516.8;480.7,488.6;424.4,516.8;368.1,516.8;336.5,583.6;311.9,657.5;396.3,516.8;413.9,386.6;417.4,376.1;442.0,309.2;508.8,492.2;487.7,460.5;463.1,397.2;357.6,372.6;287.2,372.6;280.2,326.8
31#474.8,548.0;453.7,509.2;439.6,502.2;390.3,498.7;341.0,576.1;312.8,657.1;414.9,498.7;425.5,378.9;429.0,371.9;448.4,299.7;513.5,491.6;499.4,452.9;478.3,393.0;372.7,371.9;302.2,386.0;281.1,343.7
32#442.0,561.1;462.5,482.3;455.6,496.0;400.9,496.0;349.5,557.7;322.1,646.7;428.3,496.0;435.1,376.2;435.1,369.4;447.1,299.2;513.9,475.5;524.1,434.4;483.0,383.1;383.7,369.4;315.3,396.7;284.5,359.1
33#446.5,585.9;453.0,514.2;466.0,494.6;407.4,491.4;355.2,543.5;332.4,634.8;436.7,494.6;443.2,370.8;443.2,364.2;454.6,297.4;505.2,436.0;547.5,409.9;492.1,377.3;394.3,367.5;325.9,396.8;286.8,374.0
34#448.4,607.3;448.4,520.8;470.1,489.9;411.4,489.9;358.8,530.1;349.6,622.8;442.3,493.0;451.5,366.3;454.6,363.2;465.4,303.0;538.0,391.0;562.8,391.0;501.0,369.4;402.1,369.4;334.1,397.2;290.9,381.8
35#452.4,634.4;449.1,539.0;475.4,489.7;422.8,486.5;360.3,512.7;370.2,604.8;449.1,489.7;455.7,364.8;455.7,361.5;463.9,290.9;554.3,374.7;567.4,364.8;501.7,358.3;406.3,371.4;340.6,401.0;311.0,378.0
36#450.3,655.6;464.4,567.6;482.0,497.2;432.7,486.6;362.2,497.2;393.9,581.7;457.3,493.6;460.8,366.9;460.8,363.3;466.1,294.7;515.4,294.7;563.0,335.2;510.1,359.8;415.1,373.9;334.1,398.6;341.1,359.8
37#464.0,678.1;476.1,581.4;492.2,512.9;439.8,500.9;367.3,476.7;415.7,561.3;464.0,508.9;460.0,363.9;460.0,363.9;468.0,291.4;530.4,261.2;556.6,311.6;508.3,351.8;415.7,372.0;339.1,388.1;363.3,339.8
38#481.2,679.3;494.2,583.9;494.2,514.5;442.1,510.2;377.1,458.1;429.1,518.8;472.5,514.5;468.2,362.7;468.2,362.7;476.8,293.3;541.9,241.2;533.2,297.6;511.5,349.7;416.1,375.7;355.4,388.7;398.8,349.7
39#499.4,669.5;507.6,576.2;499.4,519.4;446.7,515.3;389.9,462.6;434.5,519.4;475.1,519.4;471.0,369.2;475.1,373.3;479.1,296.2;550.2,253.5;536.0,292.1;515.7,353.0;426.4,381.4;373.6,422.0;398.0,369.2
40#516.1,641.2;523.9,555.1;500.4,527.7;449.6,519.9;402.6,473.0;516.1,598.2;480.9,523.8;480.9,379.1;480.9,375.2;477.0,308.7;553.2,271.5;555.2,324.3;520.0,367.3;433.9,390.8;394.8,441.7;418.3,414.3
41#533.8,606.2;542.8,533.8;509.6,533.8;458.4,533.8;425.3,503.7;476.5,579.0;485.5,533.8;479.5,398.2;482.5,386.2;485.5,322.9;556.4,306.3;569.9,350.0;524.7,380.1;431.3,407.3;401.2,470.5;407.2,434.4
42#537.8,592.5;546.0,526.3;518.5,548.4;466.1,553.9;435.8,537.4;477.1,614.5;490.9,548.4;485.4,413.4;488.2,399.6;488.2,338.9;555.7,329.3;573.6,374.8;529.5,402.3;438.6,421.6;405.5,479.5;419.3,468.5
43#534.6,612.5;539.2,550.2;517.4,558.9;466.1,561.7;435.6,543.0;476.0,621.1;491.3,558.9;487.6,425.8;489.5,412.3;489.9,352.4;558.6,358.5;574.9,403.5;530.8,415.8;440.0,433.9;405.9,490.6;415.1,485.8
44#531.5,632.4;532.5,574.2;516.4,569.5;466.2,569.6;435.3,548.5;475.0,627.7;491.7,569.5;489.9,438.2;490.8,425.0;491.7,365.9;561.6,387.8;576.2,432.2;532.2,429.3;441.5,446.1;406.3,501.6;410.9,503.2
45#528.3,652.4;525.7,598.1;515.3,580.0;466.2,577.4;435.1,554.1;473.9,634.3;492.1,580.0;492.1,450.6;492.1,437.7;493.4,379.4;564.5,417.0;577.5,460.9;533.5,442.8;442.9,458.4;406.7,512.7;406.7,520.5
46#532.8,686.6;532.8,606.8;515.1,586.0;464.8,586.0;452.9,565.3;473.6,624.5;488.4,586.0;491.4,464.7;491.4,447.0;495.8,383.4;562.4,444.0;577.2,488.4;535.8,455.8;441.1,470.6;387.8,526.9;411.5,529.8
47#528.0,707.5;531.1,629.9;515.6,592.7;462.8,592.7;450.4,583.4;425.6,602.0;490.8,592.7;487.7,468.6;490.8,456.1;495.4,389.4;562.1,465.5;565.2,508.9;537.3,465.5;438.0,474.8;382.1,521.3;407.0,524.4
48#532.8,731.8;526.5,653.6;514.0,594.1;463.9,591.0;448.3,572.2;423.2,616.0;489.0,594.1;489.0,472.0;492.1,456.3;496.8,404.7;564.1,490.8;564.1,525.2;539.1,472.0;438.9,475.1;373.1,509.6;401.3,509.6
49#538.8,748.4;528.7,671.2;515.3,594.0;461.5,590.6;431.3,624.2;411.2,654.4;488.4,590.6;488.4,473.1;491.8,463.0;500.1,400.9;532.0,523.5;555.5,536.9;542.1,476.5;438.0,473.1;374.2,489.9;401.1,449.6
50#547.9,753.8;530.5,670.2;516.6,593.6;464.4,593.6;450.4,572.7;429.5,652.8;492.2,593.6;492.2,478.7;492.2,464.8;507.9,396.9;541.0,555.3;558.4,541.4;544.5,482.2;436.5,471.7;377.3,468.3;384.3,412.5
51#548.4,746.8;538.5,660.9;522.0,594.8;469.1,594.8;455.9,614.6;449.3,667.5;492.3,594.8;492.3,475.8;492.3,465.9;503.8,401.5;541.8,545.2;565.0,551.9;545.1,485.8;442.7,469.2;389.8,456.0;391.5,401.5
52#542.4,727.2;530.2,647.8;524.1,602.0;472.1,598.9;456.9,614.2;450.8,687.5;499.6,602.0;496.6,479.8;496.6,470.6;504.2,405.0;560.7,577.5;576.0,556.2;545.5,489.0;450.8,473.7;398.8,476.7;398.8,421.8
53#538.5,706.4;527.0,628.5;529.9,602.5;480.8,602.5;457.7,622.7;451.9,706.4;503.9,602.5;501.0,484.1;501.0,472.6;505.3,413.4;541.4,544.8;581.8,553.4;547.2,489.9;454.8,478.4;408.6,495.7;400.0,446.6
54#537.4,675.2;534.4,621.4;543.3,615.4;486.6,609.4;456.7,636.3;453.7,726.0;516.4,612.4;507.5,483.9;507.5,472.0;512.0,413.7;552.3,546.7;597.1,540.7;555.3,489.9;462.6,480.9;414.8,510.8;399.9,466.0
55#505.7,665.3;505.7,642.0;549.0,611.9;489.0,605.3;462.3,658.6;449.0,745.4;519.0,608.6;512.3,481.8;512.3,475.2;514.0,410.1;609.1,515.2;609.1,518.5;562.4,485.2;465.6,481.8;422.3,521.9;402.3,485.2
56#465.1,763.4;495.7,685.2;556.9,600.2;499.1,607.0;465.1,675.0;448.1,760.0;529.7,603.6;516.1,477.8;516.1,471.0;514.4,411.5;594.3,481.2;604.5,481.2;556.9,471.0;468.5,484.6;431.1,528.8;403.9,498.2
57#543.2,673.7;519.2,646.3;553.5,591.3;508.9,591.3;464.2,670.3;450.5,756.1;536.4,591.3;519.2,471.1;519.2,467.7;510.6,407.6;544.9,407.6;584.4,429.9;560.4,457.4;478.0,481.4;436.8,532.9;402.4,508.9
58#549.7,684.5;524.4,615.7;557.0,583.1;509.9,586.7;459.2,648.3;459.2,742.4;538.9,586.7;520.8,467.2;520.8,463.6;509.9,394.8;557.0,362.2;582.3,409.3;564.2,456.4;477.3,481.7;441.1,532.4;404.9,525.2
59#546.6,690.4;518.4,616.5;560.6,577.8;518.4,577.8;455.1,627.1;462.1,715.0;536.0,577.8;518.4,461.7;518.4,458.2;504.3,387.9;555.4,350.9;578.2,391.4;560.6,447.7;472.7,479.3;437.5,542.6;398.8,542.6
60#543.9,705.6;506.2,613.2;557.6,579.0;506.2,582.4;451.5,596.1;465.2,674.8;530.2,582.4;509.7,462.6;506.2,455.8;492.6,387.4;552.4,365.1;588.4,394.2;550.7,445.5;468.6,479.8;431.0,548.2;403.6,555.0
61#545.3,740.5;514.1,636.3;552.3,577.2;496.7,584.2;448.0,566.8;468.9,639.7;524.5,580.7;496.7,466.0;496.7,459.1;481.1,391.3;514.1,493.8;592.2,398.3;538.4,441.7;455.0,490.3;430.7,545.9;399.4,566.8
62#551.0,752.3;537.3,656.1;533.8,587.3;478.8,583.9;444.5,535.7;533.8,766.1;506.3,587.3;489.2,463.6;482.3,449.8;470.2,403.4;575.1,432.6;575.1,442.9;530.4,442.9;444.5,477.3;420.4,542.6;399.8,590.7
63#557.9,765.0;547.8,673.4;524.0,578.4;473.1,578.4;422.2,605.6;439.2,659.9;496.9,578.4;476.5,459.7;476.5,449.5;464.6,396.9;564.7,439.3;578.3,463.1;520.6,442.7;432.4,476.7;408.7,537.7;395.1,595.4
64#561.1,751.9;544.4,665.1;521.1,578.2;467.6,578.2;501.0,681.8;527.7,755.3;491.0,581.6;464.3,461.3;464.3,448.0;459.3,402.9;554.5,454.7;567.8,481.4;507.7,448.0;420.9,474.7;397.5,531.5;390.8,578.2
65#567.1,740.4;544.1,651.6;504.7,576.0;452.1,582.6;448.8,664.8;442.2,691.1;478.4,579.3;458.6,461.0;458.6,447.8;460.3,396.9;573.7,493.8;557.2,493.8;511.2,454.4;412.6,470.8;369.9,516.8;399.5,556.3
66#573.2,720.9;544.8,635.6;497.4,578.7;437.3,575.6;450.0,604.0;443.7,692.5;465.8,575.6;453.1,461.8;453.1,452.3;454.7,397.0;570.1,512.4;541.6,499.7;503.7,458.6;402.6,468.1;336.2,496.6;355.2,499.7
67#570.8,696.2;551.7,610.2;484.8,572.0;427.5,578.4;453.0,613.4;443.4,705.7;453.0,575.2;449.8,463.8;449.8,451.0;457.7,401.7;567.6,521.1;542.1,517.9;503.9,467.0;395.7,463.8;341.5,470.1;325.6,476.5
68#566.8,669.8;556.7,575.9;479.6,575.9;419.2,582.6;449.4,629.6;439.3,733.5;449.4,582.6;446.0,461.9;446.0,451.8;461.1,393.1;523.2,505.5;543.3,522.2;496.3,465.2;395.7,451.8;318.6,451.8;375.6,451.8
69#564.7,646.9;568.0,557.8;475.6,571.0;419.4,584.2;442.5,656.8;442.5,762.4;449.1,577.6;445.8,455.5;445.8,445.6;464.0,391.1;518.5,501.7;544.9,521.5;495.4,465.4;393.0,445.6;320.4,419.2;366.6,422.5
70#551.8,619.7;561.0,532.7;478.5,573.9;423.5,583.0;437.3,674.6;432.7,780.0;451.0,578.5;441.9,450.2;446.5,441.1;460.2,372.4;510.6,514.3;542.6,505.2;492.3,454.8;396.1,436.5;345.7,390.7;377.7,326.6
71#532.1,610.9;558.9,522.9;482.4,565.0;425.0,580.3;428.8,679.8;440.3,775.4;455.6,576.5;444.1,438.7;448.0,438.7;455.6,369.9;505.3,511.4;547.4,488.5;493.9,446.4;398.2,431.1;348.5,381.3;361.9,333.5
72#517.6,606.5;546.2,520.8;485.5,574.4;424.8,588.6;424.8,681.4;428.4,777.8;456.9,577.9;446.2,445.9;449.8,442.3;451.6,387.0;510.5,478.0;553.3,470.9;492.6,445.9;399.8,438.8;332.0,410.2;358.8,387.0
73#520.9,630.3;541.7,540.0;479.2,574.7;423.5,588.6;420.1,682.5;409.6,783.3;451.4,578.2;444.4,446.1;447.9,446.1;453.1,392.2;520.9,460.0;545.2,453.0;493.1,446.1;399.2,446.1;340.1,435.7;374.9,460.0
74#522.6,662.8;540.0,575.7;477.2,575.7;421.4,589.6;404.0,680.3;404.0,774.4;449.3,586.1;445.9,450.2;445.9,450.2;451.1,392.6;473.7,404.9;526.0,432.7;487.7,443.2;400.5,453.7;358.7,457.1;369.2,404.9
75#517.3,693.7;535.1,605.0;474.8,576.6;421.6,587.3;386.1,661.8;389.6,754.0;446.4,583.7;442.9,449.0;442.9,449.0;444.6,376.2;451.7,376.2;499.6,409.9;481.9,441.9;400.3,456.0;368.4,477.3;386.1,466.7
76#515.1,707.3;522.9,613.7;476.1,578.5;417.5,578.5;362.9,629.3;366.8,719.0;444.9,578.5;437.0,445.9;437.0,438.0;433.1,371.7;417.5,340.5;480.0,379.5;472.2,430.2;390.2,453.7;366.8,488.8;370.7,445.9
77#518.7,722.6;510.3,634.5;464.2,571.7;413.9,575.9;342.7,596.8;355.3,680.6;443.3,575.9;426.5,437.5;426.5,429.2;422.3,362.1;422.3,316.0;451.7,366.3;464.2,420.8;384.6,445.9;359.5,492.0;372.0,466.9
78#518.4,735.8;497.6,648.3;460.1,573.3;405.9,573.3;318.4,569.1;339.2,648.3;435.1,573.3;410.1,431.6;414.2,431.6;410.1,356.5;416.3,308.6;443.4,352.4;447.6,423.2;372.6,444.1;380.9,456.6;397.6,335.7
79#522.2,737.4;492.4,656.6;449.9,563.0;394.6,571.5;305.3,529.0;326.6,622.6;420.1,567.3;394.6,427.0;394.6,422.7;398.9,350.4;415.9,316.4;441.4,358.9;437.1,410.0;352.1,444.0;313.8,486.5;292.6,486.5
80#532.1,734.2;490.9,647.9;438.4,561.7;389.6,572.9;457.1,651.7;498.4,741.7;408.4,565.4;382.1,430.4;382.1,422.9;385.9,351.7;421.5,342.3;445.9,381.7;423.4,415.4;340.9,441.7;329.6,445.4;359.6,445.4
81#514.8,714.5;489.4,627.7;431.5,569.7;370.0,580.6;456.9,638.5;482.2,729.0;399.0,580.6;373.6,428.6;373.6,428.6;373.6,359.8;415.2,354.4;438.8,399.6;413.4,421.4;330.2,439.5;351.9,443.1;355.5,439.5
82#492.5,690.4;486.0,605.4;420.6,576.0;361.7,572.7;453.3,615.2;453.3,703.5;391.2,576.0;361.7,435.4;365.0,435.4;369.9,368.4;420.6,379.8;436.9,422.3;414.1,432.2;316.0,445.2;266.9,415.8;291.5,368.4
83#471.4,665.2;471.4,584.2;402.8,571.8;337.4,574.9;296.9,509.5;278.2,596.7;371.7,574.9;359.2,440.9;359.2,440.9;365.4,378.6;421.5,397.3;430.9,440.9;402.8,440.9;315.6,447.2;275.1,403.6;259.5,360.0
84#440.4,639.7;445.8,561.7;392.0,580.5;335.5,580.5;287.1,526.8;273.7,615.5;359.7,580.5;354.3,451.5;354.3,443.4;365.1,384.2;418.9,419.2;432.3,462.2;400.1,448.8;305.9,451.5;268.3,419.2;260.2,381.5
85#268.5,635.6;283.7,544.5;392.5,572.3;331.8,582.5;286.2,544.5;273.6,633.1;362.2,574.9;352.0,458.4;354.6,445.8;367.2,390.1;260.9,395.1;430.5,481.2;400.1,458.4;306.5,453.4;255.9,438.2;255.9,395.1
86#384.4,623.7;420.7,524.6;394.1,585.0;341.0,587.4;295.1,568.1;273.3,655.1;370.0,585.0;355.5,464.2;357.9,449.7;366.3,397.8;425.5,459.4;435.2,498.0;401.4,464.2;309.6,461.8;256.4,457.0;256.4,420.7
87#367.7,614.2;397.3,563.0;391.9,584.6;332.7,584.6;303.0,584.6;273.4,676.2;362.3,584.6;359.6,463.4;359.6,449.9;377.1,394.7;435.0,466.1;435.0,506.5;405.4,466.1;308.4,460.7;257.2,474.2;257.2,444.5
88#368.4,633.4;350.5,612.4;392.4,585.5;332.5,582.5;302.6,618.4;272.6,696.3;362.4,585.5;365.4,462.7;365.4,447.7;375.9,386.4;443.3,483.7;443.3,513.6;413.3,465.7;317.5,459.7;266.6,492.7;260.6,465.7
89#369.1,657.2;380.6,588.7;403.4,574.4;343.4,571.5;300.6,614.4;280.6,697.2;369.1,574.4;369.1,460.1;372.0,442.9;379.1,390.1;446.3,491.5;472.0,502.9;420.6,460.1;320.6,460.1;274.8,502.9;263.4,482.9
90#372.6,675.8;385.2,596.7;404.2,568.2;353.6,565.1;299.8,593.5;284.0,685.3;378.9,568.2;375.7,454.3;375.7,441.7;377.3,376.8;442.2,473.3;483.3,482.8;423.2,454.3;328.3,457.5;280.8,508.1;274.5,482.8
91#372.4,689.6;382.4,606.1;409.1,566.0;359.0,559.3;298.8,576.0;295.5,656.2;382.4,562.6;375.7,445.7;375.7,439.0;382.4,375.5;469.3,449.0;492.7,455.7;419.1,445.7;332.3,452.3;295.5,512.5;282.1,492.4
92#373.6,701.4;388.4,620.0;410.6,564.5;355.0,560.8;303.2,553.4;306.9,627.4;381.0,564.5;381.0,442.3;381.0,431.2;384.7,368.3;443.9,383.1;484.6,423.8;429.1,434.9;332.8,449.7;299.5,512.7;284.7,497.8
93#373.9,716.2;393.8,636.9;393.8,565.6;350.2,557.6;366.0,640.9;346.2,724.2;373.9,561.6;381.9,438.7;381.9,430.8;389.8,363.4;473.1,339.6;469.1,395.1;429.5,430.8;334.3,442.7;286.7,502.1;262.9,514.0
94#382.6,733.8;398.2,648.1;398.2,554.7;343.7,550.8;359.3,652.0;355.4,741.5;370.9,554.7;378.7,426.2;378.7,422.4;394.3,352.3;478.0,342.6;472.2,395.1;425.4,418.5;328.1,434.0;277.5,492.4;265.8,508.0
95#393.9,733.8;401.4,647.5;401.4,553.7;341.3,546.2;352.6,655.0;363.9,748.8;371.4,549.9;378.9,418.6;382.6,414.9;399.5,341.7;476.4,366.1;480.2,407.3;427.6,407.3;330.1,422.4;262.5,463.6;266.3,478.6
96#403.8,724.8;407.4,637.1;392.8,545.7;341.6,545.7;363.5,648.0;370.9,735.8;367.2,545.7;374.5,414.0;378.2,403.1;401.9,339.1;476.9,388.4;476.9,425.0;422.0,410.4;323.3,414.0;250.2,436.0;283.1,428.7
97#412.8,708.4;419.7,622.3;392.2,539.6;340.5,539.6;378.4,556.8;378.4,622.3;368.1,539.6;371.5,412.1;374.9,401.8;400.8,345.0;478.3,412.1;471.4,439.7;423.2,415.6;319.8,405.3;254.4,408.7;309.5,405.3
98#434.7,688.9;438.2,608.5;399.8,542.1;347.3,542.1;385.8,566.6;392.8,646.9;375.3,542.1;375.3,412.8;378.8,402.3;405.0,341.2;476.6,430.3;473.1,454.8;424.2,416.3;326.4,402.3;277.5,377.9;314.2,341.2
99#455.2,656.2;443.8,565.6;406.1,531.7;349.5,543.0;391.0,580.7;391.0,667.5;375.9,539.2;379.7,410.9;383.5,403.4;406.1,339.2;477.8,441.1;466.5,467.5;425.0,418.5;330.6,399.6;289.1,365.6;317.4,326.0
100#465.1,619.6;447.6,538.7;401.8,528.1;349.1,535.2;391.3,594.9;394.8,686.4;377.2,535.2;384.2,412.0;391.3,401.5;414.1,339.9;489.8,464.8;468.7,475.4;433.5,422.6;335.0,398.0;285.7,387.4;310.4,352.2
101#461.6,578.4;448.5,502.7;412.2,522.4;359.5,532.3;379.3,614.6;389.2,706.8;385.9,525.7;395.8,410.5;399.1,397.3;417.2,349.5;478.1,486.2;474.8,479.6;441.9,420.3;346.4,394.0;287.1,403.9;306.9,400.6
102#454.0,540.2;454.0,505.0;415.4,522.6;366.2,529.6;373.2,621.0;383.7,705.3;394.3,526.1;401.3,403.1;404.8,392.6;424.1,331.1;461.0,466.4;482.1,484.0;450.5,417.2;348.6,392.6;292.4,424.2;306.4,389.1
103#486.4,541.6;469.3,531.4;431.7,527.9;373.5,527.9;373.5,620.3;373.5,709.3;404.3,527.9;411.1,404.7;411.1,391.1;426.5,348.3;472.7,504.0;489.8,480.0;459.0,418.4;363.2,394.5;308.5,439.0;308.5,404.7
104#478.3,537.0;471.6,550.5;437.9,520.1;383.9,520.1;370.5,614.5;357.0,702.2;414.3,520.1;417.7,405.5;421.0,388.6;442.9,343.1;498.6,496.5;505.3,469.6;464.8,412.2;370.5,395.4;309.8,439.2;306.4,419.0
105#469.0,591.8;441.2,591.8;448.1,518.7;392.4,518.7;364.5,605.8;354.1,696.3;420.3,518.7;427.2,407.3;430.7,389.8;442.9,335.9;507.3,469.9;528.2,463.0;479.5,414.2;375.0,400.3;308.8,431.6;322.8,438.6
106#431.7,601.7;428.2,608.7;456.3,517.6;403.7,510.6;358.2,608.7;347.7,692.8;428.2,514.1;435.2,405.5;438.8,398.5;451.0,333.7;515.8,433.5;547.4,451.0;487.8,416.0;386.2,405.5;316.1,423.0;361.7,398.5
107#429.3,626.6;418.9,557.0;457.1,525.6;408.4,525.6;349.2,602.2;345.8,692.7;432.8,529.1;450.2,410.8;450.2,396.8;465.8,329.0;530.2,376.0;565.0,421.2;502.4,414.3;394.5,403.8;321.4,417.7;359.7,376.0
108#430.9,643.6;417.3,555.3;471.6,538.3;424.1,531.6;339.3,599.4;346.0,687.7;444.5,535.0;461.5,409.4;461.5,406.0;475.0,338.1;542.9,344.9;559.9,395.8;505.6,412.7;410.5,406.0;335.9,399.2;369.8,351.6
109#431.3,668.3;410.3,574.0;480.1,546.0;434.7,542.5;337.0,584.4;347.4,671.7;455.7,546.0;466.2,409.8;469.7,413.3;483.6,347.0;553.5,322.5;553.5,378.4;511.6,416.8;420.8,409.8;357.9,392.4;378.9,350.5
110#432.2,693.5;407.8,602.6;488.2,560.6;442.7,550.1;341.3,564.1;358.8,648.1;467.2,553.6;477.7,417.2;477.7,417.2;488.2,354.2;552.9,335.0;561.7,385.7;523.2,420.7;432.2,417.2;365.8,410.2;383.3,371.7
111#433.8,716.9;416.4,619.6;492.9,564.0;451.2,550.1;346.9,543.2;371.2,623.1;472.0,557.0;482.4,425.0;482.4,421.5;494.6,357.3;557.1,357.3;576.2,407.6;527.6,425.0;433.8,421.5;371.2,432.0;385.1,397.2
112#437.7,734.0;437.7,638.7;498.9,567.2;454.7,557.0;366.2,523.0;386.6,604.7;475.1,560.4;492.1,424.2;492.1,420.8;504.0,361.3;556.8,376.6;587.4,424.2;536.4,424.2;444.5,424.2;383.2,448.1;383.2,410.6
113#444.9,748.1;468.9,655.7;499.7,570.2;448.3,553.1;376.5,505.2;397.0,590.7;475.7,559.9;492.8,426.5;496.2,416.2;508.2,380.3;557.8,395.7;588.6,440.2;537.3,426.5;448.3,426.5;397.0,460.7;393.6,436.7
114#473.3,735.3;490.6,645.2;511.4,555.2;462.9,544.8;383.2,506.7;407.4,600.2;487.1,548.2;494.1,427.0;497.5,416.6;509.6,362.9;556.4,420.0;587.6,458.1;539.1,430.4;449.0,423.5;404.0,472.0;390.1,447.7
115#494.1,719.9;507.8,637.8;521.5,548.9;470.2,531.8;384.7,524.9;412.1,613.9;497.5,538.6;494.1,425.8;497.5,412.1;509.5,345.4;552.3,432.6;593.3,463.4;542.0,429.2;442.8,422.3;408.6,477.1;395.0,460.0
116#514.6,692.9;536.3,610.9;525.5,541.1;473.5,527.6;393.5,542.9;413.8,634.8;500.1,533.2;498.9,421.3;503.2,405.9;517.0,346.2;558.6,430.0;602.7,457.9;548.6,424.6;447.9,417.9;403.1,465.0;411.8,443.1
117#535.1,665.8;564.8,583.9;529.6,533.4;476.8,523.5;402.2,561.0;415.5,655.6;502.7,527.8;503.6,416.9;509.0,399.7;524.5,347.1;565.0,427.5;612.2,452.5;555.3,420.1;453.0,413.6;397.6,452.8;428.7,426.1
118#555.6,638.8;593.3,557.0;533.6,525.6;480.1,519.3;411.0,579.0;417.2,676.5;505.3,522.4;508.4,412.4;514.7,393.5;532.0,347.9;571.3,424.9;621.6,447.0;561.9,415.5;458.1,409.2;392.1,440.7;445.5,409.2
119#580.2,607.1;618.7,530.1;534.7,530.1;478.8,533.6;426.3,603.6;419.3,694.5;506.7,533.6;520.7,404.2;520.7,393.7;540.0,336.0;587.2,411.2;625.7,425.2;569.7,404.2;471.8,400.7;408.8,414.7;454.3,365.7
120#601.9,592.5;632.0,509.7;545.5,536.1;485.3,539.8;447.6,618.8;417.6,709.1;515.4,536.1;530.4,396.9;534.2,389.3;549.2,325.4;575.5,355.5;620.7,393.1;579.3,400.6;485.3,393.1;443.9,389.3;474.0,340.4
121#626.4,587.1;642.0,497.4;560.1,532.5;497.8,532.5;451.0,618.2;415.9,704.0;528.9,532.5;540.6,396.0;544.5,388.2;556.2,322.0;571.8,314.2;603.0,364.9;579.6,396.0;497.8,396.0;606.9,368.7;575.7,310.3
122#662.1,590.4;662.1,500.6;583.1,540.1;514.9,540.1;450.2,601.2;428.7,687.4;547.2,536.5;550.8,400.0;550.8,392.9;558.0,328.2;579.5,299.5;597.5,346.2;593.9,396.4;507.7,400.0;479.0,403.6;504.1,353.3
123#690.4,599.4;669.1,510.8;594.7,539.2;527.3,539.2;452.9,581.7;456.4,663.2;566.3,542.7;559.2,408.0;559.2,397.4;562.8,333.6;577.0,315.8;608.9,369.0;601.8,400.9;516.7,408.0;488.3,425.7;506.1,372.6
124#712.8,618.9;685.8,528.6;610.6,555.7;547.4,558.7;457.2,561.7;490.2,642.9;580.5,555.7;562.4,417.4;562.4,408.3;565.4,342.2;583.5,345.2;613.6,384.3;604.5,414.3;517.3,423.4;499.3,444.4;511.3,396.3
125#722.5,644.1;694.7,552.5;622.5,558.0;555.8,569.2;467.0,549.7;525.3,624.7;591.9,558.0;564.2,427.5;564.2,413.6;565.6,351.1;578.1,372.0;603.1,394.2;614.2,416.4;517.0,435.8;505.8,471.9;519.7,424.7
126#727.0,669.9;703.1,577.3;631.4,559.4;568.7,568.3;473.1,553.4;559.8,619.1;598.6,559.4;565.7,436.9;562.7,422.0;561.2,360.8;580.7,460.8;616.5,466.8;616.5,431.0;517.9,442.9;515.0,493.7;538.8,466.8
127#729.4,684.0;704.9,595.5;640.9,549.8;576.8,562.0;485.3,577.2;570.7,635.2;610.4,562.0;561.6,433.8;561.6,424.7;563.1,365.2;598.2,461.3;634.8,452.1;607.3,418.6;512.7,449.1;518.8,507.0;521.9,494.8
128#734.1,683.6;706.1,593.5;637.8,550.0;578.7,562.4;507.3,596.6;584.9,668.1;609.8,553.1;563.2,435.0;563.2,419.5;561.6,362.0;619.1,435.0;650.2,450.6;609.8,419.5;513.5,447.4;501.0,509.6;507.3,490.9
129#735.4,672.8;709.8,586.5;633.2,541.8;575.6,560.9;524.5,612.1;588.4,692.0;604.4,551.4;559.7,433.1;562.9,417.2;561.3,358.0;620.4,426.7;665.1,439.5;607.6,417.2;511.7,442.7;470.2,500.2;479.8,477.9
130#723.5,647.5;707.1,565.5;628.4,539.3;572.7,555.7;539.9,624.6;589.1,709.8;602.2,552.4;562.8,427.8;562.8,418.0;567.8,357.3;635.0,388.5;674.3,427.8;612.0,418.0;513.7,434.4;444.8,473.7;477.6,450.8
131#715.6,625.2;705.2,538.6;625.5,542.1;570.1,562.9;563.2,646.0;594.3,729.2;597.8,552.5;566.6,420.8;570.1,413.9;575.3,349.8;656.7,355.0;674.0,413.9;618.6,413.9;518.1,424.3;441.9,438.1;473.1,403.5
132#704.9,598.5;697.2,513.5;627.6,548.3;565.7,567.6;573.5,652.7;588.9,741.6;596.7,556.0;565.7,416.9;569.6,413.0;581.2,347.3;677.8,370.5;685.6,401.4;619.9,413.0;519.4,420.7;453.6,405.3;457.5,355.0
133#685.7,583.8;685.7,497.6;624.2,546.8;566.7,571.5;566.7,653.5;570.8,739.7;595.5,555.0;570.8,419.6;570.8,415.5;583.2,349.9;689.8,395.0;685.7,423.7;624.2,415.5;525.7,419.6;468.3,399.1;451.8,349.9
134#657.6,572.0;671.8,486.5;625.5,547.1;572.1,561.3;550.7,646.8;568.5,732.3;600.6,550.6;575.7,426.0;575.7,418.8;581.0,349.4;686.1,401.0;686.1,436.6;629.1,422.4;525.8,426.0;458.1,422.4;451.0,376.1
135#633.3,586.9;642.8,536.0;630.1,545.6;569.7,558.3;534.7,618.7;563.3,704.6;601.5,555.1;579.2,434.3;579.2,424.7;584.0,365.9;687.3,440.6;687.3,456.5;626.9,431.1;534.7,434.3;458.4,437.5;452.0,396.1
136#612.7,599.7;639.0,535.4;627.3,553.0;568.9,564.6;531.0,596.8;560.2,669.8;601.1,555.9;583.5,439.1;583.5,427.4;585.0,367.5;685.7,453.7;682.8,477.0;636.1,439.1;533.9,442.0;458.0,450.8;452.1,412.8
137#615.1,617.1;636.1,548.7;619.0,546.6;561.0,555.2;538.4,590.1;560.4,666.8;592.4,548.9;584.7,435.1;584.7,423.6;590.4,362.0;677.7,459.4;678.9,479.5;635.9,437.2;534.4,435.3;461.7,450.1;454.2,419.0
138#617.4,634.4;633.2,562.0;610.7,540.2;553.1,545.8;545.9,583.4;560.6,663.8;583.7,542.0;585.8,431.1;585.8,419.8;595.9,356.4;669.7,465.2;675.0,482.0;635.7,435.3;534.9,428.6;465.5,449.4;456.3,425.1
139#619.8,651.8;630.3,575.4;602.4,533.9;545.3,536.4;553.3,576.7;560.8,660.8;575.0,535.0;587.0,427.0;587.0,416.0;601.3,350.9;661.6,470.9;671.0,484.4;635.5,433.4;535.5,421.8;469.2,448.6;458.4,431.3
140#622.1,669.1;627.4,588.7;594.1,527.5;537.4,527.0;560.8,570.0;561.0,657.8;566.3,528.1;588.1,423.0;588.1,412.2;606.8,345.3;653.6,476.7;667.1,486.9;635.3,431.5;536.0,415.1;473.0,447.9;460.5,437.4
141#624.5,686.5;624.5,602.0;585.8,521.1;529.5,517.6;568.2,563.3;561.2,654.8;557.6,521.1;589.3,419.0;589.3,408.4;612.2,339.8;645.6,482.4;663.2,489.4;635.1,429.6;536.5,408.4;476.7,447.2;462.6,443.6
142#646.5,693.0;621.4,606.8;585.4,516.9;520.7,513.3;567.4,574.4;563.8,664.3;556.6,513.3;585.4,409.0;589.0,391.0;616.0,324.5;650.1,491.7;657.3,480.9;639.3,419.8;531.5,398.2;459.5,423.4;459.5,491.7
143#652.9,684.9;623.2,599.6;582.4,506.8;519.4,503.1;563.9,584.7;563.9,681.2;549.1,506.8;582.4,395.6;589.9,380.7;617.7,312.1;634.4,484.6;645.5,469.7;634.4,410.4;526.8,380.7;456.3,391.9;508.3,362.2
144#653.3,670.6;628.3,584.9;571.1,495.5;513.9,495.5;549.6,592.0;560.3,688.5;542.5,495.5;581.8,381.1;585.4,370.4;615.7,307.8;621.1,459.8;635.4,459.8;631.8,402.6;528.2,363.2;474.6,345.4;530.0,307.8
145#654.8,655.0;639.8,565.1;568.7,475.2;512.5,482.7;527.4,591.3;549.9,688.7;542.4,478.9;579.9,366.6;583.6,362.8;609.9,299.1;602.4,441.5;617.3,445.2;624.8,389.0;534.9,340.3;512.5,306.6;540.6,286.0
146#672.2,640.0;643.7,547.3;558.1,465.2;508.2,468.8;515.3,586.5;522.5,682.8;533.2,468.8;579.5,361.8;579.5,354.7;606.3,292.3;593.8,415.3;597.3,436.7;615.2,379.6;540.3,340.4;549.2,292.3;558.1,390.3
147#683.1,630.8;643.1,539.8;559.5,467.1;501.3,467.1;501.3,579.8;494.0,678.0;530.4,467.1;574.0,354.4;574.0,347.1;601.3,283.5;595.8,416.2;584.9,434.4;606.7,372.6;544.9,328.9;557.6,283.5;572.2,276.2
