1#761.6,683.8;879.7,745.0;901.5,618.2;875.3,635.7;879.7,766.9;879.7,871.8;879.7,622.5;818.4,504.5;827.2,513.2;779.1,447.6;763.8,401.7;800.9,438.9;844.7,487.0;783.5,526.3;735.4,478.2;685.1,410.5
2#761.4,683.9;879.8,745.3;901.8,618.1;875.4,635.6;879.8,767.2;879.8,868.1;879.8,626.9;822.8,508.4;827.2,512.8;778.9,447.0;763.6,400.9;805.3,451.4;844.7,486.5;783.3,526.0;735.1,482.1;684.6,409.7
3#884.6,844.5;880.2,738.5;906.7,614.9;880.2,637.0;884.6,765.0;880.2,871.0;893.4,628.1;818.4,508.9;827.2,513.3;778.6,447.1;763.2,396.3;805.1,447.1;849.3,491.2;783.0,522.1;734.5,478.0;685.9,411.7
4#760.4,686.6;881.3,742.8;902.9,617.5;877.0,634.8;881.3,764.4;881.3,868.0;885.6,630.5;820.8,505.3;825.2,509.6;777.7,444.8;762.5,412.4;807.9,444.8;855.4,483.7;782.0,522.5;734.5,479.4;693.4,412.4
5#757.2,690.9;882.2,742.7;903.8,617.6;877.9,634.8;882.2,764.2;882.2,872.0;890.8,621.9;821.8,505.5;826.2,509.8;778.7,445.1;763.6,412.7;804.6,445.1;856.3,492.5;783.0,522.7;735.6,479.6;686.0,412.7
6#760.4,687.8;827.9,668.6;909.9,625.2;885.7,644.4;880.9,760.2;880.9,871.1;885.7,630.0;818.2,504.6;823.1,514.2;779.7,441.9;733.8,343.1;784.5,413.0;852.0,495.0;784.5,523.9;726.6,466.0;683.2,413.0
7#887.8,854.7;833.4,700.1;904.5,616.5;871.1,633.2;875.2,762.8;879.4,867.3;883.6,624.9;820.9,503.6;825.1,503.6;779.1,440.9;772.8,409.6;820.9,453.5;858.5,486.9;783.3,512.0;733.1,466.0;680.9,418.0
8#844.1,800.3;816.2,670.9;896.9,615.2;866.3,630.5;844.1,747.4;867.7,851.8;878.8,623.6;819.0,499.7;823.1,499.7;780.0,434.3;761.2,391.9;821.7,462.1;857.9,485.8;781.4,508.1;729.9,464.9;682.6,416.3
9#800.5,746.0;799.0,641.8;889.2,613.9;861.5,627.7;812.9,732.0;855.9,836.2;874.0,622.2;817.0,495.8;821.2,495.8;780.9,427.7;749.7,374.3;822.6,470.8;857.3,484.6;779.5,504.1;726.7,463.8;684.3,414.5
10#756.8,691.6;781.8,612.6;881.6,612.6;856.7,625.0;781.8,716.6;844.2,820.7;869.2,620.9;815.1,491.9;819.2,491.9;781.8,421.1;738.1,356.6;823.4,479.4;856.7,483.5;777.6,500.2;723.5,462.7;686.0,412.8
11#752.7,690.7;772.7,611.5;866.6,604.0;837.8,615.0;761.1,688.6;814.3,789.7;851.9,611.4;800.8,483.3;804.4,483.3;768.4,412.7;739.4,358.5;818.6,471.4;841.9,472.8;763.0,492.9;713.8,465.5;681.5,419.7
12#748.6,689.8;763.6,610.4;851.6,595.4;818.8,605.1;740.4,660.6;784.4,758.8;834.5,601.9;786.5,474.6;789.6,474.6;755.0,404.2;740.8,360.4;813.9,463.4;827.1,462.1;748.3,485.6;704.0,468.4;677.1,426.6
13#744.5,688.9;754.4,609.3;836.7,586.8;799.9,595.1;719.7,632.6;754.5,727.8;817.2,592.4;772.1,466.0;774.9,466.0;741.5,395.8;742.1,362.3;809.1,455.4;812.2,451.4;733.7,478.3;694.3,471.2;672.6,433.5
14#740.4,688.0;745.3,608.2;821.7,578.2;780.9,585.1;699.0,604.6;724.6,696.9;799.9,582.9;757.8,457.4;760.1,457.4;728.1,387.4;743.5,364.2;804.3,447.4;797.4,440.7;719.1,471.0;684.5,474.0;668.2,440.4
15#736.3,687.0;736.2,607.0;806.7,569.7;762.0,575.2;678.2,576.7;694.8,665.9;782.5,573.3;743.5,448.7;745.3,448.7;714.7,378.9;744.8,366.2;799.6,439.5;782.6,430.1;704.4,463.6;674.8,476.9;663.7,447.2
16#732.2,686.1;727.1,605.9;791.7,561.1;743.0,565.2;657.5,548.7;664.9,635.0;765.2,563.8;729.2,440.1;730.5,440.1;701.3,370.5;746.2,368.1;794.8,431.5;767.8,419.4;689.8,456.3;665.0,479.7;659.3,454.1
17#728.1,685.2;717.9,604.8;776.8,552.5;724.1,555.2;636.8,520.7;635.0,604.0;747.9,554.3;714.8,431.5;715.8,431.5;687.8,362.1;747.5,370.0;790.0,423.5;752.9,408.7;675.2,449.0;655.3,482.5;654.8,461.0
18#724.0,684.3;708.8,603.7;761.8,543.9;705.1,545.3;616.1,492.7;605.1,573.1;730.5,544.8;700.5,422.8;701.0,422.8;674.4,353.6;748.9,371.9;785.3,415.5;738.1,398.0;660.5,441.7;645.5,485.4;650.4,467.9
19#719.9,683.4;699.7,602.6;746.8,535.3;686.2,535.3;595.4,464.7;575.2,542.1;713.2,535.3;686.2,414.2;686.2,414.2;661.0,345.2;750.2,373.8;780.5,407.5;723.3,387.3;645.9,434.4;635.8,488.2;645.9,474.8
20#723.6,687.3;709.7,610.9;713.2,520.7;661.1,527.6;560.5,454.7;560.5,534.6;685.4,524.2;664.6,402.7;664.6,406.2;642.1,331.5;734.0,354.1;765.3,392.3;706.3,381.9;619.5,420.0;609.1,465.2;567.4,517.2
21#727.4,696.9;706.3,609.3;695.8,518.1;643.2,518.1;527.5,458.5;559.1,553.2;671.3,518.1;650.2,391.9;653.8,398.9;631.0,323.5;783.5,416.5;751.9,384.9;695.8,377.9;604.7,405.9;573.1,412.9;580.1,367.4
22#710.6,696.8;685.5,603.6;678.3,528.3;624.5,524.7;517.0,474.6;560.0,571.3;649.6,528.3;631.7,388.5;631.7,392.1;628.1,313.3;656.8,320.4;714.1,359.9;674.7,374.2;588.7,395.7;542.1,374.2;552.9,313.3
23#687.1,681.4;663.3,599.2;661.3,529.7;608.0,526.7;510.0,489.5;554.8,583.5;632.9,529.7;621.9,391.3;621.9,394.3;622.8,316.9;642.2,321.7;691.1,369.2;663.9,380.6;579.3,396.2;534.3,372.1;546.4,310.4
24#663.5,665.9;641.2,594.8;644.2,531.1;591.5,528.7;503.0,504.3;549.6,595.7;616.1,531.1;612.0,394.2;612.0,396.6;617.5,320.5;627.7,323.0;668.1,378.5;653.1,386.9;569.9,396.7;526.5,370.1;539.9,307.6
25#640.0,650.5;619.0,590.5;627.2,532.6;575.1,530.8;496.1,519.2;544.5,608.0;599.4,532.6;602.2,397.0;602.2,398.8;612.2,324.0;613.1,324.2;645.1,387.7;642.2,393.2;560.5,397.3;518.7,368.0;533.3,304.7
26#616.5,635.1;596.8,586.1;610.2,534.0;558.6,532.8;489.1,534.1;539.3,620.2;582.7,534.0;592.4,399.8;592.4,401.0;606.9,327.6;598.5,325.5;622.1,397.0;631.4,399.6;551.1,397.8;510.9,365.9;526.8,301.8
27#592.9,619.6;574.7,581.7;593.1,535.4;542.1,534.8;482.1,548.9;534.1,632.4;565.9,535.4;582.5,402.7;582.5,403.3;601.6,331.2;584.0,326.8;599.1,406.3;620.6,405.9;541.7,398.3;503.1,363.9;520.3,299.0
28#569.4,604.2;552.5,577.3;576.1,536.8;525.6,536.8;475.1,563.8;528.9,644.6;549.2,536.8;572.7,405.5;572.7,405.5;596.3,334.8;569.4,328.1;576.1,415.6;609.8,412.3;532.3,398.8;495.3,361.8;513.8,296.1
29#563.9,613.5;549.0,582.5;569.2,540.5;519.2,539.7;475.3,569.2;525.1,650.5;542.6,540.3;569.8,409.7;570.2,409.1;595.4,339.5;570.1,342.5;576.1,425.1;606.9,417.4;530.1,401.2;493.8,370.1;513.2,309.3
30#558.4,622.7;545.6,587.6;562.2,544.2;512.9,542.6;475.5,574.6;521.4,656.5;535.9,543.8;566.8,413.8;567.6,412.6;594.5,344.2;570.7,356.9;576.2,434.6;604.1,422.6;527.9,403.6;492.4,378.4;512.5,322.5
31#552.9,632.0;542.1,592.8;555.3,548.0;506.5,545.6;475.6,580.1;517.6,662.4;529.3,547.4;563.9,418.0;565.1,416.2;593.5,348.9;571.4,371.2;576.2,444.1;601.2,427.7;525.7,406.0;490.9,386.7;511.9,335.7
32#547.4,641.2;538.7,598.0;548.4,551.7;500.2,548.5;475.8,585.5;513.8,668.4;522.6,550.9;561.0,422.2;562.6,419.7;592.6,353.6;572.1,385.6;576.3,453.6;598.4,432.8;523.5,408.3;489.4,394.9;511.2,348.9
33#541.8,650.5;535.2,603.1;541.5,555.4;493.8,551.4;476.0,590.9;510.0,674.3;516.0,554.4;558.0,426.3;560.0,423.3;591.7,358.3;572.7,400.0;576.3,463.1;595.5,438.0;521.3,410.7;487.9,403.2;510.6,362.0
34#536.3,659.8;531.7,608.3;534.6,559.1;487.5,554.3;476.2,596.3;506.2,680.3;509.4,557.9;555.1,430.5;557.5,426.9;590.8,363.0;573.4,414.4;576.4,472.6;592.6,443.1;519.1,413.1;486.4,411.5;509.9,375.2
35#530.8,669.0;528.3,613.5;527.6,562.8;481.1,557.3;476.4,601.7;502.5,686.2;502.7,561.4;552.2,434.6;555.0,430.4;589.9,367.7;574.0,428.7;576.4,482.1;589.8,448.2;516.9,415.5;485.0,419.8;509.3,388.4
36#525.3,678.3;524.8,618.7;520.7,566.6;474.8,560.2;476.5,607.2;498.7,692.2;496.1,565.0;549.3,438.8;552.5,434.0;588.9,372.4;574.7,443.1;576.5,491.6;586.9,453.3;514.7,417.9;483.5,428.1;508.6,401.6
37#519.8,687.6;521.3,623.8;513.8,570.3;468.4,563.1;476.7,612.6;494.9,698.1;489.5,568.5;546.3,443.0;549.9,437.6;588.0,377.1;575.4,457.5;576.5,501.1;584.0,458.5;512.5,420.3;482.0,436.4;508.0,414.8
38#514.3,696.8;517.9,629.0;506.9,574.0;462.0,566.0;476.9,618.0;491.1,704.0;482.8,572.0;543.4,447.1;547.4,441.1;587.1,381.8;576.0,471.9;576.5,510.6;581.2,463.6;510.3,422.7;480.6,444.7;507.4,428.0
39#508.8,706.1;514.4,634.2;499.9,577.7;455.7,569.0;477.1,623.4;487.4,710.0;476.2,575.5;540.5,451.3;544.9,444.7;586.2,386.5;576.7,486.2;576.6,520.1;578.3,468.7;508.1,425.1;479.1,453.0;506.7,441.2
40#503.3,715.3;511.0,639.3;493.0,581.4;449.3,571.9;477.3,628.8;483.6,715.9;469.5,579.0;537.5,455.5;542.3,448.2;585.3,391.2;577.4,500.6;576.6,529.6;575.5,473.9;505.9,427.4;477.6,461.2;506.1,454.4
41#497.7,724.6;507.5,644.5;486.1,585.1;443.0,574.8;477.5,634.2;479.8,721.9;462.9,582.5;534.6,459.6;539.8,451.8;584.4,395.9;578.0,515.0;576.7,539.1;572.6,479.0;503.7,429.8;476.1,469.5;505.4,467.5
42#492.2,733.9;504.0,649.7;479.2,588.9;436.6,577.8;477.6,639.7;476.0,727.8;456.3,586.1;531.7,463.8;537.3,455.4;583.4,400.6;578.7,529.4;576.7,548.6;569.7,484.1;501.5,432.2;474.7,477.8;504.8,480.7
43#486.7,743.1;500.6,654.8;472.2,592.6;430.3,580.7;477.8,645.1;472.3,733.8;449.6,589.6;528.7,467.9;534.7,458.9;582.5,405.3;579.3,543.7;576.8,558.1;566.9,489.3;499.3,434.6;473.2,486.1;504.1,493.9
44#481.2,752.4;497.1,660.0;465.3,596.3;423.9,583.6;478.0,650.5;468.5,739.7;443.0,593.1;525.8,472.1;532.2,462.5;581.6,410.0;580.0,558.1;576.8,567.6;564.0,494.4;497.1,437.0;471.7,494.4;503.5,507.1
45#494.9,760.3;488.1,675.4;471.1,597.2;430.3,573.4;481.3,655.0;474.5,750.1;447.3,583.6;532.3,464.7;535.7,457.9;590.1,403.5;562.9,553.0;576.5,566.6;566.3,488.5;501.7,427.3;469.4,398.4;483.0,398.4
46#507.6,767.6;497.1,680.8;472.9,594.0;420.8,569.7;469.4,660.0;479.8,750.2;448.6,583.6;528.4,451.7;535.3,451.7;594.3,399.7;556.1,555.9;577.0,576.7;566.6,486.4;497.1,420.5;450.3,387.5;497.1,399.7
47#507.5,767.3;497.1,680.6;472.9,594.0;420.9,569.8;469.4,659.9;479.8,753.4;448.6,583.6;528.3,452.0;535.2,452.0;594.1,400.0;556.0,555.9;576.8,576.7;566.4,486.6;497.1,420.8;450.4,387.9;497.1,400.0
48#509.6,771.6;509.6,673.5;482.5,585.6;421.7,572.1;479.2,656.6;482.5,751.3;452.1,578.8;529.9,457.1;540.0,450.4;592.4,401.4;577.2,616.0;587.4,568.7;567.1,487.6;499.5,426.7;464.0,401.4;479.2,423.3
49#514.5,766.2;524.5,666.8;484.7,590.6;428.4,570.7;484.7,660.2;488.0,752.9;458.2,580.7;531.1,461.4;541.0,451.5;585.8,403.4;580.8,613.8;590.7,564.1;570.8,487.9;498.0,428.3;453.2,403.4;488.0,590.6
50#529.7,760.8;538.4,657.1;482.2,596.6;430.4,579.3;508.1,622.5;482.2,683.0;456.3,583.6;534.0,458.3;538.4,458.3;585.9,397.8;577.2,596.6;603.2,553.4;577.2,488.6;490.8,432.4;443.3,363.3;484.4,296.3
51#549.1,757.3;553.4,653.5;492.8,593.0;440.9,584.3;514.5,631.9;475.5,709.7;466.9,593.0;536.1,463.2;540.4,458.9;583.6,402.7;566.3,554.0;622.6,545.4;583.6,484.9;492.8,437.3;449.6,372.4;462.6,298.9
52#575.6,742.5;563.0,641.6;495.7,603.7;449.4,591.1;512.5,645.8;470.4,725.7;474.7,595.3;537.8,464.9;537.8,460.7;579.8,406.0;588.2,511.1;638.7,523.8;584.0,485.9;491.5,443.8;441.0,380.7;462.0,317.6
53#578.6,725.5;565.8,628.2;506.6,602.1;457.9,591.6;505.8,654.2;467.6,734.8;484.4,595.0;538.5,463.8;537.8,461.1;575.1,403.1;592.2,479.1;634.3,501.3;584.0,482.1;492.2,444.7;442.4,393.7;462.2,331.8
54#581.6,708.5;568.5,614.8;517.5,600.4;466.4,592.0;499.1,662.6;464.9,743.9;494.1,594.8;539.3,462.8;537.8,461.6;570.4,400.2;596.2,447.0;629.9,478.8;584.1,478.4;492.9,445.6;443.7,406.7;462.4,346.0
55#584.6,691.4;571.3,601.3;528.3,598.8;474.9,592.5;492.5,671.1;462.1,752.9;503.9,594.5;540.0,461.8;537.7,462.0;565.7,397.4;600.2,415.0;625.4,456.2;584.1,474.6;493.6,446.6;445.1,419.6;462.5,360.1
56#587.6,674.4;574.1,587.9;539.2,597.1;483.4,592.9;485.8,679.5;459.3,762.0;513.6,594.3;540.8,460.7;537.7,462.4;561.0,394.5;604.2,382.9;621.0,433.7;584.2,470.8;494.3,447.5;446.4,432.6;462.7,374.3
57#590.6,657.4;576.8,574.5;550.1,595.5;491.9,593.4;479.1,687.9;456.6,771.1;523.3,594.0;541.5,459.6;537.7,462.9;556.3,391.6;608.2,350.9;616.6,411.2;584.2,467.1;495.0,448.4;447.8,445.6;462.9,388.5
58#593.6,640.4;579.6,561.1;561.0,593.8;500.4,593.8;472.4,696.3;453.8,780.2;533.0,593.8;542.3,458.6;537.7,463.3;551.6,388.7;612.2,318.8;612.2,388.7;584.3,463.3;495.7,449.3;449.1,458.6;463.1,402.7
59#589.5,639.6;580.2,556.3;561.7,593.4;496.9,593.4;473.8,695.1;455.3,783.1;533.9,593.4;543.2,459.2;538.6,463.8;552.4,385.1;612.6,320.4;612.6,389.8;584.8,463.8;496.9,449.9;450.7,459.2;464.5,399.0
60#606.4,619.0;602.1,553.8;571.7,593.0;510.8,593.0;476.0,688.6;445.6,779.9;541.2,593.0;536.9,458.2;536.9,453.8;545.6,379.9;610.8,310.4;602.1,379.9;580.3,453.8;493.4,453.8;454.3,475.6;467.3,419.0
61#602.1,617.5;595.7,571.0;572.9,587.6;513.6,590.0;478.7,666.5;457.5,762.2;543.6,590.0;530.8,455.2;530.8,451.9;535.7,378.8;608.2,319.9;602.9,382.8;576.1,447.9;486.9,455.9;454.4,486.7;464.1,437.0
62#597.9,616.0;589.3,588.2;574.1,582.1;516.4,587.0;481.4,644.4;469.4,744.6;546.1,587.0;524.6,452.1;524.6,449.9;525.8,377.7;605.7,329.3;603.8,385.8;572.0,441.9;480.4,458.0;454.4,497.8;460.9,455.1
63#593.6,614.5;582.9,605.4;575.3,576.7;519.2,583.9;484.0,622.3;481.2,726.9;548.5,583.9;518.5,449.1;518.5,448.0;515.8,376.6;603.1,338.8;604.6,388.7;567.8,436.0;473.9,460.1;454.5,508.9;457.8,473.1
64#589.4,613.0;576.5,622.6;576.5,571.3;522.0,580.9;486.7,600.2;493.1,709.3;550.9,580.9;512.4,446.1;512.4,446.1;505.9,375.5;600.6,348.3;605.4,391.6;563.7,430.1;467.4,462.2;454.6,520.0;454.6,491.1
65#588.8,612.2;576.1,621.8;576.1,570.9;522.1,580.4;487.1,599.5;493.4,707.6;550.7,580.4;512.5,446.9;512.5,446.9;506.2,373.8;600.0,349.9;607.9,392.8;563.4,431.0;468.0,462.8;452.1,520.0;455.3,491.4
66#588.4,611.3;574.9,618.3;574.5,571.4;519.8,579.9;485.4,601.9;491.7,709.1;548.7,580.1;513.3,446.9;513.3,446.3;507.7,373.8;599.8,360.3;608.4,400.5;564.4,432.4;468.3,460.9;450.1,516.4;453.1,486.7
67#587.9,610.4;573.7,614.8;572.9,571.9;517.5,579.4;483.7,604.3;490.0,710.6;546.8,579.8;514.1,447.0;514.1,445.8;509.2,373.8;599.7,370.7;608.9,408.2;565.3,433.8;468.6,458.9;448.0,512.9;450.8,482.0
68#587.5,609.4;572.5,611.4;571.3,572.4;515.1,578.9;482.0,606.7;488.3,712.1;544.8,579.5;515.0,447.0;515.0,445.2;510.7,373.9;599.5,381.1;609.4,415.9;566.3,435.3;468.8,457.0;446.0,509.3;448.6,477.3
69#587.0,608.5;571.3,607.9;569.7,572.9;512.8,578.4;480.3,609.1;486.6,713.6;542.8,579.2;515.8,447.1;515.8,444.7;512.2,373.9;599.3,391.5;610.0,423.7;567.2,436.7;469.1,455.1;443.9,505.8;446.3,472.6
70#586.6,607.6;570.1,604.4;568.1,573.3;510.5,577.9;478.6,611.5;484.9,715.1;540.9,578.9;516.6,447.1;516.6,444.1;513.7,373.9;599.2,401.9;610.5,431.4;568.2,438.1;469.4,453.1;441.9,502.2;444.1,467.9
71#586.2,606.7;568.9,600.9;566.5,573.8;508.2,577.4;476.9,613.9;483.2,716.6;538.9,578.6;517.4,447.1;517.4,443.6;515.2,373.9;599.0,412.3;611.0,439.1;569.1,439.5;469.7,451.2;439.8,498.7;441.8,463.2
72#585.7,605.7;567.7,597.5;564.9,574.3;505.9,576.9;475.2,616.3;481.5,718.1;537.0,578.3;518.2,447.2;518.2,443.0;516.7,373.9;598.9,422.7;611.5,446.8;570.1,440.9;470.0,449.3;437.8,495.1;439.6,458.5
73#585.3,604.8;566.5,594.0;563.3,574.8;503.5,576.4;473.5,618.7;479.8,719.6;535.0,578.0;519.1,447.2;519.1,442.5;518.2,374.0;598.7,433.1;612.0,454.5;571.0,442.4;470.2,447.4;435.7,491.6;437.3,453.8
74#584.9,603.9;565.2,590.5;561.7,575.3;501.2,575.9;471.9,621.2;478.1,721.2;533.0,577.6;519.9,447.2;519.9,441.9;519.7,374.0;598.5,443.4;612.5,462.2;572.0,443.8;470.5,445.4;433.7,488.0;435.1,449.2
75#584.4,603.0;564.0,587.0;560.1,575.8;498.9,575.4;470.2,623.6;476.4,722.7;531.1,577.3;520.7,447.3;520.7,441.4;521.2,374.0;598.4,453.8;613.0,469.9;573.0,445.2;470.8,443.5;431.7,484.4;432.9,444.5
76#584.0,602.0;562.8,583.6;558.5,576.3;496.6,574.9;468.5,626.0;474.7,724.2;529.1,577.0;521.5,447.3;521.5,440.8;522.7,374.0;598.2,464.2;613.5,477.6;573.9,446.6;471.1,441.6;429.6,480.9;430.6,439.8
77#583.5,601.1;561.6,580.1;556.9,576.8;494.3,574.4;466.8,628.4;473.0,725.7;527.1,576.7;522.3,447.4;522.3,440.3;524.2,374.0;598.0,474.6;614.1,485.4;574.9,448.0;471.4,439.6;427.6,477.3;428.4,435.1
78#583.1,600.2;560.4,576.6;555.3,577.2;492.0,573.9;465.1,630.8;471.3,727.2;525.2,576.4;523.1,447.4;523.1,439.8;525.7,374.0;597.9,485.0;614.6,493.1;575.8,449.4;471.7,437.7;425.5,473.8;426.1,430.4
79#582.7,599.2;559.2,573.1;553.7,577.7;489.6,573.4;463.4,633.2;469.6,728.7;523.2,576.1;524.0,447.4;524.0,439.2;527.2,374.1;597.7,495.4;615.1,500.8;576.8,450.9;471.9,435.8;423.5,470.2;423.9,425.7
80#582.2,598.3;558.0,569.7;552.1,578.2;487.3,572.9;461.7,635.6;467.9,730.2;521.3,575.8;524.8,447.5;524.8,438.6;528.7,374.1;597.6,505.8;615.6,508.5;577.7,452.3;472.2,433.8;421.4,466.7;421.6,421.0
81#581.8,597.4;556.8,566.2;550.5,578.7;485.0,572.4;460.0,638.0;466.2,731.7;519.3,575.5;525.6,447.5;525.6,438.1;530.2,374.1;597.4,516.2;616.1,516.2;578.7,453.7;472.5,431.9;419.4,463.1;419.4,416.3
82#550.4,641.3;574.6,592.9;560.7,575.6;502.0,575.6;470.9,668.9;464.0,748.4;533.1,572.2;533.1,447.8;533.1,437.4;534.8,380.4;602.2,485.8;633.3,503.1;588.4,451.2;477.8,440.9;429.4,482.3;426.0,437.4
83#551.3,641.0;575.4,592.8;561.6,575.6;503.1,572.2;472.1,668.6;465.2,747.8;530.6,572.2;534.1,444.8;534.1,437.9;535.8,381.1;602.9,486.1;633.9,499.9;589.1,451.7;479.0,437.9;430.8,482.6;427.3,437.9
84#555.3,655.0;570.6,596.3;567.6,576.1;511.9,573.4;474.2,653.7;474.3,735.6;538.7,573.4;535.1,447.3;534.3,441.0;532.4,381.0;598.2,453.7;628.6,475.2;587.2,448.0;481.3,445.8;435.5,493.6;425.5,457.1
85#559.3,669.0;565.7,599.8;573.6,576.6;520.7,574.6;476.3,638.8;483.5,723.4;546.9,574.6;536.1,449.8;534.5,444.0;529.0,380.9;593.5,421.4;623.4,450.6;585.2,444.3;483.7,453.7;440.3,504.7;423.7,476.3
86#563.3,683.1;560.9,603.3;579.5,577.1;529.5,575.7;478.5,624.0;492.6,711.3;555.0,575.7;537.1,452.2;534.6,447.1;525.7,380.9;588.8,389.0;618.1,425.9;583.3,440.5;486.0,461.6;445.0,515.7;421.8,495.4
87#567.3,697.1;556.0,606.8;585.5,577.6;538.3,576.9;480.6,609.1;501.8,699.1;563.2,576.9;538.1,454.7;534.8,450.1;522.3,380.8;584.1,356.7;612.9,401.3;581.3,436.8;488.4,469.5;449.8,526.8;420.0,514.6
88#571.3,711.1;551.2,610.3;591.5,578.1;547.1,578.1;482.7,594.2;510.9,686.9;571.3,578.1;539.1,457.2;535.0,453.2;518.9,380.7;579.4,324.3;607.6,376.6;579.4,433.1;490.7,477.4;454.5,537.8;418.2,533.8
89#573.2,706.7;549.1,610.2;593.4,578.0;549.1,582.0;480.8,594.1;508.9,690.6;569.2,582.0;537.1,457.4;537.1,453.3;516.9,381.0;581.3,324.6;609.4,376.9;581.3,433.2;488.8,477.5;452.6,537.8;420.4,533.8
90#574.4,724.7;551.6,626.0;582.9,579.4;536.3,583.9;492.1,613.1;519.5,705.6;558.0,583.3;523.3,460.7;521.9,456.0;498.4,386.7;585.0,352.3;606.1,393.5;567.7,435.7;474.9,480.9;441.8,543.7;416.7,549.6
91#575.6,742.7;554.1,641.7;572.4,580.7;523.6,585.9;503.4,632.1;530.0,720.5;546.8,584.5;509.5,463.9;506.7,458.7;479.9,392.4;588.7,380.0;602.8,410.1;554.0,438.3;461.0,484.3;431.0,549.6;413.0,565.3
92#576.7,760.6;556.7,657.5;561.9,582.1;510.8,587.8;514.8,651.0;540.6,735.5;535.5,585.8;495.6,467.2;491.4,461.3;461.5,398.0;592.5,407.8;599.6,426.6;540.4,440.8;447.1,487.7;420.1,555.6;409.4,581.1
93#577.9,778.6;559.2,673.2;551.4,583.4;498.1,589.8;526.1,670.0;551.1,750.4;524.3,587.0;481.8,470.4;476.2,464.0;443.0,403.7;596.2,435.5;596.3,443.2;526.7,443.4;433.2,491.1;409.3,561.5;405.7,596.8
94#579.1,796.6;561.7,689.0;540.9,584.8;485.3,591.7;537.4,689.0;561.7,765.4;513.1,588.3;468.0,473.7;461.0,466.7;424.5,409.4;599.9,463.2;593.0,459.8;513.1,445.9;419.3,494.5;398.5,567.4;402.0,612.6
95#578.5,788.0;561.0,690.3;540.1,585.7;484.3,592.7;536.6,686.9;561.0,767.1;512.2,589.2;466.8,470.6;463.3,467.1;430.2,409.5;599.4,463.6;592.4,460.1;512.2,446.2;421.5,495.0;400.6,568.3;400.6,613.6
96#588.7,776.7;561.0,683.2;522.9,586.2;474.4,593.2;453.6,589.7;471.0,672.8;498.7,589.7;457.1,472.0;453.6,465.0;427.7,401.0;595.6,468.5;578.3,478.9;509.0,451.2;408.6,492.7;377.5,562.0;405.2,596.6
97#604.0,767.5;566.6,675.7;501.9,587.2;450.9,590.6;471.3,662.1;464.5,689.3;478.1,587.2;450.9,471.5;450.9,464.7;428.8,398.4;566.6,468.1;566.6,495.3;508.7,457.9;399.8,488.5;348.8,546.4;393.0,566.8
98#620.5,753.8;570.1,659.2;488.1,580.4;440.8,593.0;462.9,665.5;466.1,716.0;462.9,583.6;444.0,470.1;444.0,463.8;433.0,405.5;548.0,489.0;551.2,517.4;497.6,463.8;390.4,482.7;324.2,526.8;377.8,520.5
99#637.3,729.3;578.4,636.4;485.5,583.7;432.8,593.0;442.1,633.3;463.8,720.0;460.7,593.0;442.1,472.1;439.0,462.8;437.4,405.4;553.6,500.0;541.2,527.9;494.8,469.0;386.3,478.3;319.6,498.4;448.3,496.9
100#654.3,706.1;583.8,617.2;476.6,589.6;418.3,595.7;439.8,650.9;458.2,742.8;445.9,589.6;442.9,473.2;442.9,457.8;441.3,413.4;556.2,519.1;537.9,534.5;495.0,473.2;390.8,467.0;324.9,468.6;372.4,427.2
101#654.6,706.4;584.0,617.3;476.5,589.6;418.1,595.8;439.6,651.1;458.0,743.2;445.7,589.6;442.7,472.9;442.7,460.6;441.1,413.0;556.3,519.0;537.9,534.3;494.9,472.9;390.4,466.7;324.4,468.3;372.0,426.8
102#662.1,676.8;589.4,590.2;468.1,586.7;416.1,604.0;436.9,666.4;454.2,756.5;440.4,593.6;440.4,468.9;436.9,465.4;438.6,397.9;565.1,531.3;537.4,538.2;492.3,475.8;384.9,462.0;315.6,434.2;355.5,404.8
103#654.1,653.0;587.2,561.5;471.1,586.2;418.3,607.3;435.9,681.2;446.4,776.2;446.4,596.7;435.9,466.5;435.9,466.5;430.6,390.8;587.2,565.0;541.5,536.9;488.7,473.5;386.6,459.4;323.3,410.2;367.3,390.8
104#633.8,632.6;583.0,535.6;476.8,586.4;421.4,604.9;435.3,692.6;453.8,803.4;449.1,595.6;430.7,461.7;430.7,466.3;426.1,387.8;587.7,595.6;541.5,526.4;486.1,466.3;379.9,457.1;338.3,387.8;370.6,327.8
105#601.1,628.2;574.2,524.8;484.2,583.3;430.3,605.8;439.3,709.2;443.8,812.6;457.3,596.8;425.8,452.9;425.8,461.9;425.8,389.9;533.7,565.3;542.7,506.8;475.3,452.9;380.8,452.9;353.9,380.9;362.9,313.5
106#568.3,617.5;572.8,518.9;483.2,581.7;429.4,599.6;447.3,707.2;447.3,814.8;456.3,595.1;429.4,447.2;429.4,456.2;429.4,384.4;505.6,518.9;550.4,487.5;478.7,451.7;384.6,442.7;348.7,380.0;362.1,317.2
107#568.3,617.5;577.3,518.9;483.2,581.7;433.9,599.6;447.3,707.1;447.3,814.6;456.3,595.1;429.4,447.2;429.4,456.2;424.9,384.5;505.6,518.9;550.4,487.6;474.2,447.2;384.6,442.8;348.7,380.0;362.2,317.3
108#538.6,627.1;569.9,533.0;479.7,580.1;420.9,595.8;448.4,709.5;475.8,815.4;448.4,587.9;432.7,450.7;432.7,454.6;436.6,384.0;507.2,474.2;554.2,474.2;479.7,450.7;389.5,442.8;334.6,403.6;356.2,335.0
109#530.5,654.7;564.1,553.8;474.4,591.1;414.6,609.8;452.0,707.0;493.1,808.0;444.5,598.6;437.0,452.8;437.0,464.0;440.7,385.5;489.3,452.8;549.2,464.0;481.9,452.8;392.2,452.8;332.3,419.2;352.9,372.5
110#529.5,681.0;555.9,583.2;461.8,602.0;409.2,617.0;446.8,711.1;491.9,808.9;435.5,605.7;439.3,459.0;439.3,466.5;439.3,391.3;484.4,413.9;537.1,444.0;484.4,459.0;394.1,459.0;337.7,440.2;362.1,385.7
111#529.0,700.4;548.0,597.7;460.5,609.1;403.4,612.9;430.1,719.4;475.7,814.6;430.1,612.9;433.9,468.3;433.9,472.1;439.6,390.3;462.4,390.3;513.8,426.5;479.5,464.5;388.2,464.5;338.7,453.1;365.4,396.0
112#527.4,722.5;542.5,620.4;463.1,612.8;402.6,627.9;398.8,722.5;432.9,813.2;432.9,612.8;429.1,472.9;429.1,476.7;429.1,397.3;457.4,384.0;485.8,404.8;474.5,465.3;383.7,472.9;345.9,476.7;361.0,420.0
113#527.1,721.8;542.1,620.2;463.1,612.7;402.9,627.8;399.2,721.8;433.0,815.9;433.0,612.7;429.3,469.8;429.3,473.5;429.3,398.3;457.5,385.1;485.7,405.8;474.4,466.0;384.1,473.5;342.7,477.3;361.6,420.9
114#525.5,752.3;534.5,644.6;458.2,608.7;404.3,617.6;363.9,716.4;386.4,810.6;431.3,613.2;422.3,478.5;422.3,474.0;417.8,402.2;435.8,343.9;471.7,397.7;467.2,474.0;372.9,478.5;346.0,492.0;363.9,438.1
115#525.7,770.1;520.9,669.4;453.8,607.0;405.8,611.8;319.5,703.0;333.9,798.9;429.8,611.8;410.6,477.5;415.4,477.5;396.2,405.6;420.2,328.8;453.8,386.4;453.8,467.9;362.6,491.9;353.0,563.8;367.4,583.0
116#528.1,788.5;500.5,691.7;445.2,608.8;394.5,608.8;283.9,677.9;283.9,779.3;422.1,608.8;403.7,479.7;399.1,475.1;380.6,410.5;408.3,323.0;431.4,392.1;445.2,470.5;357.6,493.5;348.4,539.6;353.0,493.5
117#527.7,796.9;482.4,709.7;444.0,615.6;384.7,615.6;252.3,646.9;245.3,751.5;412.6,615.6;388.2,486.6;388.2,483.1;369.1,411.6;402.2,504.0;433.6,521.4;430.1,469.1;342.9,493.6;349.9,556.3;374.3,531.9
118#528.8,795.0;471.7,715.2;429.9,620.1;380.5,612.5;236.0,616.3;228.4,715.2;403.3,616.3;372.9,487.0;372.9,483.2;357.7,414.7;388.1,521.2;426.1,525.0;418.5,475.6;331.0,498.4;338.6,559.2;350.1,525.0
119#528.8,795.0;471.7,715.2;429.9,620.1;376.7,612.5;236.0,616.3;228.4,715.2;403.3,616.3;372.9,487.0;372.9,483.2;357.7,414.7;388.1,521.2;426.1,525.0;418.5,479.4;331.0,498.4;338.6,559.2;350.1,525.0
120#510.7,809.1;465.8,719.3;412.8,625.4;355.6,625.4;229.1,588.7;225.0,686.6;384.2,625.4;359.7,490.7;355.6,486.6;343.4,417.2;398.5,362.1;420.9,409.0;400.5,474.4;310.7,502.9;318.9,564.2;351.5,535.6
121#485.5,812.0;452.8,710.3;387.5,630.4;325.8,626.8;235.0,565.1;231.4,663.1;354.8,623.2;343.9,488.8;343.9,488.8;336.7,416.2;403.8,403.5;427.4,423.5;391.1,477.9;296.7,499.7;289.5,557.8;314.9,536.0
122#469.8,796.2;444.5,694.8;381.4,630.4;319.5,626.9;235.8,574.1;231.6,671.2;349.3,624.0;340.0,488.9;340.0,488.9;336.2,417.6;401.9,410.0;423.9,433.5;386.6,479.5;293.7,498.2;282.6,548.2;306.2,522.8
123#454.2,780.4;436.1,679.3;375.3,630.5;313.3,627.0;236.6,583.1;231.8,679.3;343.8,624.9;336.0,488.9;336.0,488.9;335.8,419.1;400.0,416.6;420.4,443.5;382.1,481.1;290.6,496.7;275.7,538.6;297.4,509.6
124#438.5,764.6;427.8,663.7;369.2,630.5;307.0,627.1;237.4,592.0;232.0,687.5;338.4,625.7;332.1,489.0;332.1,489.0;335.3,420.5;398.1,423.1;416.9,453.5;377.6,482.7;287.6,495.2;268.7,529.0;288.7,496.4
125#422.9,748.8;419.4,648.2;363.1,630.6;300.7,627.2;238.2,601.0;232.2,695.6;332.9,626.6;328.2,489.1;328.2,489.1;334.9,422.0;396.2,429.6;413.4,463.5;373.1,484.3;284.6,493.7;261.8,519.4;280.0,483.2
126#407.2,733.1;411.1,632.7;357.0,630.6;294.5,627.4;239.1,610.0;232.4,703.7;327.4,627.4;324.2,489.1;324.2,489.1;334.4,423.4;394.3,436.2;409.8,473.4;368.6,486.0;281.5,492.3;254.9,509.7;271.2,469.9
127#391.6,717.3;402.7,617.2;350.9,630.7;288.2,627.5;239.9,619.0;232.6,711.8;321.9,628.3;320.3,489.2;320.3,489.2;334.0,424.9;392.4,442.7;406.3,483.4;364.1,487.6;278.5,490.8;248.0,500.1;262.5,456.7
128#375.9,701.5;394.4,601.6;344.8,630.7;281.9,627.6;240.7,627.9;232.8,720.0;316.5,629.1;316.4,489.3;316.4,489.3;333.5,426.3;390.5,449.2;402.8,493.4;359.6,489.2;275.5,489.3;241.0,490.5;253.8,443.5
129#360.3,685.7;386.0,586.1;338.7,630.8;275.7,627.7;241.5,636.9;233.0,728.1;311.0,630.0;312.4,489.3;312.4,489.3;333.1,427.8;388.6,455.8;399.3,503.4;355.1,490.8;272.4,487.8;234.1,480.9;245.0,430.3
130#344.6,669.9;377.7,570.6;332.6,630.8;269.4,627.8;242.3,645.9;233.2,736.2;305.5,630.8;308.5,489.4;308.5,489.4;332.6,429.2;386.7,462.3;395.8,513.4;350.6,492.4;269.4,486.3;227.2,471.3;236.3,417.1
131#348.8,663.3;371.9,577.7;342.9,621.9;276.2,623.0;244.9,647.3;233.7,737.1;312.6,621.9;316.6,484.7;316.6,483.7;336.2,421.6;391.2,467.7;399.3,515.0;359.0,487.7;275.2,479.6;229.7,473.7;236.8,423.2
132#353.1,656.6;366.2,584.7;353.1,613.0;283.1,618.1;247.4,648.6;234.2,738.0;319.6,613.0;324.7,480.1;324.7,478.0;339.9,414.0;395.7,473.0;402.8,516.7;367.3,483.1;281.0,472.9;232.2,476.0;237.3,429.4
133#357.3,650.0;360.4,591.8;363.4,604.1;289.9,613.3;250.0,650.0;234.7,738.9;326.7,604.1;332.8,475.4;332.8,472.3;343.5,406.4;400.2,478.4;406.3,518.3;375.7,478.4;286.8,466.2;234.7,478.4;237.8,435.5
134#356.9,658.7;361.0,596.1;368.0,596.9;296.2,602.9;257.6,629.9;250.3,730.5;332.1,596.0;335.9,467.1;335.9,463.5;343.3,397.0;404.9,461.9;416.9,501.9;380.4,467.7;288.2,460.7;239.6,480.9;237.9,442.7
135#356.4,667.4;361.6,600.5;372.5,589.8;302.4,592.4;265.2,609.9;266.0,722.1;337.5,587.8;338.9,458.8;338.9,454.6;343.2,387.6;409.5,445.3;427.5,485.6;385.2,457.1;289.5,455.2;244.5,483.4;237.9,449.8
136#356.0,676.1;362.2,604.8;377.1,582.6;308.7,582.0;272.8,589.8;281.6,713.7;342.9,579.7;342.0,450.5;342.0,445.8;343.0,378.2;414.2,428.8;438.1,469.2;389.9,446.4;290.9,449.7;249.4,485.9;238.0,457.0
137#355.6,684.9;362.7,609.2;381.6,575.4;315.0,571.6;280.3,569.7;297.2,705.4;348.3,571.5;345.1,442.3;345.1,437.0;342.8,368.7;418.8,412.3;448.8,452.8;394.7,435.7;292.2,444.1;254.2,488.4;238.0,464.1
138#355.2,693.6;363.3,613.5;386.2,568.2;321.3,561.2;287.9,549.6;312.8,697.0;353.7,563.4;348.2,434.0;348.2,428.2;342.6,359.3;423.5,395.8;459.4,436.4;399.4,425.0;293.6,438.6;259.1,490.9;238.1,471.3
139#354.7,702.3;363.9,617.9;390.7,561.1;327.5,550.7;295.5,529.6;328.5,688.6;359.1,555.2;351.2,425.7;351.2,419.3;342.5,349.9;428.1,379.2;470.0,420.1;404.2,414.4;294.9,433.1;264.0,493.4;238.1,478.4
140#354.3,711.0;364.5,622.2;395.3,553.9;333.8,540.3;303.1,509.5;344.1,680.2;364.5,547.1;354.3,417.4;354.3,410.5;342.3,340.5;432.8,362.7;480.6,403.7;408.9,403.7;296.3,427.6;268.9,495.9;238.2,485.6
141#359.2,714.5;373.3,626.9;390.8,542.7;338.2,539.2;352.2,605.8;341.7,686.5;366.3,542.7;348.7,405.9;348.7,405.9;354.0,330.4;452.2,330.4;471.5,370.8;397.8,391.8;299.6,419.9;261.0,486.5;236.5,500.6
142#361.5,721.3;376.3,629.0;383.7,536.7;328.3,525.7;346.8,606.9;343.1,710.2;357.8,529.4;350.5,396.5;350.5,396.5;356.0,324.5;452.0,317.1;461.2,352.2;398.5,381.7;298.8,407.5;261.9,466.6;239.7,488.8
143#361.5,721.1;376.3,628.9;383.7,536.7;328.3,525.7;346.8,606.8;343.1,710.0;357.8,529.4;350.5,396.6;350.5,396.6;356.0,324.7;451.9,317.3;461.1,352.4;398.4,381.9;298.8,407.7;262.0,466.7;239.8,485.1
144#382.6,716.8;378.9,621.1;378.9,521.7;327.3,514.3;356.8,602.7;349.4,621.1;353.1,518.0;349.4,385.4;349.4,385.4;358.6,313.6;454.4,313.6;463.6,363.4;404.7,370.7;297.9,392.8;246.3,448.0;242.7,495.9
145#397.4,710.6;393.8,613.3;375.8,516.0;325.4,508.8;357.8,566.5;372.2,681.8;350.6,516.0;350.6,382.7;350.6,382.7;363.2,316.0;455.1,328.7;462.3,382.7;397.4,371.9;296.5,386.3;231.7,426.0;264.1,415.1
146#408.0,696.8;415.2,602.8;368.2,516.0;321.2,512.4;368.2,552.2;382.7,653.4;342.9,516.0;350.1,382.3;350.1,382.3;362.8,315.4;455.0,346.1;462.2,393.1;400.7,378.7;295.9,382.3;230.8,393.1;274.2,353.3
147#425.0,678.3;425.0,577.5;361.2,517.1;314.2,520.5;368.0,537.3;381.4,614.5;341.1,520.5;351.2,379.5;351.2,379.5;366.3,310.6;455.3,362.7;455.3,406.3;398.2,382.8;304.2,376.1;240.4,356.0;285.7,310.6
148#436.7,653.0;432.3,549.2;358.8,518.9;315.6,523.3;371.8,544.9;380.5,631.4;337.2,518.9;350.2,376.2;350.2,380.6;363.2,311.4;454.0,380.6;449.6,419.5;393.4,389.2;302.6,371.9;255.1,333.0;289.7,272.5
149#436.6,653.9;432.3,550.2;358.8,519.9;315.6,519.9;371.8,545.8;380.5,632.3;332.9,519.9;350.2,377.3;350.2,377.3;367.5,312.4;453.9,381.6;449.6,420.5;393.4,385.9;302.6,372.9;255.1,329.7;289.7,273.5
150#438.0,623.2;433.7,521.4;365.9,517.2;323.5,525.6;374.4,546.8;382.8,648.6;340.4,521.4;348.9,377.2;348.9,381.5;365.9,313.6;454.9,394.2;450.7,432.4;391.3,390.0;310.8,364.5;268.4,322.1;289.6,262.8
151#429.4,592.6;433.3,493.7;370.0,517.4;330.5,521.4;374.0,572.8;389.8,687.6;346.3,517.4;354.2,375.0;350.2,378.9;366.1,307.7;457.1,410.6;449.2,442.2;397.7,382.9;310.7,367.0;267.1,331.4;300.8,274.1
152#417.8,561.8;432.3,474.9;381.7,507.5;320.2,511.1;367.2,572.6;374.4,673.9;352.7,511.1;356.3,370.0;352.7,370.0;361.8,299.5;461.2,431.5;454.0,442.4;403.4,380.9;309.3,359.2;265.9,348.3;296.7,299.5
153#369.2,684.2;362.0,586.8;394.4,489.4;329.5,496.6;351.2,583.2;376.4,677.0;362.0,493.0;358.4,366.8;358.4,363.2;356.6,292.8;445.0,442.5;455.8,431.7;405.3,370.4;311.5,356.0;271.8,359.6;297.0,309.1
154#339.4,664.0;339.4,575.8;412.9,480.3;350.4,487.6;354.1,601.5;365.1,682.4;379.8,484.0;357.8,359.1;357.8,355.4;356.0,291.1;460.7,439.9;468.0,414.2;409.2,362.7;306.4,351.7;277.0,388.4;317.4,410.5
155#340.6,586.4;340.6,575.4;410.1,480.4;351.6,487.7;355.2,601.0;366.2,685.1;377.2,484.0;355.2,359.7;355.2,356.1;357.1,292.1;457.6,440.2;468.6,414.6;406.4,363.4;307.7,352.4;274.8,385.3;285.8,334.1
156#450.0,483.7;435.3,454.4;409.7,480.0;347.6,491.0;347.6,597.0;351.2,695.8;376.8,480.0;354.9,355.7;354.9,352.1;353.1,288.1;464.6,421.5;482.9,403.3;409.7,359.4;303.7,352.1;270.8,421.5;300.0,395.9
157#448.2,493.1;434.7,460.2;409.8,481.0;348.3,491.4;346.9,592.5;351.0,690.5;377.3,481.0;355.9,357.7;355.7,353.4;353.4,289.6;462.4,423.8;481.6,406.2;410.7,361.2;304.5,354.1;273.4,423.4;302.4,398.5
158#446.5,502.5;434.1,466.0;409.9,482.0;349.0,491.7;346.1,588.1;350.8,685.2;377.8,482.0;356.9,359.6;356.6,354.6;353.7,291.1;460.2,426.0;480.4,409.1;411.7,362.9;305.3,356.1;276.1,425.3;304.9,401.1
159#444.7,511.8;433.6,471.8;410.1,482.9;349.7,492.1;345.4,583.6;350.5,680.0;378.4,482.9;358.0,361.6;357.4,355.9;354.0,292.6;458.0,428.3;479.1,412.0;412.8,364.7;306.1,358.1;278.7,427.2;307.4,403.7
160#443.0,521.2;433.0,477.6;410.2,483.9;350.4,492.5;344.7,579.2;350.3,674.7;378.9,483.9;359.0,363.6;358.2,357.2;354.3,294.1;455.8,430.5;477.9,414.9;413.8,366.4;306.9,360.1;281.4,429.1;309.8,406.3
161#441.2,530.6;432.4,483.4;410.3,484.9;351.1,492.8;343.9,574.8;350.1,669.4;379.4,484.9;360.0,365.5;359.1,358.5;354.6,295.7;453.5,432.8;476.6,417.8;414.8,368.2;307.8,362.0;284.0,431.0;312.2,408.9
162#439.4,540.0;431.8,489.2;410.4,485.9;351.8,493.2;343.2,570.3;349.9,664.1;379.9,485.9;361.0,367.5;359.9,359.7;354.9,297.2;451.3,435.0;475.4,420.7;415.8,370.0;308.6,364.0;286.6,432.9;314.7,411.5
163#437.7,549.3;431.2,495.0;410.6,486.8;352.5,493.6;342.5,565.9;349.7,658.9;380.4,486.8;362.0,369.5;360.7,361.0;355.2,298.7;449.1,437.3;474.1,423.6;416.8,371.7;309.4,366.0;289.3,434.8;317.1,414.1
164#435.9,558.7;430.6,500.8;410.7,487.8;353.2,493.9;341.7,561.4;349.5,653.6;380.9,487.8;363.0,371.4;361.6,362.3;355.5,300.2;446.9,439.5;472.9,426.5;417.8,373.5;310.2,368.0;291.9,436.7;319.6,416.7
165#434.2,568.1;430.1,506.7;410.8,488.8;354.0,494.3;341.0,557.0;349.2,648.3;381.5,488.8;364.1,373.4;362.4,363.5;355.9,301.7;444.7,441.8;471.6,429.5;418.9,375.2;311.0,370.0;294.6,438.5;322.1,419.3
166#432.4,577.5;429.5,512.5;410.9,489.8;354.7,494.7;340.3,552.5;349.0,643.0;382.0,489.8;365.1,375.4;363.2,364.8;356.2,303.2;442.5,444.1;470.3,432.4;419.9,377.0;311.8,372.0;297.2,440.4;324.5,421.9
167#430.6,586.9;428.9,518.3;411.0,490.8;355.4,495.0;339.5,548.0;348.8,637.7;382.5,490.8;366.1,377.3;364.1,366.1;356.5,304.7;440.3,446.3;469.1,435.3;420.9,378.8;312.6,374.0;299.8,442.3;326.9,424.5
168#428.9,596.2;428.3,524.1;411.2,491.7;356.1,495.4;338.8,543.6;348.6,632.5;383.0,491.7;367.1,379.3;364.9,367.4;356.8,306.2;438.1,448.6;467.8,438.2;421.9,380.5;313.4,376.0;302.5,444.2;329.4,427.1
169#427.1,605.6;427.7,529.9;411.3,492.7;356.8,495.8;338.1,539.1;348.4,627.2;383.5,492.7;368.1,381.3;365.7,368.6;357.1,307.7;435.9,450.8;466.6,441.1;422.9,382.3;314.2,378.0;305.1,446.1;331.9,429.7
170#425.3,615.0;427.1,535.7;411.4,493.7;357.5,496.1;337.3,534.7;348.2,621.9;384.0,493.7;369.1,383.2;366.6,369.9;357.4,309.3;433.6,453.1;465.3,444.0;423.9,384.1;315.1,379.9;307.7,448.0;334.3,432.3
171#423.6,624.4;426.6,541.5;411.5,494.7;358.2,496.5;336.6,530.2;347.9,616.6;384.6,494.7;370.2,385.2;367.4,371.2;357.7,310.8;431.4,455.3;464.1,446.9;425.0,385.8;315.9,381.9;310.4,449.9;336.8,434.9
172#421.8,633.7;426.0,547.3;411.7,495.6;358.9,496.9;335.9,525.8;347.7,611.4;385.1,495.6;371.2,387.2;368.2,372.5;358.0,312.3;429.2,457.6;462.8,449.8;426.0,387.6;316.7,383.9;313.0,451.8;339.2,437.5
173#420.1,643.1;425.4,553.1;411.8,496.6;359.6,497.2;335.1,521.4;347.5,606.1;385.6,496.6;372.2,389.1;369.1,373.7;358.3,313.8;427.0,459.9;461.5,452.7;427.0,389.3;317.5,385.9;315.7,453.7;341.6,440.1
174#418.3,652.5;424.8,558.9;411.9,497.6;360.3,497.6;334.4,516.9;347.3,600.8;386.1,497.6;373.2,391.1;369.9,375.0;358.6,315.3;424.8,462.1;460.3,455.6;428.0,391.1;318.3,387.9;318.3,455.6;344.1,442.7
175#427.2,629.7;439.1,540.2;418.3,498.5;361.6,498.5;331.8,516.4;340.7,614.8;388.4,495.5;376.5,388.1;373.5,370.2;366.1,318.0;433.2,474.6;466.0,450.7;430.2,388.1;322.8,385.1;316.9,459.7;349.7,441.8
176#441.6,607.6;453.4,513.1;415.0,486.5;361.8,492.4;332.3,545.6;341.2,631.3;388.4,483.5;379.6,386.0;379.6,365.3;372.2,316.6;447.5,459.9;483.0,439.2;435.7,386.0;326.4,383.1;311.6,451.0;314.6,412.6
177#449.6,584.4;467.9,495.8;419.0,477.4;364.0,483.5;330.4,559.9;339.6,645.4;391.5,480.5;385.4,373.6;385.4,361.4;383.9,311.0;455.7,440.8;501.5,425.5;437.3,373.6;333.5,376.6;312.1,449.9;342.7,437.7
178#457.0,567.7;486.2,473.3;421.2,476.6;369.1,479.8;333.3,574.2;336.6,658.8;395.1,479.8;398.4,372.4;398.4,359.4;393.5,305.7;470.0,388.7;515.5,411.5;450.5,369.2;346.3,372.4;313.8,440.8;333.3,444.0
179#457.7,567.4;483.7,473.4;422.1,476.6;366.9,479.9;334.5,573.9;334.5,658.3;396.1,479.9;399.4,369.6;399.4,359.8;394.5,306.3;470.7,389.0;516.1,408.5;451.3,369.6;344.2,372.8;311.8,440.9;334.5,440.9
180#461.0,565.7;499.6,465.8;425.5,478.7;367.5,481.9;338.5,588.3;325.6,678.5;396.5,478.7;406.2,362.7;406.2,349.8;404.6,309.5;470.6,336.9;528.6,378.8;461.0,362.7;354.6,365.9;319.2,430.3;338.5,430.3
181#482.7,560.6;514.2,466.1;430.2,476.6;370.8,480.1;346.3,592.1;311.3,700.5;402.3,476.6;416.2,357.7;416.2,354.2;418.0,293.0;474.0,300.0;531.7,340.2;461.7,357.7;367.3,361.2;328.8,413.7;353.3,410.2
182#505.9,577.7;524.5,480.9;442.6,466.1;383.1,473.5;342.2,588.8;305.0,693.0;412.9,469.8;427.7,354.4;427.7,354.4;433.3,281.9;492.9,274.5;520.8,313.5;476.1,350.7;383.1,354.4;334.7,410.3;368.2,387.9
183#539.3,594.6;527.7,501.5;457.8,466.6;399.7,466.6;345.4,575.2;310.5,676.1;426.8,466.6;434.6,354.1;438.5,354.1;442.3,288.2;500.5,237.8;508.3,295.9;477.2,350.2;391.9,358.0;353.1,392.9;388.0,381.3
184#543.7,625.5;524.7,526.9;460.2,473.8;407.1,473.8;342.7,557.3;327.5,655.9;433.7,477.6;437.5,360.0;437.5,360.0;445.1,291.8;498.2,253.8;513.3,306.9;479.2,360.0;388.2,363.8;369.2,382.8;403.3,337.3
185#544.7,624.5;525.7,529.7;457.4,476.6;404.3,480.4;343.7,560.1;328.5,654.9;434.7,480.4;434.7,362.8;434.7,359.0;446.1,290.8;499.2,252.8;510.5,305.9;480.2,359.0;389.2,362.8;370.2,381.8;404.3,336.3
186#546.9,631.7;530.3,536.0;463.0,483.9;410.2,488.8;356.7,557.8;349.4,651.1;439.9,487.7;436.4,369.6;436.4,365.5;444.6,297.3;496.4,275.8;509.9,325.0;482.6,364.7;391.4,370.8;375.1,395.8;410.2,353.2
187#549.2,638.8;534.9,542.2;468.6,491.3;416.0,497.3;369.8,555.5;370.3,647.3;445.2,494.9;438.0,376.5;438.0,372.0;443.0,303.8;493.6,298.8;509.2,344.1;484.9,370.4;393.6,378.9;380.1,409.8;416.0,370.1
188#551.4,646.0;539.5,548.5;474.2,498.6;421.9,505.8;382.8,553.2;391.2,643.5;450.4,502.2;439.7,383.3;439.7,378.5;441.5,310.3;490.8,321.7;508.6,363.3;487.2,376.2;395.7,386.9;385.1,423.8;421.9,387.0
189#553.6,653.1;544.1,554.8;479.8,505.9;427.7,514.2;395.9,550.9;412.2,639.7;455.7,509.5;441.4,390.1;441.4,385.1;439.9,316.7;488.0,344.7;507.9,382.4;489.6,381.9;397.9,395.0;390.0,437.8;427.7,404.0
190#555.9,660.3;548.8,561.1;485.3,513.3;433.6,522.6;408.9,548.6;433.1,635.8;460.9,516.7;443.0,397.0;443.0,391.6;438.4,323.2;485.1,367.7;507.2,401.5;491.9,387.6;400.1,403.0;394.9,451.9;433.6,420.9
191#558.1,667.5;553.4,567.4;490.9,520.6;439.5,531.1;421.9,546.3;454.0,632.0;466.2,524.0;444.7,403.8;444.7,398.1;436.8,329.7;482.3,390.7;506.6,420.6;494.3,393.4;402.2,411.0;399.9,465.9;439.5,437.8
192#560.4,674.6;558.0,573.6;496.5,528.0;445.3,539.5;435.0,544.0;474.9,628.2;471.4,531.2;446.3,410.7;446.3,404.6;435.2,336.2;479.5,413.6;505.9,439.8;496.6,399.1;404.4,419.1;404.8,479.9;445.3,454.7
193#562.6,681.8;562.6,579.9;502.1,535.3;451.2,548.0;448.0,541.7;495.8,624.4;476.7,538.5;448.0,417.5;448.0,411.1;433.7,342.7;476.7,436.6;505.3,458.9;499.0,404.8;406.6,427.1;409.8,493.9;451.2,471.6
194#571.2,672.8;574.2,569.7;509.3,534.3;459.2,546.1;465.1,566.7;497.5,637.5;482.8,537.3;450.4,416.4;447.4,404.6;440.1,356.0;479.8,463.6;509.3,472.4;491.6,404.6;406.2,428.2;400.3,510.7;435.6,552.0
195#585.8,662.1;585.8,560.3;518.9,525.4;469.5,542.9;460.7,563.2;501.5,650.5;492.7,534.2;452.0,417.8;449.1,406.2;441.8,358.2;495.6,391.7;527.6,423.6;492.7,406.2;405.5,432.4;405.5,510.9;449.1,557.4
196#602.1,649.9;596.1,548.4;518.5,527.5;473.7,542.4;464.7,581.3;506.5,664.9;494.6,533.5;455.8,417.0;455.8,405.1;451.3,349.8;494.6,452.8;521.5,458.8;500.6,405.1;414.0,428.9;417.0,515.6;449.8,554.4
197#602.4,650.5;596.4,548.5;518.5,527.5;473.5,542.5;467.5,581.5;506.5,662.4;494.5,533.5;458.5,416.6;455.5,407.6;451.0,349.1;497.5,452.6;521.5,455.6;500.5,404.6;413.6,428.6;416.6,515.5;449.5,554.5
198#622.0,629.4;609.2,530.2;522.8,520.6;471.6,536.6;474.8,600.6;503.6,680.6;497.2,530.2;465.2,414.9;462.0,402.1;460.4,339.7;526.0,434.1;548.4,446.9;513.2,405.3;414.0,424.5;401.2,485.4;414.0,459.8
199#637.4,610.1;618.4,508.7;526.6,515.1;472.8,534.1;475.9,613.2;504.4,692.4;498.1,521.4;472.8,407.4;469.6,388.4;468.0,345.7;532.9,426.4;564.6,439.1;520.3,397.9;422.1,416.9;384.1,477.1;403.1,464.4
200#635.9,583.3;619.5,488.7;531.4,511.5;479.2,534.4;475.9,619.2;505.3,704.1;505.3,521.3;485.7,403.8;482.5,387.5;487.4,340.2;538.0,413.6;586.9,426.7;534.7,394.0;430.2,410.4;371.5,459.3;407.4,449.5
201#615.4,564.7;618.9,466.6;534.8,512.1;482.2,526.1;478.7,627.7;503.2,711.8;506.7,515.6;489.2,400.0;489.2,393.0;498.0,331.7;538.3,379.0;604.8,407.0;534.8,393.0;440.2,403.5;370.1,435.0;398.1,410.5
202#588.9,551.4;617.2,456.0;535.9,505.4;486.4,523.1;482.9,629.1;497.0,717.4;507.6,512.5;497.0,392.4;500.6,385.3;505.9,327.0;581.8,346.4;620.7,388.8;546.5,385.3;447.6,395.9;369.8,410.0;384.0,374.7
203#588.7,551.3;616.9,456.1;535.9,505.5;486.5,523.1;483.0,628.9;497.1,717.0;507.7,512.5;497.1,392.7;500.6,385.6;505.9,327.5;585.2,346.8;620.5,389.1;546.4,385.6;447.7,396.2;370.2,410.3;384.3,375.0
204#558.9,541.0;613.0,452.1;543.4,506.2;493.1,517.8;485.4,626.1;481.5,715.0;516.3,506.2;504.7,386.4;504.7,382.5;518.3,311.0;601.4,336.2;624.6,382.5;551.1,382.5;458.4,386.4;377.2,382.5;377.2,332.3
205#547.6,547.7;607.0,462.2;551.3,506.8;495.6,514.2;477.0,614.5;491.9,711.1;521.6,510.5;514.1,376.8;517.9,376.8;525.3,309.9;603.3,350.8;633.0,395.4;566.2,380.5;462.1,373.1;387.8,358.2;369.3,309.9
206#548.2,565.0;597.1,481.1;562.1,505.6;495.7,519.6;467.8,596.5;506.2,687.3;530.7,505.6;520.2,376.3;523.7,379.8;534.2,309.9;600.6,362.3;628.5,404.3;572.6,376.3;471.3,369.3;397.9,351.9;370.0,313.4
207#554.5,591.2;582.1,515.3;571.7,498.1;513.1,505.0;461.3,574.0;513.1,660.2;544.1,498.1;526.9,377.3;530.3,380.8;547.6,315.3;592.4,373.9;623.4,418.7;571.7,377.3;478.6,370.4;399.2,363.6;371.7,322.2
208#566.2,601.0;569.1,540.3;577.8,508.5;525.8,508.5;468.0,554.8;517.1,624.2;551.8,508.5;537.3,384.2;537.3,381.3;550.3,319.2;600.9,387.1;621.2,430.5;577.8,384.2;488.2,378.5;407.3,369.8;372.6,332.2
209#568.1,600.9;571.0,537.4;579.6,508.5;524.8,508.5;467.0,554.7;516.1,626.9;550.8,508.5;536.3,381.5;536.3,381.5;549.3,319.4;599.8,390.1;620.0,430.6;576.7,384.4;487.3,378.6;406.4,369.9;374.7,332.4
210#570.6,593.3;569.7,532.6;577.1,497.2;522.6,497.8;469.6,547.8;515.1,621.2;548.6,497.5;532.6,373.8;532.6,372.1;544.1,311.9;598.5,389.3;619.9,422.2;574.1,375.7;483.6,371.8;407.9,370.5;375.1,337.4
211#573.1,585.7;568.3,527.8;574.5,485.8;520.3,487.1;472.1,541.0;514.0,615.6;546.3,486.5;528.9,366.0;528.9,362.8;538.9,304.4;597.2,388.5;619.9,413.8;571.6,367.1;479.9,365.0;409.4,371.0;375.6,342.3
212#575.7,578.1;567.0,523.0;572.0,474.5;518.1,476.4;474.7,534.1;513.0,609.9;544.1,475.5;525.2,358.3;525.2,353.4;533.8,296.8;595.9,387.7;619.8,405.3;569.0,358.4;476.3,358.2;410.9,371.6;376.0,347.3
213#578.2,570.5;565.6,518.2;569.5,463.1;515.8,465.7;477.3,527.2;511.9,604.3;541.8,464.5;521.5,350.6;521.5,344.1;528.6,289.3;594.6,386.9;619.7,396.9;566.5,349.7;472.6,351.4;412.4,372.2;376.5,352.3
214#580.7,562.9;564.3,513.4;567.0,451.8;513.6,455.1;479.9,520.4;510.9,598.6;539.6,453.4;517.8,342.9;517.8,334.8;523.4,281.8;593.3,386.1;619.6,388.5;563.9,341.0;468.9,344.7;413.8,372.8;376.9,357.2
215#583.2,555.4;563.0,508.5;564.4,440.5;511.4,444.4;482.4,513.5;509.9,593.0;537.4,442.4;514.0,335.1;514.0,325.4;518.2,274.3;592.0,385.3;619.6,380.1;561.3,332.4;465.2,337.9;415.3,373.3;377.3,362.2
216#585.7,547.8;561.6,503.7;561.9,429.1;509.1,433.7;485.0,506.6;508.8,587.4;535.1,431.4;510.3,327.4;510.3,316.1;513.0,266.8;590.7,384.5;619.5,371.7;558.8,323.7;461.5,331.1;416.8,373.9;377.8,367.2
217#588.3,540.2;560.3,498.9;559.4,417.8;506.9,423.0;487.6,499.7;507.8,581.7;532.9,420.4;506.6,319.7;506.6,306.7;507.9,259.2;589.4,383.7;619.4,363.2;556.2,315.0;457.9,324.3;418.3,374.5;378.2,372.2
218#590.8,532.6;558.9,494.1;556.8,406.4;504.6,412.3;490.1,492.9;506.7,576.0;530.6,409.4;502.9,311.9;502.9,297.4;502.7,251.7;588.1,382.9;619.4,354.8;553.7,306.4;454.2,317.5;419.8,375.0;378.7,377.1
219#593.3,525.0;557.6,489.3;554.3,395.1;502.4,401.6;492.7,486.0;505.7,570.4;528.4,398.4;499.2,304.2;499.2,288.0;497.5,244.2;586.8,382.1;619.3,346.4;551.1,297.7;450.5,310.7;421.3,375.6;379.1,382.1
220#598.4,506.2;558.0,489.3;551.3,391.7;497.4,395.0;480.5,489.3;504.1,573.5;520.9,395.0;494.0,294.0;494.0,283.9;485.6,228.4;571.5,351.3;615.2,324.3;544.5,283.9;443.5,297.4;416.6,364.7;376.2,384.9
221#597.3,506.0;556.9,489.2;550.2,391.7;496.4,395.1;483.0,489.2;503.2,573.2;523.3,391.7;493.1,294.2;493.1,280.8;491.4,228.7;570.4,351.4;614.1,324.5;543.5,287.5;442.6,297.6;415.8,364.8;375.4,388.4
222#606.2,518.1;559.9,489.5;538.5,386.1;485.0,393.2;474.3,493.1;502.8,589.4;513.5,389.7;485.0,282.7;485.0,275.6;476.1,213.1;549.2,307.6;602.7,304.1;534.9,272.0;435.1,286.3;406.5,357.6;370.9,400.4
223#606.1,547.6;559.7,481.9;532.6,381.3;482.3,392.9;482.3,505.1;497.8,597.9;501.7,389.0;470.7,269.1;470.7,261.3;377.9,242.0;532.6,288.4;586.8,269.1;517.1,261.3;424.3,280.7;412.7,350.3;374.0,400.6
224#592.5,573.9;560.0,480.6;527.6,371.1;474.9,375.2;487.0,496.9;491.1,594.2;499.2,371.1;470.8,261.6;470.8,261.6;468.8,186.5;517.5,194.6;560.0,225.1;515.4,245.4;422.1,269.7;422.1,338.7;397.8,387.3
225#NULL
226#NULL