1#879.1,597.6;854.8,528.8;911.5,455.9;866.9,459.9;846.7,540.9;879.1,613.8;891.2,459.9;866.9,346.6;866.9,346.6;858.8,289.9;883.1,241.3;907.4,285.8;903.4,338.5;830.5,350.6;834.5,293.9;858.8,249.4
2#879.1,597.7;854.8,528.8;911.5,455.9;866.9,459.9;846.7,540.9;879.1,613.9;891.2,459.9;866.9,346.5;866.9,346.5;858.8,289.8;883.1,241.2;907.4,285.7;903.4,338.4;834.5,350.6;834.5,293.9;858.8,249.3
3#879.9,605.0;856.4,526.8;911.1,456.4;868.1,460.3;848.6,538.5;879.9,616.8;891.6,456.4;868.1,346.9;868.1,346.9;860.3,292.2;887.7,386.1;919.0,386.1;903.3,343.0;832.9,354.8;832.9,292.2;860.3,249.2
4#879.7,604.4;856.9,524.5;910.1,456.1;868.3,459.9;849.3,543.6;879.7,615.8;891.1,456.1;868.3,349.6;868.3,349.6;860.7,288.8;887.3,391.4;917.7,391.4;906.3,345.8;834.1,353.4;834.1,292.6;856.9,250.7
5#878.6,603.7;859.8,524.7;912.5,457.0;867.4,460.7;852.3,543.5;878.6,615.0;889.9,457.0;871.1,347.9;867.4,347.9;859.8,291.4;880.5,240.7;920.0,393.0;905.0,344.1;833.5,355.4;833.5,295.2;856.1,253.8
6#882.6,606.4;863.4,525.5;913.4,456.2;867.2,460.1;851.8,544.8;878.8,617.9;890.3,460.1;867.2,348.5;867.2,348.5;859.5,290.7;882.6,248.4;905.7,279.2;905.7,344.6;832.6,352.3;832.6,294.6;859.5,252.2
7#880.8,605.6;859.8,535.6;912.2,448.1;870.2,458.6;852.8,542.6;880.8,619.6;887.8,455.1;866.8,346.6;866.8,346.6;859.8,290.6;908.8,406.1;922.8,399.1;905.2,350.1;831.8,350.1;831.8,294.1;858.0,260.9
8#882.9,613.3;862.5,535.2;910.0,447.0;869.3,457.2;855.7,545.4;882.9,623.5;889.7,453.8;869.3,348.7;865.9,348.7;862.5,291.0;886.3,386.0;916.8,396.2;903.2,348.7;832.0,355.4;832.0,297.8;857.4,268.9
9#884.9,610.5;865.0,534.4;904.7,448.4;865.0,458.3;855.1,547.6;881.6,623.7;888.2,451.7;868.3,352.4;868.3,349.1;861.7,292.9;884.9,388.8;908.0,388.8;901.4,345.8;832.0,352.4;828.6,299.5;878.3,392.1
10#883.7,618.0;869.7,537.6;904.7,446.6;862.8,457.1;859.3,544.6;880.2,621.5;887.2,450.1;866.3,348.7;866.3,348.7;862.8,292.7;880.2,383.7;911.7,285.7;901.2,345.2;831.3,352.2;831.3,299.7;854.0,270.0
11#878.1,611.6;867.7,532.4;902.2,442.8;860.8,453.2;857.4,539.3;874.6,618.5;884.9,446.3;864.3,346.4;864.3,346.4;864.3,287.9;914.2,269.0;912.5,284.5;902.2,343.0;829.8,349.9;829.8,298.2;852.2,269.0
12#865.7,598.8;865.7,520.0;900.0,444.6;855.4,454.9;858.9,530.3;872.6,609.1;876.0,448.0;865.7,338.4;862.3,338.4;862.3,287.0;891.4,257.9;917.1,287.0;900.0,338.4;831.5,341.8;828.0,297.3;857.1,257.9
13#866.9,590.5;860.4,515.4;896.3,443.6;850.6,453.4;850.6,525.2;863.6,606.9;873.4,443.6;863.6,335.8;863.6,339.1;860.4,283.6;875.1,265.6;912.6,290.1;899.6,332.6;827.7,339.1;827.7,299.9;855.5,265.6
14#858.4,558.3;858.4,480.7;897.2,438.6;851.9,448.3;845.4,516.3;858.4,587.5;874.6,445.1;861.6,335.0;861.6,335.0;855.1,280.0;872.9,262.2;913.4,289.7;894.0,328.5;826.0,338.3;842.2,312.4;858.4,267.1
15#854.3,554.0;854.3,479.1;894.9,438.6;848.1,441.7;838.7,507.2;857.4,575.8;869.9,438.6;860.6,332.5;857.4,332.5;851.2,276.4;877.7,262.3;913.6,301.3;891.8,326.3;823.1,335.6;826.2,366.8;866.8,363.7
16#906.8,479.8;849.5,470.7;891.7,434.6;840.4,440.6;831.4,491.9;852.5,558.2;867.6,437.6;855.5,332.0;855.5,329.0;846.4,274.7;870.6,365.2;897.7,362.2;891.7,326.0;822.3,332.0;825.3,362.2;846.4,365.2
17#897.3,479.6;842.2,447.0;889.8,432.0;847.2,437.0;817.2,464.5;849.7,542.1;867.3,434.5;849.7,326.8;849.7,321.8;841.0,273.0;874.8,359.4;897.3,354.4;884.8,316.8;817.2,329.3;824.7,349.3;842.2,346.8
18#896.6,482.6;886.7,433.4;886.7,428.5;842.5,433.4;808.0,445.7;840.0,524.4;864.6,428.5;847.4,317.8;844.9,317.8;831.4,267.4;889.2,276.0;916.2,310.5;881.8,312.9;810.5,322.8;813.0,352.3;842.5,335.1
19#893.3,484.7;886.3,428.9;881.7,408.0;835.2,426.6;798.0,431.3;832.9,505.6;858.5,417.3;839.9,312.7;839.9,310.4;829.4,262.7;867.8,354.6;893.3,338.3;872.4,305.7;805.0,317.4;809.7,345.3;835.2,345.3
20#893.0,487.5;883.8,414.2;879.2,411.9;831.1,421.1;789.9,416.5;824.2,487.5;851.7,414.2;835.7,311.1;833.4,306.5;823.1,255.0;867.8,350.0;915.9,311.1;870.1,299.6;799.0,313.4;803.6,343.2;833.4,340.9
21#891.9,493.5;879.2,376.9;877.1,402.3;828.3,417.2;786.0,404.5;813.5,468.0;851.7,406.6;830.5,307.0;828.3,300.6;814.6,265.6;932.2,304.9;915.2,309.1;868.6,296.4;794.4,313.3;802.9,343.0;826.2,328.2
22#890.8,500.9;873.2,442.1;875.1,400.9;826.1,416.6;783.0,395.0;802.6,455.8;849.6,408.7;826.1,306.8;822.2,297.0;811.4,266.6;930.0,308.7;881.0,328.3;859.4,295.0;788.8,312.6;773.2,322.4;798.6,308.7
23#890.7,510.1;870.1,444.2;874.2,399.0;818.7,411.3;777.6,382.5;792.0,444.2;843.4,407.2;820.7,304.4;818.7,296.2;809.4,260.2;923.6,308.5;919.5,296.2;855.7,294.1;783.7,308.5;757.0,316.7;789.9,304.4
24#887.0,514.7;867.9,448.0;865.5,398.0;815.5,410.0;758.4,364.7;784.6,436.1;837.0,402.8;817.9,300.4;817.9,298.1;802.4,265.9;920.3,317.1;896.5,295.7;856.0,290.9;782.2,305.2;748.9,310.0;784.6,290.9
25#885.1,524.4;869.8,455.5;862.1,391.7;808.5,401.9;752.4,350.8;775.4,430.0;834.1,394.2;811.1,302.3;813.6,302.3;800.9,248.7;918.3,335.5;874.9,322.7;844.3,292.1;777.9,307.4;770.2,345.7;754.9,376.4
26#883.9,536.8;867.1,455.8;856.0,397.1;802.9,399.9;752.5,346.8;769.3,411.0;828.0,397.1;811.2,302.0;811.2,304.8;800.1,246.1;867.1,246.1;886.7,268.5;844.8,290.9;774.9,304.8;727.4,290.9;769.3,260.1
27#920.0,355.3;915.0,327.9;840.2,395.2;790.4,405.1;740.6,345.3;768.0,405.1;817.8,395.2;800.4,300.5;800.4,305.4;797.9,250.6;847.7,235.7;880.1,258.1;832.8,293.0;763.0,307.9;720.6,285.5;760.5,250.6
28#889.7,548.2;859.6,475.9;838.5,409.7;784.3,412.7;793.3,385.6;757.2,409.7;811.4,412.7;796.4,307.3;796.4,313.3;790.3,256.1;832.5,222.9;871.6,250.0;829.5,295.2;760.2,313.3;715.0,277.2;751.2,241.0
29#884.2,556.7;855.5,481.4;826.8,420.4;776.6,420.4;826.8,395.3;841.1,477.8;801.7,416.8;790.9,316.4;790.9,316.4;787.3,255.5;826.8,212.5;848.3,244.7;830.4,320.0;755.1,320.0;712.0,269.8;744.3,230.4
30#902.3,493.9;853.0,458.4;821.9,373.0;782.4,378.1;839.1,376.9;870.1,439.6;801.7,370.6;783.3,319.1;783.3,320.0;786.1,262.2;818.4,244.7;840.5,275.6;798.4,322.4;749.1,319.8;713.5,266.5;739.3,225.6
31#920.4,431.2;850.6,435.3;816.9,325.5;788.1,335.9;851.3,358.4;899.2,401.5;801.6,324.3;775.7,321.8;775.7,323.5;784.8,268.8;810.0,276.8;832.7,306.5;766.5,324.7;743.1,319.6;714.9,263.3;734.3,220.9
32#938.5,368.4;848.1,412.3;812.0,278.1;793.9,293.6;863.6,340.0;928.2,363.3;801.6,278.1;768.1,324.5;768.1,327.1;783.6,275.5;801.6,309.0;824.9,337.4;734.5,327.1;737.1,319.4;716.4,260.0;729.3,216.1
33#943.1,376.7;864.0,366.5;823.2,348.6;828.3,302.7;874.2,366.5;953.3,376.7;828.3,305.3;764.5,328.2;764.5,333.3;772.2,284.8;807.9,295.1;797.7,328.2;731.3,343.5;736.4,328.2;713.5,259.3;733.9,417.5
34#915.9,454.1;811.1,481.8;783.4,435.6;743.3,435.6;860.4,432.5;872.8,441.8;761.8,435.6;764.9,346.2;764.9,346.2;768.0,293.8;795.7,293.8;798.8,312.3;795.7,346.2;731.0,343.1;743.3,327.7;743.3,324.7
35#833.1,577.8;803.9,496.6;781.1,454.3;735.6,460.8;761.6,444.6;797.4,529.1;758.4,457.6;755.1,360.1;755.1,356.8;768.1,301.6;768.1,399.1;787.6,395.8;790.9,363.3;722.6,356.8;709.6,392.6;742.1,399.1
36#820.3,583.5;801.1,506.8;775.6,474.9;724.4,487.7;734.0,446.1;791.6,538.8;750.0,484.5;753.2,366.3;753.2,369.5;762.8,315.1;782.0,280.0;801.1,321.5;791.6,369.5;718.1,356.7;695.7,302.3;714.9,270.4
37#803.9,576.7;788.7,504.1;764.6,501.1;713.2,504.1;740.4,495.1;773.6,555.5;743.4,504.1;746.4,380.3;746.4,377.2;764.6,325.9;767.6,307.7;794.8,341.0;782.7,389.3;713.2,374.2;686.0,319.8;707.2,289.6
38#779.0,581.8;773.1,505.2;755.4,508.2;714.2,519.9;770.1,508.2;781.9,581.8;737.7,519.9;743.6,396.2;746.6,390.4;767.2,343.2;773.1,322.6;790.8,366.8;779.0,408.0;708.3,387.4;681.8,340.3;714.2,307.9
39#923.4,548.8;897.0,478.2;852.9,490.0;844.0,490.0;858.7,537.0;935.2,510.6;841.1,490.0;767.6,498.8;752.9,413.6;767.6,357.7;773.5,372.4;776.4,404.7;752.9,510.6;717.6,398.9;852.9,545.8;891.1,545.8
40#768.2,583.7;754.3,512.0;745.0,537.4;696.5,544.4;705.7,500.4;728.8,579.0;719.6,539.7;740.4,424.1;742.7,421.8;756.6,375.5;749.7,491.2;768.2,470.4;772.8,435.7;708.0,417.2;696.5,463.4;715.0,481.9
41#737.5,576.1;749.3,519.9;737.5,555.0;688.3,559.7;695.4,508.2;707.1,557.4;714.1,557.4;735.2,442.5;737.5,437.9;751.6,388.6;744.6,510.5;765.7,484.7;770.4,449.6;702.4,435.5;688.3,473.0;709.4,494.1
42#729.3,589.4;744.2,537.3;732.1,569.7;683.3,572.0;686.3,524.2;698.3,576.2;708.4,570.3;732.7,456.8;735.2,451.7;750.1,403.9;746.9,515.1;760.5,500.8;767.3,464.2;700.1,449.4;684.9,486.8;706.4,506.3
43#721.2,602.7;739.1,554.8;726.8,584.3;678.2,584.3;677.1,540.3;689.4,595.0;702.8,583.3;730.1,471.0;732.9,465.5;748.5,419.1;749.1,519.6;755.3,516.8;764.2,478.9;697.8,463.2;681.6,500.6;703.3,518.5
44#713.0,616.0;734.0,572.2;721.4,599.0;673.2,596.6;668.0,556.3;680.6,613.8;697.1,596.2;727.6,485.3;730.6,479.3;747.0,434.4;751.4,524.2;750.1,532.9;761.1,493.5;695.5,477.1;678.2,514.4;700.3,530.7
45#704.9,629.4;728.9,589.7;716.0,613.6;668.1,609.0;658.9,572.4;671.7,632.5;691.5,609.1;725.1,499.6;728.3,493.2;745.5,449.7;753.6,528.7;744.8,548.9;758.0,508.2;693.1,491.0;674.8,528.3;697.3,542.9
46#696.7,642.7;723.8,607.1;710.6,628.3;663.1,621.3;649.8,588.4;662.9,651.3;685.8,622.0;722.6,513.9;726.0,507.0;744.0,465.0;755.9,533.3;739.6,565.0;754.9,522.8;690.8,504.9;671.4,542.1;694.3,555.1
47#688.6,656.0;718.7,624.6;705.3,642.9;658.0,633.6;640.6,604.5;654.0,670.1;680.2,635.0;720.0,528.1;723.7,520.8;742.4,480.2;758.1,537.8;734.4,581.0;751.8,537.5;688.5,518.7;668.1,555.9;691.2,567.3
48#680.4,669.3;713.6,642.0;699.9,657.6;653.0,645.9;631.5,620.5;645.2,688.9;674.5,647.9;717.5,542.4;721.4,534.6;740.9,495.5;760.4,542.4;729.2,597.1;748.7,552.1;686.2,532.6;664.7,569.7;688.2,579.5
49#686.2,692.1;711.6,651.1;703.7,662.9;651.0,657.0;625.6,627.7;639.3,692.1;674.4,662.9;717.4,555.4;721.3,547.6;738.9,506.6;764.3,561.3;762.3,608.2;750.6,563.2;684.2,547.6;662.7,578.9;686.2,578.9
50#672.5,685.3;705.7,658.0;707.7,652.1;662.8,618.9;621.8,628.7;637.4,691.2;682.3,628.7;717.5,566.2;721.4,558.4;738.9,517.4;762.4,576.0;764.3,617.0;750.7,576.0;686.2,556.4;660.8,587.7;686.2,603.3
51#664.6,696.3;707.6,663.1;703.7,667.0;641.2,669.0;621.7,633.8;639.2,684.6;660.7,674.9;715.4,577.2;721.3,567.4;740.8,526.4;764.2,594.8;760.3,631.9;752.5,587.0;680.3,561.6;662.7,596.7;684.2,606.5
52#690.9,736.9;708.5,658.7;696.7,688.0;642.1,680.2;642.1,649.0;634.2,674.4;669.4,682.2;714.3,584.5;722.1,572.8;741.7,531.8;735.8,621.6;759.2,643.1;755.3,594.3;679.2,570.9;663.5,609.9;690.9,611.9
53#684.4,764.2;695.9,718.5;698.1,684.2;645.6,679.7;689.0,716.2;686.7,761.9;673.0,682.0;716.4,590.6;721.0,581.5;738.1,532.4;739.2,634.0;757.5,652.3;755.2,602.0;677.6,574.6;659.3,606.6;684.4,618.0
54#683.8,776.9;693.4,724.0;700.6,680.8;643.0,678.4;691.0,724.0;686.2,774.4;671.8,678.4;715.0,592.0;719.8,582.4;740.2,535.6;739.0,640.0;755.8,656.8;755.8,606.4;676.6,575.2;657.4,608.8;683.8,620.8
55#683.1,788.7;692.8,728.4;697.6,682.5;639.7,680.1;700.0,721.1;683.1,779.1;668.7,682.5;714.5,593.2;716.9,583.5;737.5,534.0;738.7,646.3;758.0,660.8;753.1,610.1;675.9,576.3;656.6,612.5;680.7,624.6
56#682.3,792.5;691.8,735.5;696.6,688.0;639.6,680.9;696.6,721.3;682.3,778.2;670.5,683.3;713.2,593.1;717.9,583.6;735.7,537.3;736.9,657.2;760.6,664.3;751.1,609.7;677.6,574.1;651.5,612.1;679.9,626.3
57#687.7,796.4;696.2,739.3;697.2,689.3;642.3,681.6;699.4,730.6;681.8,758.2;671.0,683.2;713.4,590.0;718.8,578.5;739.1,538.5;742.5,665.1;763.4,661.7;750.5,606.9;679.4,570.7;652.5,606.3;682.4,633.5
58#693.1,800.4;700.7,743.2;697.9,690.6;645.1,682.3;702.3,739.9;681.4,738.3;671.6,683.1;713.7,586.9;719.7,573.5;742.5,539.6;748.0,672.9;766.3,659.2;749.8,604.2;681.3,567.4;653.4,600.6;685.0,640.6
59#698.5,804.3;705.1,747.0;698.5,691.9;647.8,683.0;705.1,749.2;680.9,718.3;672.1,683.0;713.9,583.8;720.6,568.4;745.9,540.8;753.6,680.8;769.1,656.6;749.2,601.4;683.1,564.0;654.4,594.8;687.5,647.8
60#705.2,806.4;709.6,742.3;700.7,687.0;652.1,678.1;698.5,698.0;687.5,720.1;674.2,684.7;711.8,580.7;720.7,567.5;741.7,535.4;753.9,680.3;767.1,651.5;747.2,598.4;683.0,563.0;654.3,594.0;680.8,609.5
61#705.7,807.7;713.2,765.3;700.7,682.9;653.3,680.4;710.7,692.9;690.8,730.3;673.3,680.4;710.7,578.1;715.7,568.1;740.7,518.2;755.7,680.4;768.1,650.4;748.2,595.5;673.3,555.6;630.9,520.7;662.1,509.4
62#709.9,802.2;720.6,750.6;701.8,681.9;655.1,679.2;712.8,691.1;690.1,735.5;675.2,679.2;711.0,573.3;714.8,565.8;737.8,514.6;758.5,667.2;773.8,642.1;749.5,589.8;673.5,553.8;634.0,513.1;662.6,496.0
63#714.0,796.6;728.1,735.9;703.0,680.9;656.9,678.0;714.8,689.4;689.4,740.7;677.2,678.0;711.4,568.5;713.9,563.5;735.0,511.1;761.4,653.9;779.6,633.8;750.7,584.0;673.8,552.1;637.1,505.5;663.0,482.6
64#718.2,791.1;735.5,721.2;704.1,680.0;658.7,676.8;716.9,687.6;688.7,745.9;679.1,676.8;711.7,563.6;712.9,561.1;732.1,507.5;764.2,640.7;785.3,625.5;752.0,578.3;674.0,550.3;640.2,497.8;663.5,469.2
65#722.3,785.5;742.9,706.5;705.2,679.0;660.5,675.6;718.9,685.9;688.0,751.1;681.1,675.6;712.0,558.8;712.0,558.8;729.2,503.9;767.0,627.5;791.0,617.2;753.2,572.6;674.2,548.5;643.3,490.2;663.9,455.8
66#735.5,758.7;745.4,682.5;709.0,672.5;665.9,669.2;712.3,689.1;689.1,752.1;685.8,669.2;712.3,553.2;712.3,553.2;725.5,500.2;768.6,602.9;795.1,602.9;748.7,566.5;675.8,546.6;642.7,483.6;662.6,440.5
67#738.2,756.9;755.0,679.6;708.0,672.9;664.3,662.8;714.7,693.1;687.8,760.3;684.4,672.9;711.3,548.5;711.3,548.5;728.1,498.1;805.4,551.9;802.1,592.2;751.7,562.0;674.3,545.2;637.4,484.7;654.2,444.3
68#745.2,746.1;764.7,664.7;712.6,674.5;663.8,664.7;712.6,694.0;686.6,765.6;689.8,668.0;712.6,550.7;715.9,547.5;728.9,495.4;807.0,557.3;816.8,580.1;751.7,557.3;673.5,537.7;634.5,485.6;657.3,446.6
69#748.2,743.7;767.6,659.6;715.9,669.3;667.3,666.0;719.1,698.4;686.7,772.8;690.0,666.0;712.6,546.4;712.6,546.4;728.8,491.4;819.4,562.5;803.2,552.8;751.4,556.1;670.6,536.7;631.8,491.4;654.4,452.6
70#763.2,714.4;766.3,646.9;723.4,659.2;674.4,662.3;717.3,705.2;686.6,778.7;698.9,662.3;714.2,545.8;714.2,545.8;726.5,487.6;809.2,545.8;812.3,551.9;754.0,548.9;671.3,533.6;631.5,499.8;654.5,461.5
71#766.7,702.0;766.7,632.6;727.5,653.7;679.2,653.7;712.4,708.0;688.3,786.5;703.4,653.7;715.4,539.0;715.4,542.0;727.5,487.7;787.8,499.8;821.0,530.0;754.6,545.1;673.2,536.0;633.9,505.8;656.6,465.1
72#774.7,688.6;768.8,620.7;730.4,650.2;683.2,653.1;703.9,712.2;692.1,788.9;706.8,653.1;715.7,538.0;715.7,541.0;727.5,482.0;786.5,490.8;810.1,520.3;757.0,538.0;677.3,529.2;636.0,514.4;653.7,476.1
73#775.3,688.3;772.3,619.6;736.4,646.5;691.6,652.4;697.6,709.2;685.7,789.8;715.5,649.4;718.5,536.0;718.5,536.0;724.5,479.2;790.2,473.2;811.1,506.1;757.3,536.0;679.7,527.0;643.9,521.0;688.7,568.8
74#776.4,665.8;776.4,604.1;738.2,642.3;694.2,651.1;691.2,715.7;685.3,786.2;714.7,642.3;720.6,530.7;717.7,533.6;723.5,477.8;789.6,464.6;808.7,492.5;758.8,530.7;682.4,527.7;670.7,563.0;691.2,571.8
75#780.6,651.1;763.3,633.8;742.5,644.2;694.0,644.2;687.1,713.4;683.7,782.6;718.3,644.2;721.7,526.5;721.7,526.5;721.7,471.1;784.0,440.0;801.3,481.5;756.3,526.5;683.7,526.5;656.0,540.3;673.3,491.9
76#780.5,648.7;762.7,630.8;741.2,641.5;698.4,645.1;691.2,705.8;684.1,777.3;719.8,641.5;723.4,527.2;723.4,523.6;719.8,470.0;784.1,430.7;798.4,470.0;759.1,527.2;687.6,523.6;655.5,545.1;666.2,502.2
77#780.2,610.6;769.5,628.5;744.3,639.3;701.3,642.9;694.1,703.9;683.3,779.3;722.8,639.3;722.8,524.4;722.8,524.4;722.8,470.6;783.8,416.7;794.6,463.4;762.3,524.4;683.3,524.4;654.6,549.6;665.4,510.1
78#781.3,614.2;781.3,610.6;752.7,635.7;702.4,635.7;695.3,700.2;680.9,771.9;727.6,635.7;724.0,520.9;724.0,520.9;724.0,463.6;784.9,409.8;788.5,460.0;759.8,520.9;684.5,520.9;652.2,553.2;670.2,513.8
79#777.2,613.1;777.2,609.7;753.3,630.2;705.5,633.6;698.6,691.7;681.5,763.4;732.8,630.2;722.5,517.5;722.5,517.5;719.1,462.8;782.3,406.4;787.4,452.6;756.7,514.0;685.0,517.5;654.2,555.0;657.6,517.5
80#777.9,607.9;774.5,604.5;754.3,624.8;703.5,628.2;696.8,685.7;686.6,753.3;730.6,624.8;720.5,513.2;720.5,513.2;720.5,459.1;779.6,403.4;788.1,452.4;754.3,509.8;679.9,520.0;659.6,560.6;656.2,533.5
81#786.3,626.0;704.3,663.8;754.7,622.8;704.3,626.0;701.1,676.4;688.5,742.7;729.5,622.8;716.9,512.4;716.9,512.4;716.9,455.6;778.4,419.4;792.6,452.5;754.7,502.9;675.9,515.6;657.0,559.7;660.1,540.8
82#791.7,632.8;770.1,577.2;757.7,614.2;705.3,617.3;702.2,660.5;699.1,731.5;730.0,614.2;714.5,509.3;714.5,506.2;714.5,453.8;787.1,421.4;797.9,456.9;757.7,500.1;674.4,515.5;659.0,561.8;659.0,540.2
83#765.2,640.2;770.9,575.0;756.7,606.2;705.8,614.7;700.1,643.0;705.8,716.6;731.2,609.0;711.4,507.0;711.4,504.2;708.6,450.4;789.3,429.2;802.0,464.6;753.9,498.5;674.6,512.7;651.9,555.2;646.3,549.5
84#760.2,636.0;768.2,580.1;757.6,606.8;707.0,612.1;709.7,633.4;709.7,702.6;733.6,609.4;712.3,505.6;712.3,500.3;707.0,444.4;785.5,432.4;800.2,471.0;754.9,495.0;669.7,510.9;648.4,558.8;645.8,542.9
85#758.8,651.6;769.5,580.0;750.9,601.2;705.7,611.8;705.7,622.5;713.7,686.2;729.6,601.2;711.1,497.7;711.1,495.0;708.4,442.0;785.4,426.0;798.6,471.2;756.2,489.7;671.2,505.7;644.7,550.8;642.0,540.2
86#757.4,658.0;759.9,569.8;759.9,604.1;703.5,613.9;698.6,613.9;715.8,675.1;730.5,609.0;710.9,496.4;710.9,491.5;706.0,437.6;781.9,432.7;794.2,476.8;752.5,486.6;669.2,503.7;637.4,542.9;664.3,552.7
87#760.0,665.0;752.8,568.9;757.6,604.9;702.4,614.5;692.8,573.7;714.4,652.9;726.4,609.7;707.2,496.8;709.6,489.6;707.2,434.3;781.7,439.1;791.3,484.8;745.6,487.2;671.2,499.2;632.7,532.8;656.7,556.8
88#758.0,675.4;755.6,627.3;750.8,603.3;700.4,608.1;695.6,591.3;714.8,641.7;724.4,603.3;707.6,495.2;710.0,488.0;705.2,435.1;779.7,447.1;791.7,490.4;748.4,485.6;669.2,497.6;625.9,524.0;640.3,516.8
89#759.4,680.6;759.4,601.1;742.1,603.6;699.9,606.1;647.7,568.9;650.2,586.2;719.7,603.6;707.3,491.9;707.3,486.9;704.8,432.3;784.3,454.7;786.7,496.9;747.0,486.9;667.6,494.4;620.4,511.8;655.2,504.3
90#758.0,692.2;760.5,619.3;740.4,596.7;695.1,596.7;672.5,586.6;747.9,649.5;720.3,596.7;705.2,488.6;705.2,486.1;702.7,430.8;783.1,463.4;785.6,503.7;745.4,483.6;665.0,491.1;617.2,501.2;665.0,488.6
91#758.3,698.8;763.4,620.3;743.1,582.3;697.5,589.9;654.5,602.5;750.7,673.5;720.3,584.8;705.1,486.0;705.1,483.5;700.1,427.7;778.6,473.3;783.7,506.3;748.2,480.9;664.6,488.5;616.5,486.0;654.5,455.6
92#758.2,705.8;765.7,635.9;745.7,583.4;700.8,590.9;760.7,605.9;755.7,665.9;723.2,583.4;703.3,486.0;703.3,478.5;697.0,432.3;778.2,481.0;783.2,511.0;745.7,481.0;660.8,483.5;613.3,471.0;648.3,441.1
93#759.6,708.4;759.6,648.7;746.6,581.3;702.5,583.9;668.8,617.6;655.8,625.4;723.3,583.9;702.5,482.6;702.5,477.4;693.4,426.8;780.4,487.8;780.4,513.8;749.2,480.0;658.4,480.0;614.3,456.7;641.5,426.8
94#761.6,707.9;761.6,641.7;745.8,583.4;700.7,586.1;674.2,620.5;658.4,636.4;721.9,583.4;703.4,482.8;703.4,474.8;694.1,425.8;780.2,490.7;777.5,514.6;748.4,477.5;658.4,474.8;616.0,443.1;630.5,425.8
95#765.6,706.3;765.6,638.1;742.9,578.4;697.4,578.4;694.5,601.1;663.2,629.5;720.1,578.4;703.0,476.0;700.2,473.1;690.2,414.8;785.5,504.4;777.0,512.9;748.5,473.1;657.5,473.1;617.7,433.3;627.7,414.8
96#767.9,704.2;767.9,635.9;750.1,576.5;699.6,579.5;693.7,612.1;661.0,641.8;723.4,579.5;702.6,472.6;702.6,469.6;686.2,411.7;747.1,529.0;779.8,520.1;747.1,472.6;658.0,469.6;616.5,422.1;620.9,405.8
97#771.6,699.5;771.6,628.1;749.9,572.3;700.2,575.4;700.2,606.4;669.2,643.7;725.1,575.4;703.3,469.9;700.2,463.7;690.9,407.8;802.7,516.4;780.9,519.5;749.9,473.0;659.9,466.8;613.3,426.4;621.1,381.4
98#771.3,693.4;771.3,620.1;745.8,565.9;701.2,572.3;710.8,610.5;669.3,648.8;723.5,569.1;704.4,470.3;701.2,460.7;694.8,406.5;800.0,524.4;780.9,524.4;752.2,470.3;659.8,460.7;615.2,428.8;627.9,387.4
99#770.6,685.2;770.6,614.9;749.2,562.9;703.4,569.1;715.6,584.3;712.5,627.1;727.8,566.0;706.4,465.1;703.4,456.0;700.3,404.0;767.5,507.9;782.8,523.2;755.3,468.2;663.6,459.0;608.6,440.7;626.9,397.9
100#769.3,674.0;766.4,615.1;751.7,559.2;704.6,565.1;716.4,582.7;713.4,635.7;728.1,562.1;707.5,465.0;704.6,453.2;701.6,400.2;757.6,509.2;787.0,518.0;754.6,465.0;660.4,459.1;610.4,450.3;625.1,409.1
101#763.3,658.8;763.3,606.7;747.6,551.9;698.1,559.8;716.3,585.8;711.1,645.8;724.2,551.9;703.3,460.7;703.3,452.9;698.1,398.1;768.5,520.6;792.0,512.8;752.8,460.7;659.0,458.1;612.0,460.7;625.1,419.0
102#764.6,645.6;767.1,574.0;751.8,553.5;703.2,561.2;710.8,645.6;710.8,660.9;728.7,556.0;705.7,461.4;703.2,451.1;700.6,397.4;764.6,510.0;795.3,504.9;749.2,461.4;659.7,458.8;616.2,469.1;626.4,428.1
103#761.9,638.2;764.4,580.0;759.4,562.2;706.2,567.3;711.3,592.6;711.3,666.0;731.5,562.2;706.2,463.5;706.2,453.4;699.9,396.4;777.1,483.8;802.4,499.0;751.8,461.0;660.6,463.5;620.1,476.2;627.7,438.2
104#760.6,621.5;757.9,600.0;763.3,565.2;709.7,573.2;712.3,600.0;709.7,675.1;733.8,565.2;709.7,460.7;707.0,455.3;700.3,403.1;798.1,482.1;806.1,487.5;755.2,458.0;666.8,463.4;629.3,487.5;629.3,450.0
105#779.5,605.6;756.8,611.3;765.3,563.0;711.3,574.4;714.1,617.0;711.3,685.3;739.7,571.5;708.4,460.6;708.4,454.9;701.3,410.8;739.7,494.7;765.3,494.7;753.9,457.8;668.6,463.4;634.5,494.7;631.6,457.8
106#772.6,613.2;766.9,593.3;761.2,562.2;713.1,567.8;713.1,618.8;710.2,689.6;738.6,565.0;710.2,460.2;710.2,451.7;700.3,396.5;735.7,491.4;764.1,499.9;752.7,454.6;670.6,463.1;642.3,499.9;636.6,465.9
107#777.0,617.3;764.2,604.5;764.2,562.7;712.8,572.4;712.8,626.9;706.4,694.3;738.5,566.0;712.8,456.8;712.8,453.6;701.6,394.3;783.4,411.9;805.9,440.8;757.7,450.4;667.9,466.5;642.2,508.2;639.0,472.9
108#771.5,630.4;768.4,602.4;765.3,558.9;709.3,568.2;709.3,627.3;706.2,695.7;740.4,562.0;712.4,456.3;709.3,450.1;700.0,394.1;777.7,391.0;805.7,422.1;752.9,443.8;668.9,468.7;647.1,512.2;640.9,478.0
109#764.5,642.9;764.5,585.8;767.7,557.3;713.8,569.9;707.4,611.2;704.2,696.8;739.1,563.6;710.6,455.8;710.6,449.4;701.1,392.3;780.4,376.5;802.6,408.2;755.0,443.1;666.2,468.4;647.1,516.0;637.6,490.6
110#763.3,652.1;756.9,604.0;760.1,552.8;708.8,562.4;708.8,613.7;705.6,684.1;734.4,559.2;708.8,453.5;708.8,447.1;699.2,389.4;780.9,359.0;795.3,395.8;750.4,437.5;667.2,466.3;647.9,517.6;638.3,495.1
111#762.1,644.0;749.5,596.7;759.0,552.6;705.4,562.1;702.3,599.9;705.4,675.5;733.8,555.8;708.6,455.0;708.6,445.5;699.1,391.9;740.1,483.3;784.2,385.6;752.7,436.1;667.6,467.6;645.6,518.0;633.0,502.2
112#752.0,651.3;742.0,594.6;755.3,554.6;705.3,561.3;702.0,594.6;705.3,668.0;732.0,557.9;712.0,451.3;708.7,444.6;695.3,391.2;780.3,342.9;778.7,381.2;748.7,437.9;665.3,467.9;645.3,517.9;625.3,514.6
113#766.4,676.6;746.6,597.3;753.2,551.0;703.7,554.3;703.7,603.9;700.3,653.5;726.8,551.0;707.0,451.9;707.0,445.3;693.7,389.1;781.3,344.5;779.7,385.8;743.3,435.4;664.0,468.4;637.6,521.3;624.3,521.3
114#734.8,664.2;741.4,598.6;751.2,546.2;702.1,552.8;702.1,588.8;698.8,638.0;725.0,546.2;702.1,451.3;702.1,444.7;689.0,389.0;785.6,348.1;784.0,395.6;744.7,434.9;662.8,467.6;630.0,523.3;623.5,526.6
115#758.0,679.0;744.6,598.5;751.3,544.7;697.6,554.8;697.6,568.3;697.6,622.0;724.5,548.1;701.0,450.7;697.6,444.0;684.2,390.3;781.5,353.4;788.3,393.7;741.3,434.0;657.3,467.5;623.7,521.2;630.5,538.0
116#733.2,673.1;742.8,602.2;742.8,547.5;694.5,557.1;684.8,576.4;691.3,602.2;717.1,553.9;694.5,450.8;691.3,444.4;681.6,389.6;779.9,359.1;791.1,399.3;736.4,434.7;652.6,463.7;620.4,515.3;626.9,541.0
117#735.7,687.0;739.0,613.6;735.7,553.6;685.7,553.6;685.7,556.9;745.7,623.6;709.0,553.6;692.3,450.2;692.3,443.6;679.0,383.6;780.7,371.9;789.0,406.9;739.0,433.6;649.0,460.2;619.0,510.3;625.6,540.3
118#735.5,694.3;741.7,621.9;732.3,549.6;678.8,549.6;663.1,540.1;675.7,599.9;704.0,549.6;688.3,442.6;688.3,442.6;675.7,382.8;785.8,382.8;785.8,417.4;732.3,433.1;644.2,455.2;615.9,499.2;622.2,537.0
119#739.9,700.2;739.9,624.7;726.8,546.0;671.0,549.3;641.5,542.8;677.6,611.6;697.2,546.0;684.1,441.1;684.1,441.1;674.3,378.8;798.9,414.9;785.8,428.0;730.0,431.3;638.2,450.9;612.0,496.8;621.8,526.4
120#744.5,697.5;735.0,625.2;722.4,546.6;665.8,546.6;672.1,600.0;647.0,593.7;694.1,546.6;678.4,439.7;678.4,436.5;670.6,375.2;785.3,408.2;785.3,436.5;725.6,433.4;634.4,445.9;609.2,483.7;628.1,515.1
121#743.6,695.1;735.3,614.8;715.9,545.6;663.3,545.6;666.1,614.8;641.2,601.0;688.2,545.6;674.4,437.6;677.2,432.0;673.0,378.0;771.3,412.6;774.1,445.9;718.7,432.0;632.8,437.6;599.6,470.8;627.3,498.5
122#739.0,686.4;736.1,602.7;704.3,542.1;658.1,539.2;698.5,530.5;652.3,605.6;678.3,539.2;672.6,432.4;672.6,426.6;674.0,367.4;767.8,423.7;764.9,455.5;715.9,432.4;629.3,432.4;594.6,458.4;635.0,475.7
123#740.0,677.4;738.1,594.6;698.8,538.0;653.6,537.9;694.1,537.5;656.1,609.2;674.3,537.0;671.4,430.7;671.4,424.1;672.8,368.9;765.5,431.2;760.9,460.5;713.8,431.6;628.1,429.8;604.1,461.5;640.9,471.3
124#741.0,668.5;740.0,586.6;693.4,534.0;649.2,536.6;689.6,544.5;659.8,612.7;670.3,534.8;670.2,428.9;670.2,421.6;671.6,370.4;763.2,438.7;756.8,465.5;711.7,430.7;627.0,427.1;613.6,464.7;646.9,466.8
125#742.0,659.5;742.0,578.5;687.9,529.9;644.7,535.3;685.2,551.5;663.6,616.3;666.3,532.6;669.0,427.2;669.0,419.1;670.4,371.9;760.9,446.2;752.8,470.5;709.6,429.9;625.8,424.5;623.1,467.8;652.8,462.4
126#742.4,644.5;734.4,548.5;686.3,527.1;643.6,532.5;681.0,551.2;665.0,620.5;665.0,532.5;665.0,425.8;667.7,415.1;666.3,373.7;761.0,455.1;750.4,471.1;707.7,428.4;622.3,420.4;617.0,460.4;646.3,463.1
127#742.7,628.4;737.1,542.2;687.0,525.5;639.8,531.1;681.5,553.3;662.0,628.4;664.8,528.3;662.0,419.8;664.8,414.3;666.2,368.4;764.9,453.2;751.0,467.1;706.5,425.4;620.3,417.0;620.3,461.5;645.3,461.5
128#744.3,608.7;735.2,526.4;689.4,523.4;643.7,532.5;677.2,553.8;662.0,642.3;665.0,526.4;662.0,419.7;662.0,410.5;663.5,363.3;793.1,483.7;753.5,462.4;704.7,422.7;616.3,416.6;616.3,462.4;643.7,468.5
129#744.7,596.3;738.4,514.8;688.2,524.2;638.1,530.4;675.7,552.4;663.2,649.6;660.0,527.3;660.0,414.4;663.2,408.2;664.7,356.5;788.6,486.5;760.3,458.3;707.0,417.6;616.1,408.2;619.3,452.1;647.5,461.5
130#744.5,575.7;744.5,502.8;689.0,516.7;640.5,523.6;675.1,568.7;661.3,655.4;664.7,523.6;661.3,409.2;661.3,405.7;668.2,339.8;761.9,426.5;765.3,450.8;706.4,412.6;616.2,402.2;574.5,360.6;621.4,334.6
131#722.3,609.9;739.3,493.0;687.7,512.0;639.5,517.8;668.7,573.5;661.9,660.6;664.2,517.8;661.9,403.8;661.9,400.2;667.7,336.8;764.3,422.6;767.8,440.0;706.6,407.2;617.2,396.7;577.2,349.4;617.6,320.5
132#700.0,644.0;734.2,483.2;686.4,507.3;638.5,512.1;662.2,578.3;662.5,665.7;663.6,512.1;662.5,398.3;662.5,394.7;667.3,333.7;766.8,418.7;770.4,429.3;706.8,401.9;618.2,391.1;580.0,338.2;613.9,306.4
133#677.8,678.2;729.0,473.4;685.1,502.6;637.5,506.3;655.8,583.1;663.1,670.9;663.1,506.3;663.1,392.9;663.1,389.2;666.8,330.7;769.2,414.8;772.9,418.5;707.0,396.5;619.2,385.6;582.7,327.0;610.1,292.3
134#650.0,670.1;705.2,587.3;681.6,492.7;638.2,504.5;642.1,591.2;650.0,670.1;657.9,500.5;661.9,386.2;661.9,386.2;673.7,323.1;784.1,402.0;772.3,402.0;705.2,390.1;618.5,382.2;586.9,315.2;604.7,273.8
135#665.4,643.1;699.3,587.1;682.5,491.0;637.5,502.4;638.6,587.5;644.2,667.7;658.0,498.6;661.9,383.9;661.2,383.2;673.1,320.8;761.0,406.1;757.1,406.1;704.7,387.0;618.3,379.3;582.8,318.2;600.1,281.3
136#680.8,616.1;693.4,586.9;683.3,489.2;636.8,500.4;635.0,583.8;638.4,665.3;658.1,496.6;661.9,381.6;660.5,380.2;672.4,318.4;738.0,410.2;741.8,410.2;704.3,383.9;618.1,376.4;578.7,321.2;595.5,288.8
137#696.1,589.2;687.4,586.8;684.2,487.5;636.0,498.3;631.5,580.2;632.6,663.0;658.3,494.7;662.0,379.2;659.9,377.2;671.8,316.1;714.9,414.3;726.6,414.3;703.8,380.8;617.9,373.6;574.5,324.2;590.9,296.4
138#711.5,562.2;681.5,586.6;685.0,485.7;635.3,496.3;627.9,576.5;626.8,660.6;658.4,492.7;662.0,376.9;659.2,374.2;671.1,313.7;691.9,418.4;711.3,418.4;703.4,377.7;617.7,370.7;570.4,327.2;586.3,303.9
139#726.9,535.2;675.6,586.4;685.9,484.0;634.6,494.2;624.4,572.8;621.0,658.2;658.5,490.8;662.0,374.6;658.5,371.2;670.5,311.4;668.8,422.5;696.1,422.5;702.9,374.6;617.5,367.8;566.3,330.2;581.7,311.4
140#726.4,542.9;682.9,575.8;685.6,483.9;634.6,493.1;616.9,560.8;613.2,647.1;658.4,489.7;659.8,372.6;656.8,369.3;665.0,309.4;667.4,402.0;695.5,404.6;700.5,371.8;615.9,367.2;567.1,338.6;582.3,316.0
141#725.9,550.6;690.1,565.1;685.2,483.8;634.7,491.9;609.4,548.9;605.3,636.0;658.3,488.7;657.5,370.6;655.0,367.3;659.5,307.4;666.1,381.5;694.9,386.8;698.2,368.9;614.3,366.5;567.9,347.0;583.0,320.5
142#725.4,558.3;697.4,554.5;684.9,483.7;634.7,490.8;601.9,536.9;597.5,624.9;658.2,487.6;655.3,368.6;653.3,365.4;654.0,305.4;664.7,361.0;694.3,368.9;695.8,366.1;612.7,365.9;568.7,355.4;583.6,325.1
143#725.0,566.1;704.6,543.9;684.5,483.7;634.8,489.7;594.4,525.0;589.7,613.9;658.0,486.6;653.0,366.5;651.5,363.4;648.5,303.5;663.3,340.5;693.8,351.1;693.4,363.2;611.1,365.2;569.5,363.8;584.3,329.6
144#724.5,573.8;711.9,533.3;684.2,483.6;634.8,488.6;586.9,513.0;581.9,602.8;657.9,485.5;650.8,364.5;649.8,361.5;643.0,301.5;661.9,320.0;693.2,333.2;691.0,360.4;609.5,364.6;570.3,372.2;584.9,334.2
145#724.0,581.5;719.1,522.6;683.8,483.5;634.9,487.4;579.4,501.1;574.0,591.7;657.8,484.5;648.5,362.5;648.0,359.5;637.5,299.5;660.6,299.5;692.6,315.4;688.7,357.5;607.9,363.9;571.1,380.6;585.6,338.7
146#723.5,589.2;726.4,512.0;683.5,483.4;634.9,486.3;571.9,489.1;566.2,580.6;657.7,483.4;646.3,360.5;646.3,357.6;632.0,297.5;659.2,279.0;692.0,297.5;686.3,354.7;606.3,363.3;571.9,389.0;586.2,343.3
147#721.9,601.7;719.1,520.6;681.3,480.0;629.9,480.0;565.1,477.3;559.7,566.5;654.3,480.0;640.8,358.4;640.8,355.7;627.2,298.9;671.8,286.8;682.7,292.2;678.6,355.7;600.2,363.8;573.2,393.5;586.7,350.3
148#720.9,607.3;709.2,524.9;673.8,480.7;623.8,474.9;553.2,469.0;550.2,551.4;647.4,477.8;632.6,357.1;632.6,354.2;620.9,295.3;653.2,380.7;685.6,413.0;670.9,351.2;591.4,365.9;570.8,398.3;588.5,357.1
149#723.0,613.9;701.3,531.3;668.5,478.8;617.9,475.0;549.0,456.1;542.4,535.2;642.9,476.9;626.1,358.4;626.1,354.2;614.8,294.2;650.8,335.6;679.9,410.7;665.4,352.2;584.8,365.5;557.3,398.6;564.5,366.5
150#725.0,620.4;693.5,537.7;663.3,477.0;612.1,475.0;544.8,443.1;534.6,518.9;638.3,476.0;619.6,359.8;619.6,354.2;608.8,293.1;648.3,290.5;674.1,408.3;660.0,353.2;578.3,365.0;543.7,398.8;540.4,375.9
151#727.1,627.0;685.6,544.1;658.0,475.1;606.2,475.1;540.6,430.2;526.8,502.7;633.8,475.1;613.1,361.1;613.1,354.2;602.7,292.0;645.9,245.4;668.4,406.0;654.5,354.2;571.7,364.6;530.2,399.1;516.4,385.3
152#727.3,631.3;685.5,544.5;650.2,473.8;602.0,477.0;544.1,415.9;521.6,493.1;624.5,477.0;605.2,358.1;602.0,354.9;598.7,297.0;642.1,250.4;656.6,284.1;647.0,351.6;560.2,367.7;521.6,403.1;524.8,383.8
153#722.5,624.7;691.7,546.8;644.7,476.3;594.7,479.3;541.8,411.7;515.4,482.2;621.2,476.3;600.6,355.9;600.6,355.9;591.8,294.2;634.4,254.6;656.4,288.3;638.8,344.2;559.5,364.7;509.5,391.2;527.2,388.2
154#710.5,618.2;689.1,540.9;638.9,482.6;586.8,484.7;537.9,421.1;512.5,489.0;613.6,482.2;593.6,360.3;593.6,359.8;586.2,298.9;634.2,263.9;653.9,300.2;632.6,350.1;552.2,367.6;503.8,382.6;520.5,372.9
155#698.4,611.8;686.5,535.0;633.2,489.0;578.8,490.0;534.0,430.6;509.7,495.8;606.0,488.0;586.6,364.7;586.6,363.8;580.7,303.5;633.9,273.3;651.5,312.0;626.4,356.0;544.8,370.6;498.1,373.9;513.7,357.6
156#686.4,605.3;683.9,529.1;627.4,495.3;570.9,495.4;530.1,440.1;506.8,502.5;598.5,493.9;579.5,369.2;579.5,367.7;575.1,308.2;633.7,282.6;649.0,323.9;620.1,361.8;537.5,373.6;492.4,365.3;507.0,342.3
157#674.3,598.8;681.3,523.2;621.6,501.6;562.9,500.7;526.2,449.5;504.0,509.3;590.9,499.7;572.5,373.6;572.5,371.6;569.6,312.9;633.5,292.0;646.5,335.7;613.9,367.7;530.2,376.5;486.7,356.7;500.3,327.0
158#662.2,592.4;678.7,517.3;615.9,508.0;555.0,506.1;522.3,458.9;501.1,516.1;583.3,505.6;565.5,378.0;565.5,375.6;564.0,317.5;633.2,301.4;644.1,347.6;607.7,373.6;522.8,379.4;481.0,348.0;493.5,311.7
159#650.2,585.9;676.1,511.4;610.1,514.3;547.0,511.4;518.4,468.4;498.3,522.9;575.7,511.4;558.5,382.4;558.5,379.5;558.5,322.2;633.0,310.7;641.6,359.4;601.5,379.5;515.5,382.4;475.3,339.4;486.8,296.4
160#642.5,573.9;650.4,497.0;597.4,523.5;541.8,491.7;515.3,481.1;494.1,531.4;563.0,478.4;557.7,388.3;557.7,385.7;552.4,330.0;629.2,322.1;639.8,369.8;600.1,385.7;515.3,388.3;475.5,338.0;475.5,298.2
161#638.2,573.0;634.2,501.7;584.7,474.0;533.2,481.9;511.4,491.8;491.6,545.3;559.0,474.0;553.0,398.7;553.0,386.9;549.0,341.3;576.8,432.4;598.6,428.5;588.7,396.8;515.4,396.8;507.5,428.5;535.2,442.3
162#626.7,566.4;631.0,495.8;594.6,523.6;532.5,510.8;511.1,502.2;489.7,562.1;560.4,512.9;553.9,403.7;551.8,395.2;546.4,342.7;640.6,338.4;592.5,435.8;592.5,399.4;513.3,401.6;466.2,356.6;486.5,338.4
163#620.5,554.9;622.9,493.4;588.5,532.8;529.5,527.8;509.8,513.1;490.1,572.1;559.0,530.3;551.6,407.3;551.6,402.4;551.6,345.9;613.1,370.5;625.4,409.8;591.0,407.3;507.3,407.3;458.2,372.9;469.2,327.4
164#614.2,558.1;616.7,494.1;589.6,538.4;530.5,535.9;510.8,521.2;488.6,587.7;557.5,533.5;547.7,415.3;547.7,407.9;552.6,353.7;567.4,442.4;594.5,442.4;589.6,412.8;503.4,412.8;451.6,383.2;459.0,343.8
165#605.6,536.2;605.6,496.0;588.0,533.7;532.7,541.3;512.6,536.2;485.0,601.6;557.9,533.7;547.8,418.1;547.8,413.1;552.8,357.8;638.3,372.9;625.7,415.6;588.0,418.1;505.1,418.1;449.8,395.5;459.8,355.3
166#602.3,544.8;701.4,593.0;586.2,531.4;535.3,539.4;513.9,555.5;484.4,614.4;559.4,536.7;546.0,426.8;546.0,418.8;551.4,362.5;613.0,397.4;626.4,440.2;588.9,418.8;505.8,426.8;446.9,405.4;462.9,367.9
167#592.0,531.9;592.0,486.9;586.7,539.8;536.4,539.8;515.2,563.6;486.1,627.2;560.2,539.8;547.0,428.7;547.0,420.7;552.3,365.2;631.7,402.2;634.3,444.5;589.3,426.0;502.0,431.3;446.4,418.1;462.3,378.4
168#506.3,581.3;560.3,591.6;586.0,545.3;534.6,545.3;514.0,576.2;485.7,640.5;557.7,545.3;550.0,432.2;550.0,424.4;551.3,369.1;632.3,416.7;637.5,455.3;591.2,429.6;503.7,432.2;447.1,429.6;462.5,391.0
169#571.0,590.6;609.7,503.0;591.7,539.1;537.6,549.4;514.4,582.9;486.0,647.3;560.7,546.8;550.4,436.0;550.4,425.7;549.2,372.9;632.9,430.9;635.5,466.9;596.8,430.9;501.5,436.0;444.8,443.8;457.7,405.1
170#570.0,610.4;532.1,552.3;600.3,544.7;539.7,549.8;514.4,577.6;484.1,650.9;570.0,547.3;554.8,436.1;552.3,428.5;551.1,376.7;638.2,443.6;635.7,479.0;597.8,433.5;506.8,438.6;446.2,451.2;458.8,418.4
171#611.9,616.7;611.9,510.1;601.5,551.7;539.1,551.7;515.7,564.7;487.1,653.0;570.3,551.7;557.3,439.9;554.7,426.9;548.2,373.6;596.3,484.1;637.9,491.9;604.1,434.7;507.9,442.5;448.1,460.7;458.5,426.9
172#569.1,622.3;604.5,546.3;599.5,551.3;541.2,551.3;518.4,558.9;493.1,652.6;571.6,551.3;558.9,439.9;556.4,429.7;545.0,380.3;596.9,475.3;632.4,485.5;604.5,437.3;510.8,444.9;450.0,472.8;465.2,442.4
173#567.2,637.8;572.2,570.4;599.7,547.9;547.2,547.9;519.8,557.9;497.3,652.8;572.2,547.9;559.7,445.6;557.2,433.1;546.0,384.4;594.7,490.5;642.1,488.0;604.7,438.1;512.3,450.6;454.9,483.0;464.9,455.6
174#566.5,648.6;574.2,578.6;602.8,547.4;553.5,547.4;519.8,557.8;501.6,648.6;579.4,547.4;558.7,448.9;558.7,435.9;547.0,387.9;610.5,482.6;652.0,485.2;605.4,443.7;512.0,454.1;460.1,495.6;460.1,474.8
175#567.0,659.7;577.1,581.0;607.6,553.1;554.3,555.6;518.7,558.2;506.0,647.0;577.1,553.1;559.3,454.1;559.3,438.8;547.9,402.0;627.9,476.9;660.9,484.5;610.1,449.0;513.6,461.7;465.4,504.8;462.9,484.5
176#573.6,683.9;573.6,605.5;603.3,559.6;551.9,562.3;516.8,556.9;508.7,640.7;573.6,562.3;562.8,459.6;562.8,443.4;550.6,398.8;638.4,465.0;668.2,478.5;608.7,451.5;516.8,465.0;470.9,510.9;462.7,497.4
177#569.4,696.2;574.9,617.1;599.4,565.3;550.4,562.6;517.6,554.4;512.2,633.5;574.9,565.3;564.0,467.2;564.0,450.8;554.5,419.4;643.1,445.3;673.1,469.9;613.1,456.2;517.6,469.9;468.6,519.0;474.0,497.1
178#569.4,705.8;578.3,631.2;602.2,571.6;545.5,568.6;515.7,559.7;518.7,628.3;569.4,571.6;566.4,467.2;566.4,458.3;561.9,412.0;667.8,449.3;679.7,464.2;617.1,458.3;518.7,476.2;465.0,520.9;471.0,506.0
179#568.7,724.8;580.9,645.5;599.2,578.4;541.2,575.3;529.0,569.2;526.0,605.9;568.7,578.4;571.7,471.6;571.7,462.5;570.2,415.2;649.5,421.3;681.6,450.3;617.5,462.5;526.0,477.7;461.9,517.4;480.2,517.4
180#569.5,737.8;587.5,662.7;587.5,584.5;539.5,578.5;563.5,599.6;593.6,650.7;563.5,581.5;572.5,473.3;572.5,467.3;574.0,417.7;629.6,617.6;677.7,446.3;620.6,470.3;527.4,479.3;461.3,518.4;482.3,530.4
181#575.2,735.2;591.9,658.2;587.6,583.1;540.1,578.5;567.2,600.1;593.9,654.2;563.8,581.2;572.4,472.3;572.4,466.4;574.6,415.8;633.2,602.6;676.5,451.4;619.9,470.4;527.9,476.8;465.8,506.4;486.9,512.9
182#580.9,732.6;596.2,653.6;587.6,581.6;540.7,578.6;571.0,600.6;594.2,657.7;564.1,581.0;572.2,471.3;572.2,465.6;575.1,413.9;636.7,587.6;675.2,456.5;619.3,470.6;528.4,474.3;470.4,494.5;491.5,495.5
183#586.7,729.9;600.5,649.1;587.7,580.2;541.2,578.6;574.8,601.1;594.5,661.3;564.5,580.7;572.0,470.2;572.0,464.8;575.7,412.0;640.3,572.5;674.0,461.6;618.6,470.7;528.9,471.9;474.9,482.5;496.1,478.0
184#592.4,727.3;604.9,644.5;587.7,578.8;541.8,578.6;578.5,601.6;594.8,664.8;564.8,580.4;571.9,469.2;571.9,463.9;576.2,410.1;643.9,557.5;672.7,466.7;617.9,470.8;529.4,469.4;479.5,470.6;500.7,460.6
185#598.1,724.7;609.2,640.0;587.8,577.4;542.4,578.6;582.2,602.1;595.1,668.3;565.1,580.1;571.8,468.2;571.8,463.1;576.8,408.2;647.5,542.5;671.5,471.8;617.2,470.9;529.9,466.9;484.0,458.6;505.2,443.1
186#603.8,722.1;613.6,635.5;587.9,575.9;543.0,578.7;586.0,602.5;595.5,671.8;565.4,579.9;571.6,467.2;571.6,462.2;577.4,406.4;651.0,527.5;670.3,476.9;616.6,471.1;530.4,464.4;488.5,446.6;509.8,425.7
187#609.5,719.5;618.0,630.9;587.9,574.5;543.6,578.7;589.8,603.0;595.8,675.3;565.7,579.6;571.5,466.2;571.5,461.4;577.9,404.5;654.6,512.5;669.0,482.0;615.9,471.2;530.9,461.9;493.1,434.7;514.4,408.2
188#615.3,716.8;622.3,626.4;588.0,573.1;544.1,578.7;593.5,603.5;596.1,678.9;566.1,579.3;571.3,465.1;571.3,460.5;578.5,402.6;658.2,497.4;667.8,487.1;615.2,471.3;531.4,459.5;497.6,422.7;519.0,390.8
189#621.0,714.2;626.6,621.8;588.0,571.6;544.7,578.8;597.2,604.0;596.4,682.4;566.4,579.1;571.1,464.1;571.1,459.7;579.0,400.7;661.7,482.4;666.5,492.2;614.6,471.5;531.9,457.0;502.2,410.8;523.6,373.4
190#626.7,711.6;631.0,617.3;588.1,570.2;545.3,578.8;601.0,604.5;596.7,685.9;566.7,578.8;571.0,463.1;571.0,458.8;579.6,398.8;665.3,467.4;665.3,497.3;613.9,471.6;532.4,454.5;506.7,398.8;528.2,355.9
191#626.1,691.7;638.4,601.1;589.1,572.3;547.9,576.4;597.3,605.2;597.3,687.5;572.6,576.4;572.6,461.2;572.6,457.1;580.8,395.4;663.1,473.6;667.2,502.4;617.9,469.4;535.6,457.1;506.8,395.4;527.3,350.1
192#620.9,683.4;637.8,592.7;593.7,568.5;550.7,572.1;593.9,606.9;594.3,689.9;575.8,572.1;575.1,457.4;575.1,453.0;581.5,392.7;662.6,475.4;667.7,501.8;620.7,465.4;536.9,453.0;506.7,400.3;525.0,356.8
193#615.7,675.2;637.3,584.2;598.3,564.7;553.5,567.8;590.5,608.6;591.2,692.4;579.1,567.8;577.6,453.5;577.6,448.9;582.3,390.0;662.2,477.3;668.2,501.1;623.5,461.3;538.3,448.9;506.7,405.2;522.6,363.6
194#610.5,666.9;636.7,575.8;602.8,560.8;556.3,563.6;587.1,610.3;588.2,694.8;582.3,563.6;580.2,449.7;580.2,444.8;583.0,387.3;661.7,479.1;668.7,500.5;626.3,457.3;539.6,444.8;506.6,410.1;520.3,370.3
195#605.3,658.6;636.2,567.4;607.4,557.0;559.1,559.3;583.7,612.0;585.1,697.3;585.5,559.3;582.7,445.8;582.7,440.7;583.7,384.6;661.2,481.0;669.2,499.8;629.1,453.2;540.9,440.7;506.6,415.0;518.0,377.1
196#600.2,650.4;635.6,558.9;612.0,553.2;561.9,555.0;580.3,613.7;582.1,699.7;588.8,555.0;585.2,442.0;585.2,436.7;584.5,381.8;660.8,482.8;669.6,499.2;631.8,449.2;542.3,436.7;506.5,419.8;515.6,383.8
197#595.0,642.1;635.1,550.5;616.6,549.4;564.7,550.7;576.9,615.4;579.0,702.2;592.0,550.7;587.7,438.1;587.7,432.6;585.2,379.1;660.3,484.7;670.1,498.5;634.6,445.1;543.6,432.6;506.5,424.7;513.3,390.6
198#589.8,633.8;634.5,542.1;621.1,545.5;567.5,546.5;573.5,617.1;576.0,704.6;595.2,546.5;590.3,434.3;590.3,428.5;585.9,376.4;659.8,486.5;670.6,497.9;637.4,441.1;544.9,428.5;506.4,429.6;511.0,397.3
199#584.6,625.6;634.0,533.6;625.7,541.7;570.3,542.2;570.1,618.8;572.9,707.1;598.5,542.2;592.8,430.4;592.8,424.4;586.7,373.7;659.4,488.4;671.1,497.2;640.2,437.0;546.3,424.4;506.4,434.5;508.6,404.1
200#579.4,617.3;633.4,525.2;630.3,537.9;573.1,537.9;566.7,620.5;569.9,709.5;601.7,537.9;595.3,426.6;595.3,420.3;587.4,371.0;658.9,490.2;671.6,496.6;643.0,433.0;547.6,420.3;506.3,439.4;506.3,410.8
201#635.9,718.2;661.6,554.0;629.5,531.5;578.0,534.7;565.1,621.6;561.9,705.3;603.7,534.7;597.3,422.0;597.3,418.8;586.0,365.7;664.9,512.2;671.3,486.4;642.3,428.5;558.6,412.4;507.1,447.8;503.9,418.8
202#629.7,715.1;639.7,625.0;639.7,531.6;579.7,534.9;563.0,615.0;556.3,701.7;609.7,534.9;599.7,421.5;596.3,418.2;588.0,363.1;666.4,524.9;676.4,481.5;643.0,424.8;556.3,421.5;509.6,451.5;499.6,428.2
203#626.3,707.0;636.4,619.8;639.8,535.8;582.7,539.2;559.2,609.7;552.5,693.6;612.9,539.2;596.1,425.0;596.1,415.0;587.7,362.9;663.3,515.7;680.0,482.1;643.1,425.0;549.1,421.7;515.5,462.0;505.5,441.8
204#621.7,696.4;625.0,617.0;641.6,541.0;585.3,537.7;555.6,603.8;552.3,686.5;615.1,544.3;598.6,421.9;598.6,408.7;587.0,360.8;661.4,501.3;687.9,471.5;644.9,421.9;555.6,421.9;522.5,464.9;509.3,445.1
205#617.0,687.1;617.0,599.6;647.3,525.5;593.4,528.9;553.0,589.5;549.6,677.0;620.4,528.9;600.2,417.8;600.2,411.0;591.7,345.4;657.4,485.1;694.4,464.9;647.3,417.8;556.4,421.1;519.3,468.3;505.9,454.8
206#612.5,681.1;600.0,603.3;649.8,525.4;606.2,525.4;547.1,581.5;550.2,671.8;628.0,525.4;603.1,416.5;603.1,404.0;592.2,352.7;662.3,466.3;702.7,457.0;649.8,416.5;556.4,422.7;512.8,475.6;497.3,481.9
207#607.9,667.4;602.1,612.3;648.5,531.1;599.2,528.2;544.0,571.7;549.8,664.5;625.3,531.1;607.9,418.0;605.0,400.6;594.8,355.6;697.8,441.2;709.4,449.9;654.3,415.1;558.5,420.9;515.0,464.4;509.2,452.8
208#616.0,660.6;601.1,601.8;649.1,530.5;602.0,528.8;542.5,563.0;550.3,653.8;626.1,531.1;610.2,417.6;607.3,402.4;596.6,354.2;701.4,420.1;712.6,436.7;657.0,413.3;561.1,420.6;514.8,457.9;516.6,440.3
209#624.1,653.9;600.1,591.4;649.7,529.9;604.8,529.4;541.0,554.2;550.8,643.2;626.9,531.1;612.6,417.2;609.6,404.2;598.3,352.8;704.9,399.1;715.7,423.5;659.6,411.6;563.7,420.2;514.6,451.4;523.9,427.8
210#632.2,647.1;599.2,580.9;650.4,529.2;607.6,530.0;539.4,545.5;551.4,632.5;627.6,531.2;614.9,416.7;611.8,405.9;600.1,351.5;708.5,378.0;718.9,410.3;662.3,409.8;566.4,419.9;514.4,445.0;531.3,415.3
211#640.3,640.4;598.2,570.5;651.0,528.6;610.4,530.6;537.9,536.7;551.9,621.9;628.4,531.2;617.3,416.3;614.1,407.7;601.8,350.1;712.0,357.0;722.0,397.1;664.9,408.1;569.0,419.5;514.2,438.5;538.6,402.8
212#648.4,633.6;597.2,560.0;651.6,528.0;613.2,531.2;536.4,528.0;552.4,611.2;629.2,531.2;619.6,415.9;616.4,409.5;603.6,348.7;715.6,335.9;725.2,383.9;667.6,406.3;571.6,419.2;514.0,432.0;546.0,390.3
213#653.4,638.1;600.0,562.7;650.3,531.3;603.1,531.3;534.0,521.8;593.7,663.3;628.3,531.3;622.0,415.0;622.0,408.7;612.6,349.0;716.3,327.0;719.4,371.0;669.1,408.7;574.9,415.0;518.3,418.1;549.7,377.3
214#643.7,659.5;600.3,582.7;650.4,542.7;610.3,542.7;540.2,519.3;553.6,596.1;627.0,542.7;623.7,412.5;623.7,412.5;620.3,352.4;713.8,322.4;713.8,369.1;670.4,405.8;576.9,415.8;523.5,405.8;556.9,362.4
215#588.7,679.8;599.0,594.1;650.4,539.2;602.4,535.8;551.0,518.6;557.8,590.6;626.4,539.2;623.0,415.7;623.0,412.3;619.6,354.0;715.6,330.0;712.2,371.1;667.6,408.9;575.0,412.3;527.0,395.2;554.4,357.4
216#650.1,670.8;603.2,597.2;653.4,547.0;603.2,547.0;556.4,513.6;563.1,583.8;630.0,547.0;623.3,416.5;623.3,416.5;619.9,356.3;715.3,341.3;720.3,376.4;670.1,413.2;579.8,416.5;526.3,396.5;553.0,363.0
217#635.4,684.4;610.9,607.1;653.3,545.5;601.9,543.3;559.4,507.5;542.5,588.1;628.7,545.5;625.4,416.9;625.4,416.9;621.4,354.8;717.1,351.0;723.8,387.9;671.2,414.7;581.8,415.8;527.0,405.8;559.4,374.5
218#620.6,697.9;618.5,617.1;653.3,544.1;600.5,539.6;562.4,501.4;521.8,592.3;627.5,544.1;627.5,417.3;627.5,417.3;623.0,353.3;719.0,360.7;727.4,399.4;672.4,416.2;583.7,415.0;527.6,415.1;565.8,385.9
219#605.9,711.5;626.2,627.0;653.2,542.6;599.2,535.9;565.4,495.3;501.2,596.6;626.2,542.6;629.6,417.7;629.6,417.7;624.5,351.8;720.8,370.4;730.9,410.9;673.5,417.7;585.7,414.3;528.3,424.4;572.2,397.4
220#608.8,713.4;632.8,627.6;656.9,545.2;601.9,534.9;557.3,466.2;571.0,562.4;629.4,538.3;629.4,418.1;629.4,418.1;624.3,354.6;722.1,380.4;732.4,418.1;677.5,418.1;588.2,414.7;540.1,442.2;567.6,404.4
221#621.3,711.9;638.0,628.6;658.0,548.6;601.3,535.3;561.3,578.6;508.0,608.6;631.3,545.3;628.0,422.0;628.0,418.7;629.7,360.3;721.3,392.0;731.3,428.6;678.0,418.7;584.7,418.7;564.7,495.3;574.7,555.3
222#624.0,711.6;643.6,630.0;659.9,551.6;604.4,538.5;568.4,489.5;509.7,616.9;633.8,545.1;630.5,424.2;630.5,417.7;625.6,367.1;725.2,404.6;735.0,437.3;679.5,421.0;588.0,421.0;555.4,473.2;578.2,567.9
223#635.1,707.5;648.3,621.8;661.5,549.3;612.1,539.4;569.2,516.3;589.0,588.8;635.1,539.4;631.8,424.1;631.8,420.8;630.2,366.4;724.1,414.2;737.3,447.2;681.3,424.1;585.7,427.4;556.0,476.8;562.6,447.2
224#644.0,701.1;657.3,617.9;664.0,541.3;614.0,537.9;570.7,524.6;590.7,604.6;637.3,541.3;634.0,428.1;634.0,424.7;632.3,366.5;723.9,424.7;737.2,454.7;680.6,424.7;587.4,428.1;564.1,481.3;564.1,458.0
225#652.1,692.3;665.5,612.1;668.8,548.6;612.0,548.6;575.2,538.6;591.9,618.8;642.1,548.6;635.4,428.3;635.4,425.0;630.4,359.8;729.0,431.6;735.6,461.7;685.5,428.3;588.6,431.6;568.5,488.4;565.2,468.4
226#657.1,685.1;674.6,608.9;668.8,547.3;618.9,547.3;575.0,544.4;589.6,629.4;645.3,547.3;636.5,433.0;636.5,421.3;632.1,372.9;727.4,447.6;733.3,474.0;689.3,433.0;586.7,435.9;569.1,494.6;560.3,477.0
227#669.5,680.0;684.0,604.5;669.5,540.5;617.2,540.5;579.4,555.1;591.0,645.1;643.4,540.5;637.5,435.9;634.6,424.3;633.2,376.3;721.8,462.1;730.5,479.5;687.0,435.9;588.1,441.7;564.9,496.9;559.1,482.4
228#678.0,669.4;697.7,590.3;669.5,548.0;618.6,548.0;584.8,564.9;593.2,655.3;644.1,548.0;638.4,440.7;635.6,426.5;631.4,379.9;720.3,471.7;728.8,488.7;686.4,437.8;587.6,443.5;559.3,497.1;559.3,550.8
229#689.9,660.9;706.7,565.6;670.3,551.5;619.8,557.1;588.9,585.2;591.7,672.1;645.0,557.1;639.4,445.0;639.4,430.9;632.4,379.0;709.5,473.0;734.8,492.6;687.1,442.1;588.9,447.8;555.3,501.0;591.7,495.4
230#702.3,651.0;716.8,566.8;676.2,558.1;618.1,563.9;594.9,598.8;594.9,685.8;644.3,558.1;641.4,447.8;641.4,433.3;637.0,382.5;716.8,479.8;742.9,491.4;690.7,444.9;594.9,447.8;551.4,500.1;583.3,505.9
231#716.4,640.1;735.8,556.0;679.6,561.0;621.5,568.0;600.6,616.1;596.3,702.1;648.7,562.0;647.8,450.8;647.8,437.9;644.3,387.3;731.5,473.2;754.3,487.4;696.8,448.8;600.6,449.7;556.6,495.3;586.4,493.8
232#730.6,629.3;754.8,545.1;683.1,563.8;624.9,572.2;606.4,633.4;597.8,718.4;653.0,566.0;654.2,453.7;654.2,442.5;651.7,392.2;746.1,466.6;765.6,483.4;703.0,452.8;606.4,451.6;561.7,490.6;589.6,481.8
233#744.7,618.4;773.8,534.3;686.5,566.7;628.3,576.3;612.1,650.7;599.2,734.7;657.4,569.9;660.6,456.7;660.6,447.1;659.0,397.0;760.8,460.0;777.0,479.4;709.1,456.7;612.1,453.5;566.9,485.8;592.7,469.7
234#755.6,615.0;781.3,531.3;694.4,566.7;636.4,576.4;617.1,660.1;594.5,740.6;662.2,573.1;665.4,457.2;665.4,447.5;660.6,397.6;765.2,450.8;784.6,466.9;713.7,457.2;617.1,454.0;575.2,476.5;613.9,457.2
235#761.2,620.3;784.9,535.6;700.2,569.4;646.0,576.2;622.3,664.3;585.0,742.3;673.1,576.2;669.7,457.6;669.7,450.8;668.0,388.1;761.2,440.7;781.5,454.2;713.7,454.2;625.6,457.6;591.8,461.0;632.4,433.9
236#770.8,625.7;788.0,543.2;705.5,577.6;643.6,584.5;619.5,663.6;592.0,746.1;674.5,577.6;674.5,457.3;678.0,453.9;669.4,390.3;753.6,416.1;774.2,443.6;719.2,453.9;633.3,460.7;636.7,498.6;671.1,498.6
237#775.6,640.0;789.6,552.1;708.8,587.3;649.1,587.3;621.0,661.1;599.9,741.9;680.7,587.3;680.7,457.3;680.7,453.8;673.7,390.5;736.9,383.5;768.5,425.7;719.4,450.2;638.5,464.3;621.0,450.2;663.1,394.0
238#774.6,652.4;787.6,565.3;712.6,587.4;654.3,587.4;627.2,649.6;613.1,731.4;684.8,588.3;683.1,459.4;683.1,456.8;675.2,393.1;738.4,384.1;766.7,422.9;722.3,452.3;642.1,466.3;631.5,463.4;669.9,420.4
239#773.6,664.8;785.7,578.5;716.4,587.5;659.5,587.5;633.5,638.1;626.4,720.9;688.8,589.2;685.4,461.4;685.4,459.7;676.8,395.8;739.8,384.6;765.0,420.2;725.1,454.5;645.6,468.4;642.0,476.6;676.6,446.8
240#772.6,677.2;783.8,591.6;720.3,587.7;664.6,587.7;639.8,626.5;639.6,710.3;692.9,590.2;687.8,463.5;687.8,462.7;678.4,398.4;741.2,385.2;763.2,417.4;728.0,456.6;649.2,470.4;652.5,489.7;683.4,473.1
241#771.6,689.6;781.8,604.8;724.1,587.8;669.8,587.8;646.0,615.0;652.8,699.8;696.9,591.2;690.1,465.6;690.1,465.6;679.9,401.1;742.7,385.8;761.4,414.7;730.9,458.8;652.8,472.4;663.0,502.9;690.1,499.5
242#769.7,694.0;775.8,600.6;727.6,582.5;682.4,591.6;652.3,597.6;667.3,684.9;703.5,582.5;691.4,468.1;691.4,465.1;680.9,412.4;759.2,412.4;771.2,418.4;733.6,456.0;652.3,474.1;655.3,510.3;682.4,510.3
243#771.2,697.7;774.1,602.5;730.9,579.5;684.7,585.2;655.9,591.0;681.8,671.7;707.8,585.2;693.4,469.9;690.5,464.2;681.8,406.5;749.6,396.4;771.2,432.4;733.7,461.3;653.0,481.4;658.8,507.4;684.7,495.9
244#777.4,698.0;778.6,605.8;733.9,579.9;688.3,587.6;663.7,590.7;694.1,668.1;711.1,586.0;693.7,471.3;691.4,465.1;683.1,406.8;748.3,403.9;770.9,440.2;733.4,462.8;653.8,482.6;660.1,510.4;685.6,497.4
245#783.6,698.4;783.1,609.1;736.9,580.2;691.9,590.1;671.5,590.4;706.3,664.5;714.4,586.9;694.0,472.6;692.2,466.0;684.3,407.2;747.0,411.3;770.7,448.0;733.1,464.2;654.7,483.8;661.4,513.4;686.6,498.9
246#789.7,698.7;787.7,612.3;739.8,580.6;695.6,592.5;679.2,590.0;718.6,661.0;717.7,587.7;694.2,474.0;693.1,466.8;685.6,407.5;745.7,418.8;770.4,455.7;732.9,465.7;655.5,485.0;662.7,516.3;687.5,500.5
247#795.9,699.1;792.2,615.6;742.8,580.9;699.2,595.0;687.0,589.7;730.8,657.4;721.0,588.6;694.5,475.3;693.9,467.7;686.8,407.9;744.4,426.2;770.2,463.5;732.6,467.1;656.4,486.2;664.0,519.3;688.5,502.0
248#802.1,699.4;796.7,618.9;745.8,581.3;702.8,597.4;694.8,589.4;743.1,653.8;724.3,589.4;694.8,476.7;694.8,468.6;688.1,408.2;743.1,433.7;769.9,471.3;732.3,468.6;657.2,487.4;665.3,522.3;689.4,503.5
249#807.5,691.5;796.9,596.2;749.2,583.0;706.8,596.2;690.9,590.9;743.9,665.1;728.0,588.3;696.2,477.0;696.2,466.4;694.9,406.8;746.6,442.6;773.1,477.0;736.0,466.4;656.5,482.3;659.2,527.3;690.9,506.2
250#814.2,685.2;814.2,609.8;756.3,579.6;711.0,589.6;688.4,602.2;743.7,680.2;736.2,587.1;703.5,476.4;701.0,461.3;694.7,417.3;748.8,448.8;773.9,484.0;741.2,466.4;660.7,486.5;660.7,534.3;688.4,511.7
251#819.4,679.6;811.6,591.2;759.7,580.9;712.9,591.2;689.6,604.2;746.7,687.4;733.7,588.7;705.1,474.4;702.5,461.4;696.0,423.7;738.9,500.3;775.3,489.9;749.3,466.6;661.0,484.7;658.4,539.3;687.0,518.5
252#827.4,667.8;813.5,578.8;763.5,581.6;716.3,595.5;699.6,617.7;746.8,695.6;738.5,590.0;707.9,473.2;705.1,459.3;706.5,413.5;741.3,498.2;780.2,495.5;749.6,467.7;663.5,484.3;652.3,539.9;677.3,514.9
253#835.2,658.2;832.3,576.4;765.1,582.3;712.6,596.9;706.7,623.2;747.6,704.9;741.8,588.1;709.7,474.2;712.6,462.6;711.1,408.5;747.6,494.7;788.5,500.5;753.5,468.4;665.9,485.9;648.3,538.5;668.8,515.1
254#842.1,644.3;845.1,563.6;767.4,581.5;716.6,596.5;713.6,638.3;746.5,713.0;743.5,587.5;713.6,473.9;713.6,462.0;718.1,406.7;761.4,491.9;797.3,497.8;758.5,468.0;665.8,482.9;638.9,536.7;662.8,506.8
255#849.1,638.5;846.0,553.5;767.3,578.7;717.0,597.6;713.8,641.6;745.3,720.3;742.1,588.2;717.0,474.9;717.0,462.3;718.5,397.8;767.3,487.5;811.4,493.8;761.0,468.6;672.9,481.2;628.9,528.4;663.5,503.2
256#853.3,630.3;850.1,543.0;769.0,577.3;716.0,592.9;722.2,652.2;747.2,733.3;741.0,586.7;719.1,471.3;722.2,465.0;723.8,407.3;775.3,483.7;822.1,490.0;765.9,468.2;672.3,477.5;625.6,518.1;647.4,499.3
257#853.8,619.7;853.8,536.9;774.3,576.7;714.7,596.5;728.0,659.5;747.8,742.3;741.2,586.6;721.3,470.7;724.7,467.3;729.6,399.4;761.1,493.8;830.7,480.6;764.4,467.3;678.3,474.0;622.0,510.4;641.8,493.8
258#853.8,610.5;847.3,528.7;772.0,577.8;719.6,597.4;732.7,669.4;749.1,748.0;745.8,584.3;726.2,469.7;729.4,463.2;734.4,402.6;817.8,459.9;840.7,473.0;772.0,466.5;680.3,469.7;621.4,499.2;654.2,473.0
259#845.3,604.5;848.7,523.6;771.2,574.1;720.6,584.2;737.5,675.3;747.6,756.2;744.2,577.5;730.7,466.2;734.1,462.9;735.8,397.1;855.4,456.1;821.7,469.6;774.5,466.2;686.9,466.2;619.5,489.8;643.1,449.4
260#837.9,603.9;847.9,520.7;778.0,577.3;724.7,587.3;741.3,677.2;741.3,763.8;748.0,580.6;731.4,467.4;734.7,460.7;739.7,402.5;857.9,450.7;821.3,460.7;778.0,464.1;684.7,467.4;624.8,474.0;641.4,434.1
261#824.9,607.2;838.2,517.3;778.3,577.3;728.4,590.6;738.3,680.5;738.3,767.1;751.7,580.6;735.0,464.1;735.0,460.7;743.3,402.5;858.2,440.7;828.3,457.4;778.3,460.7;688.4,467.4;625.1,460.7;635.1,417.4
262#815.8,599.6;835.4,524.7;780.0,576.8;727.8,586.6;734.3,677.9;740.9,769.1;753.9,583.3;737.6,466.0;737.6,462.7;742.5,402.4;861.5,452.9;832.1,456.2;780.0,462.7;692.0,466.0;630.0,449.7;631.6,408.9
263#811.7,616.4;831.8,542.7;781.5,579.5;727.9,589.6;734.6,670.0;748.0,757.2;758.0,589.6;737.9,465.6;737.9,462.2;739.6,400.2;701.1,596.3;838.5,462.2;784.8,462.2;691.0,465.6;634.0,442.1;632.3,406.9
264#811.3,631.1;827.6,552.6;781.8,575.5;732.7,588.6;732.7,667.1;755.6,748.9;758.9,585.3;742.5,467.5;742.5,464.3;740.9,403.8;703.3,604.9;850.5,470.8;788.4,464.3;693.5,467.5;634.6,444.6;629.7,410.3
265#805.2,639.5;830.5,557.3;783.1,579.4;732.4,592.1;735.6,661.7;760.9,737.6;757.7,582.6;745.1,468.7;745.1,465.5;746.7,403.8;704.0,601.6;849.5,481.3;792.6,465.5;694.5,468.7;634.3,459.2;624.9,421.2
266#803.4,635.6;827.9,568.2;785.1,580.5;736.1,583.6;736.1,647.8;760.6,721.3;760.6,583.6;745.3,470.3;745.3,461.1;749.9,410.6;858.5,488.7;846.3,485.6;794.3,467.3;696.3,473.4;632.0,467.3;625.9,433.6
267#799.0,656.8;824.5,577.3;787.6,574.5;736.6,585.9;736.6,636.9;759.3,705.0;762.1,583.0;747.9,472.4;750.7,461.1;749.3,414.3;869.9,495.1;841.5,495.1;799.0,472.4;699.7,472.4;631.6,472.4;628.8,441.2
268#799.4,667.6;821.3,580.1;788.4,574.6;742.0,580.1;736.5,621.1;758.4,689.5;766.6,577.4;752.9,476.2;750.2,465.3;746.1,406.5;851.3,492.6;843.1,511.7;802.1,473.5;700.9,476.2;635.3,478.9;629.9,446.1
269#801.0,674.1;818.3,584.7;788.5,574.8;743.9,582.2;736.4,612.0;756.3,674.1;766.2,577.3;753.8,478.0;753.8,463.1;750.1,412.2;845.6,500.3;838.2,512.7;803.4,475.5;701.7,478.0;632.2,482.9;629.7,453.1
270#798.2,687.3;805.4,622.1;788.5,576.3;745.1,581.1;749.9,612.5;759.6,660.8;766.8,578.7;752.3,482.1;752.3,460.4;753.5,435.0;848.9,506.3;844.0,520.7;803.0,477.3;706.4,482.1;634.0,491.8;626.8,460.4
271#800.3,697.4;808.2,626.1;792.4,573.3;744.8,581.2;755.4,605.0;755.4,647.3;768.6,578.6;755.4,478.3;755.4,465.1;751.4,408.3;847.8,509.9;842.5,523.1;802.9,478.3;702.6,480.9;633.9,496.7;628.6,470.3
272#798.8,705.6;804.2,637.5;790.6,577.6;744.3,580.3;755.2,596.6;755.2,643.0;768.8,577.6;755.2,479.5;755.2,465.9;751.1,410.0;847.8,514.9;842.4,525.8;804.2,476.8;703.4,479.5;638.0,504.0;629.9,479.5
273#798.1,714.2;809.0,637.7;792.6,574.9;738.0,577.6;746.2,591.3;751.6,637.7;768.0,574.9;751.6,476.5;751.6,462.9;753.0,404.1;839.1,517.5;841.8,525.7;800.8,476.5;702.5,479.3;639.6,506.6;628.7,482.0
274#798.1,722.8;800.9,646.3;786.7,569.8;738.6,569.8;749.9,601.0;749.9,643.5;761.2,572.7;752.8,473.6;752.8,459.4;751.3,415.5;860.4,561.3;843.4,527.4;800.9,473.6;701.8,476.4;642.3,507.5;628.1,493.4
275#802.2,726.8;799.1,647.6;786.9,568.4;735.1,568.4;756.5,589.7;747.3,647.6;762.6,568.4;753.4,470.9;753.4,461.8;751.9,405.4;860.1,574.5;841.8,525.8;802.2,470.9;704.7,474.0;649.8,507.5;628.5,498.3
276#808.2,728.1;795.3,647.5;785.6,566.9;734.0,566.9;753.4,589.5;746.9,657.2;759.8,566.9;753.4,470.2;753.4,457.3;755.0,394.4;856.6,573.4;837.2,525.0;801.8,470.2;701.8,473.4;656.6,505.6;627.6,508.9
277#814.4,733.0;797.9,653.8;784.7,568.0;731.8,568.0;748.3,617.5;745.0,670.3;758.3,568.0;755.0,465.7;755.0,452.5;756.6,388.1;837.5,538.3;837.5,521.8;801.2,469.0;708.7,462.4;662.5,502.0;632.8,518.5
278#817.5,737.6;801.4,650.8;775.6,563.9;724.2,563.9;749.9,602.5;743.5,679.7;749.9,563.9;753.1,464.2;756.3,448.1;761.2,391.8;836.8,547.8;833.5,518.9;801.4,464.2;704.9,461.0;650.2,506.0;634.1,522.1
279#815.6,737.8;805.5,650.5;772.0,563.2;721.6,563.2;751.8,606.8;748.5,687.4;748.5,563.2;751.8,462.5;755.2,449.0;763.6,386.9;825.7,539.7;835.8,526.2;802.2,462.5;698.1,462.5;641.0,506.1;641.0,489.3
280#818.9,727.4;809.1,644.4;769.7,561.9;720.3,563.2;749.0,613.2;747.4,695.6;746.5,562.3;749.4,460.6;752.8,448.3;760.4,386.3;819.3,538.7;830.8,523.8;798.3,461.0;698.0,460.1;648.0,505.3;651.6,492.4
281#822.1,717.0;812.8,638.3;767.4,560.5;719.1,563.2;746.1,619.6;746.3,703.8;744.5,561.4;747.0,458.6;750.4,447.6;757.2,385.6;813.0,537.6;825.8,521.3;794.5,459.5;697.9,457.7;655.1,504.5;662.1,495.4
282#825.4,706.6;816.5,632.2;765.1,559.2;717.8,563.1;743.3,626.0;745.2,712.0;742.5,560.5;744.6,456.6;748.0,446.9;754.0,385.0;806.6,536.6;820.9,518.9;790.6,458.0;697.8,455.3;662.1,503.7;672.7,498.5
283#828.7,696.2;820.1,626.1;762.9,557.8;716.5,563.1;740.5,632.5;744.1,720.3;740.6,559.6;742.2,454.7;745.6,446.2;750.7,384.4;800.2,535.5;815.9,516.4;786.7,456.4;697.7,452.9;669.2,502.9;683.3,501.5
284#831.9,685.7;823.8,620.1;760.6,556.5;715.3,563.1;737.6,638.9;742.9,728.5;738.6,558.7;739.8,452.8;743.3,445.5;747.5,383.7;793.9,534.5;810.9,514.0;782.9,454.9;697.7,450.6;676.2,502.1;693.9,504.6
285#835.2,675.3;827.4,614.0;758.3,555.2;714.0,563.1;734.8,645.3;741.8,736.7;736.6,557.8;737.4,450.8;740.9,444.8;744.3,383.1;787.5,533.5;805.9,511.6;779.0,453.4;697.6,448.2;683.3,501.3;704.5,507.7
286#838.4,664.9;831.0,607.9;756.0,553.8;712.8,563.0;731.9,651.7;740.7,744.9;734.6,556.9;735.0,448.9;738.5,444.1;741.1,382.4;781.2,532.4;801.0,509.1;775.2,451.9;697.5,445.8;690.4,500.5;715.0,510.7
287#841.7,654.5;834.7,601.8;753.7,552.5;711.5,563.0;729.1,658.1;739.6,753.1;732.6,556.0;732.6,446.9;736.1,443.4;737.9,381.8;774.8,531.4;796.0,506.7;771.3,450.4;697.4,443.4;697.4,499.7;725.6,513.8
288#867.5,679.9;834.3,598.7;753.1,550.7;712.5,561.7;723.5,657.7;734.6,753.7;730.9,550.7;730.9,447.3;730.9,439.9;738.3,373.5;760.5,524.8;790.0,510.1;767.8,451.0;694.0,443.6;694.0,384.6;714.3,349.5
289#881.6,683.0;835.9,602.2;758.7,553.1;709.5,560.1;723.6,661.9;727.1,749.7;730.6,553.1;727.1,451.2;727.1,444.2;728.8,379.2;751.7,525.0;783.3,514.4;762.2,451.2;695.5,451.2;713.0,486.3;737.6,510.9
