1#NULL
2#NULL
3#NULL
4#NULL
5#NULL
6#NULL
7#NULL
8#NULL
9#NULL
10#NULL
11#NULL
12#NULL
13#NULL
14#NULL
15#NULL
16#NULL
17#NULL
18#NULL
19#NULL
20#NULL
21#NULL
22#717.6,662.6;717.6,581.7;680.0,558.5;628.0,552.8;665.6,601.9;694.5,674.2;656.9,555.6;665.6,451.6;668.4,445.8;691.6,393.8;691.6,382.2;717.6,422.7;706.0,454.5;625.1,442.9;596.2,399.6;638.1,375.0
23#718.7,662.8;715.8,578.8;681.0,558.6;626.0,549.9;663.7,602.0;692.6,674.4;652.1,555.7;666.6,451.5;666.6,445.7;689.7,393.6;692.6,382.0;718.7,422.5;707.1,457.3;626.0,442.8;597.1,399.4;639.1,374.8
24#705.5,666.3;706.0,584.2;673.4,563.8;620.1,554.0;656.5,595.3;682.4,674.0;645.7,560.3;665.8,458.1;666.4,451.2;688.9,399.0;692.8,403.4;716.9,441.9;706.7,465.0;625.0,448.3;594.5,415.6;636.8,395.0
25#692.3,669.8;696.3,589.6;665.9,568.9;614.2,558.1;649.2,588.6;672.1,673.6;639.3,564.9;664.9,464.7;666.1,456.6;688.1,404.4;693.0,424.8;715.0,461.3;706.3,472.7;624.0,453.9;591.9,431.7;634.5,415.1
26#679.1,673.3;686.5,595.0;658.3,574.1;608.3,562.2;642.0,581.9;661.9,673.2;632.9,569.5;664.1,471.3;665.9,462.1;687.2,409.7;693.2,446.2;713.2,480.7;705.9,480.4;623.0,459.4;589.3,447.9;632.1,435.3
27#665.9,676.8;676.8,600.4;650.8,579.2;602.4,566.3;634.7,575.1;651.7,672.8;626.5,574.1;663.2,477.8;665.7,467.5;686.4,415.1;693.4,467.6;711.3,500.1;705.5,488.1;622.0,464.9;586.7,464.1;629.8,455.5
28#652.7,680.2;667.0,605.8;643.2,584.4;596.5,570.4;627.5,568.4;641.4,672.3;620.1,578.7;662.4,484.4;665.4,473.0;685.6,420.5;693.5,489.1;709.5,519.6;705.2,495.8;621.0,470.4;584.1,480.2;627.5,475.6
29#639.5,683.7;657.2,611.2;635.6,589.6;590.6,574.5;620.3,561.7;631.2,671.9;613.7,583.3;661.5,491.0;665.2,478.5;684.8,425.9;693.7,510.5;707.7,539.0;704.8,503.5;620.0,476.0;581.5,496.4;625.1,495.8
30#626.3,687.2;647.5,616.6;628.1,594.7;584.7,578.6;613.0,555.0;620.9,671.5;607.3,587.9;660.6,497.6;664.9,483.9;683.9,431.2;693.9,531.9;705.8,558.4;704.4,511.2;619.0,481.5;578.9,512.5;622.8,515.9
31#613.1,690.7;637.7,622.0;620.5,599.9;578.8,582.7;605.8,548.3;610.7,671.1;600.9,592.5;659.8,504.2;664.7,489.4;683.1,436.6;694.1,553.3;704.0,577.8;704.0,518.9;618.0,487.0;576.3,528.7;620.5,536.1
32#616.9,711.1;633.8,641.0;621.7,602.3;580.6,587.9;571.0,558.9;609.6,694.2;602.4,597.5;662.8,508.1;667.6,491.2;688.2,448.9;691.8,558.9;713.5,583.0;703.9,525.0;619.3,488.8;585.5,525.0;621.7,537.1
33#616.5,728.6;634.8,660.6;640.1,603.1;587.8,592.6;632.2,637.1;616.5,718.2;616.5,597.9;663.6,506.3;668.8,493.2;696.3,452.7;692.4,592.6;721.1,587.4;705.5,524.6;621.8,488.0;600.8,527.2;629.6,540.3
34#629.1,746.7;643.2,679.3;646.0,614.7;595.4,600.7;626.3,640.0;623.5,729.9;620.7,606.3;665.6,505.2;671.3,496.8;697.9,444.8;705.0,614.7;727.4,586.7;705.0,522.1;626.3,485.5;598.2,536.1;620.7,544.5
35#629.1,744.3;643.1,679.5;646.0,614.8;595.3,600.7;626.2,640.1;623.4,730.2;620.6,606.3;665.7,504.9;671.3,496.5;698.1,444.4;702.3,614.8;727.6,586.6;705.1,521.8;629.1,485.2;598.1,535.9;620.6,544.4
36#643.4,740.8;659.2,673.8;651.5,619.2;601.7,606.7;634.5,648.1;627.5,736.8;626.8,611.9;668.4,508.4;673.2,500.7;698.1,448.2;707.0,596.6;736.4,577.6;708.1,523.3;630.6,489.8;597.7,530.3;619.7,533.9
37#657.7,737.4;675.4,668.1;657.0,623.6;608.0,612.6;642.9,656.1;631.5,743.5;632.9,617.5;671.1,511.8;675.1,505.0;698.1,452.0;711.7,578.4;745.1,568.5;711.2,524.8;632.2,494.4;597.2,524.6;618.9,523.5
38#672.0,733.9;691.5,662.4;662.5,628.0;614.4,618.6;651.2,664.1;635.6,750.1;639.1,623.1;673.8,515.3;677.0,509.2;698.1,455.8;716.4,560.2;753.9,559.5;714.2,526.3;633.7,499.0;596.8,519.0;618.0,513.0
39#686.4,730.4;707.7,656.6;668.0,632.3;620.7,624.6;659.5,672.1;639.6,756.7;645.2,628.7;676.4,518.8;678.8,513.5;698.0,459.7;721.1,542.1;762.6,550.4;717.2,527.7;635.2,503.5;596.4,513.3;617.1,502.5
40#700.7,726.9;723.8,650.9;673.5,636.7;627.1,630.6;667.8,680.1;643.7,763.3;651.4,634.3;679.1,522.3;680.7,517.7;698.0,463.5;725.8,523.9;771.4,541.4;720.2,529.2;636.7,508.1;596.0,507.7;616.2,492.0
41#715.0,723.5;740.0,645.2;679.0,641.1;633.4,636.5;676.2,688.1;647.7,770.0;657.5,639.9;681.8,525.7;682.6,522.0;698.0,467.3;730.5,505.7;780.1,532.3;723.3,530.7;638.3,512.7;595.5,502.0;615.4,481.6
42#729.3,720.0;756.1,639.5;684.5,645.5;639.8,642.5;684.5,696.1;651.8,776.6;663.7,645.5;684.5,529.2;684.5,526.2;698.0,471.1;735.2,487.5;788.9,523.3;726.3,532.2;639.8,517.3;595.1,496.4;614.5,471.1
43#746.6,700.1;766.4,620.8;700.3,650.5;657.3,650.5;660.6,720.0;654.0,796.0;677.1,647.2;683.7,534.8;687.0,531.5;700.3,478.6;749.9,465.3;782.9,505.0;726.7,534.8;647.4,531.5;650.7,577.8;673.8,561.2
44#753.3,682.1;763.3,599.2;713.5,655.5;667.1,655.5;653.9,731.8;653.9,791.4;690.3,655.5;687.0,542.8;690.3,536.2;700.3,479.9;758.3,458.3;769.9,496.4;726.8,539.5;653.9,542.8;657.2,556.1;700.3,556.1
45#757.4,675.0;764.3,595.7;723.0,657.8;678.1,661.2;664.4,730.1;654.0,799.1;698.8,657.8;695.4,547.4;695.4,547.4;698.8,488.8;764.3,450.9;760.9,495.7;733.3,547.4;657.5,550.9;640.2,581.9;667.8,568.1
46#765.9,668.1;668.9,704.9;725.7,661.4;685.6,661.4;675.6,724.9;655.5,795.2;709.0,661.4;699.0,554.3;699.0,551.0;699.0,497.4;770.9,452.3;765.9,494.1;735.8,547.6;658.8,561.0;638.8,601.1;635.4,577.7
47#765.9,668.1;668.9,704.9;725.7,661.4;685.6,661.4;675.6,724.9;655.5,795.2;709.0,661.4;699.0,554.3;699.0,551.0;699.0,497.4;770.9,452.3;765.9,494.1;735.8,547.6;658.8,561.0;638.8,601.1;635.4,577.7
48#759.7,673.7;750.4,658.1;734.8,667.5;691.2,673.7;681.9,717.3;672.5,785.8;713.0,670.6;697.4,567.8;697.4,558.5;694.3,508.7;761.3,472.9;778.4,514.9;734.8,558.5;660.1,574.1;644.5,617.7;638.3,589.6
49#761.6,701.7;758.7,632.9;738.7,675.9;692.8,678.8;687.1,710.3;690.0,781.9;715.8,675.9;698.6,575.6;698.6,567.0;695.7,512.6;773.1,498.3;784.5,544.1;735.8,567.0;658.5,584.2;641.3,632.9;635.5,604.3
50#753.6,732.9;753.6,666.8;738.4,664.3;690.1,679.5;697.7,710.0;702.8,770.9;713.0,671.9;697.7,585.6;697.7,575.4;695.2,522.1;771.4,524.7;784.1,565.3;730.7,578.0;659.6,590.7;639.3,638.9;636.8,623.7
51#752.3,754.2;756.6,679.0;741.6,687.6;690.0,691.9;702.9,676.9;709.4,752.0;715.8,691.9;698.6,591.0;698.6,580.3;696.5,530.9;773.8,548.1;782.3,584.6;735.1,584.6;662.1,597.5;642.8,642.5;681.5,616.8
52#754.0,781.3;754.0,710.2;734.6,693.0;682.9,699.5;689.4,680.1;708.8,727.5;708.8,695.2;698.0,598.2;698.0,587.5;699.1,539.0;771.2,574.5;775.6,606.8;734.6,591.8;663.5,602.5;672.1,641.3;698.0,632.7
53#754.0,781.2;754.0,710.2;734.6,693.0;682.9,699.4;689.4,680.1;708.8,727.4;708.8,695.1;698.0,598.3;698.0,587.5;699.1,539.1;771.2,574.6;775.5,606.9;734.6,591.8;663.6,602.6;672.2,641.3;698.0,632.7
54#756.7,800.8;754.2,725.9;729.2,693.4;689.3,695.9;686.8,668.5;766.7,780.8;709.3,693.4;699.3,603.6;699.3,596.1;698.0,547.4;774.2,598.6;774.2,626.0;734.2,598.6;664.3,603.6;661.8,641.0;689.3,631.0
55#761.5,814.6;753.8,753.1;733.2,699.2;694.8,701.7;753.8,745.4;766.6,796.7;712.7,701.7;697.3,606.8;697.3,599.1;693.5,546.5;774.3,617.0;771.7,640.1;735.8,604.2;661.4,609.3;666.5,645.3;687.1,635.0
56#773.9,814.3;756.6,753.8;730.6,693.2;693.1,696.1;747.9,722.1;771.0,791.2;713.3,693.2;698.9,603.9;698.9,598.1;693.1,546.2;785.4,629.8;773.9,644.2;739.3,603.9;658.6,601.0;629.7,572.2;638.4,511.6
57#774.6,810.6;763.9,738.7;737.3,696.1;694.7,698.8;697.4,693.4;721.3,741.4;716.0,698.8;705.3,605.6;702.7,594.9;694.7,544.4;790.5,648.2;779.9,650.8;745.3,605.6;665.4,602.9;633.5,563.0;637.5,524.4
58#775.1,800.3;767.5,729.8;742.4,687.1;704.6,692.1;727.3,702.2;722.3,742.4;724.8,689.6;709.7,604.0;709.7,589.0;702.1,541.2;790.2,666.9;780.1,654.4;749.9,606.6;671.9,599.0;677.0,641.8;649.3,538.6
59#775.2,800.5;767.6,729.9;742.4,687.1;704.6,692.1;727.3,702.2;722.3,742.5;724.8,689.6;709.7,603.9;709.7,588.8;702.1,541.0;790.3,666.9;780.2,654.3;750.0,606.5;671.9,601.4;676.9,641.7;649.2,538.4
60#769.1,778.1;771.5,717.2;754.5,680.6;717.9,687.9;732.5,707.4;722.8,756.2;732.5,683.1;715.5,595.3;713.0,585.6;704.5,535.6;781.3,670.9;788.6,641.6;752.0,597.8;678.9,592.9;681.3,631.9;710.6,648.9
61#764.1,750.6;771.6,703.3;754.1,680.9;721.8,685.9;734.2,715.8;726.8,770.5;736.7,680.9;716.8,588.8;716.8,583.8;703.1,532.7;786.5,621.1;806.4,626.1;754.1,588.8;684.4,588.8;689.4,628.6;654.5,568.8
62#780.2,716.4;759.8,731.7;762.4,678.1;724.1,680.7;734.3,731.7;729.2,782.8;744.5,680.7;719.0,588.8;716.4,578.6;707.5,531.3;787.9,593.9;816.0,601.5;759.8,583.7;683.2,588.8;657.7,619.4;657.7,583.7
63#777.2,727.0;740.0,732.3;766.5,671.1;726.7,679.1;737.3,734.9;732.0,793.4;747.9,673.8;724.0,580.8;724.0,575.4;712.1,523.6;782.5,538.2;819.7,570.1;761.2,575.4;692.1,586.1;684.1,633.9;665.5,599.4
64#761.7,708.7;778.6,655.0;767.3,666.3;727.8,672.0;730.6,731.3;727.8,796.2;747.5,669.2;727.8,578.8;727.8,570.3;713.6,522.3;782.8,509.6;812.5,539.2;764.5,567.5;693.9,587.3;682.6,635.3;674.1,607.0
65#761.6,708.6;778.5,655.1;767.2,666.3;727.8,674.8;730.6,731.1;727.8,796.0;750.3,672.0;727.8,576.1;727.8,570.5;713.7,522.6;782.7,509.9;812.3,539.5;764.4,567.7;694.0,587.4;685.5,635.3;674.2,607.1
66#759.7,724.9;776.1,666.0;769.5,662.7;730.3,672.6;730.3,715.1;730.3,777.2;749.9,666.0;733.6,574.5;730.3,564.7;713.9,522.2;789.1,479.7;795.7,518.9;769.5,561.4;694.3,587.5;674.7,630.0;674.7,610.4
67#761.7,747.9;773.8,678.1;764.7,659.9;728.3,665.9;731.3,690.2;728.3,757.0;749.6,662.9;731.3,574.9;728.3,565.8;716.2,520.2;795.1,480.8;789.0,523.3;767.8,559.7;691.9,590.1;673.7,635.6;676.7,626.5
68#763.3,759.5;769.3,697.0;763.3,661.3;727.6,664.3;724.7,679.2;724.7,732.7;745.5,661.3;727.6,572.1;727.6,566.1;712.8,521.5;799.0,497.7;808.0,524.5;766.3,557.2;691.9,587.0;671.1,628.6;668.1,649.4
69#762.9,773.0;765.6,712.5;760.1,665.7;721.6,668.5;694.1,671.2;724.4,712.5;740.9,668.5;721.6,575.0;718.9,564.0;707.9,517.2;798.6,511.7;806.9,539.2;757.4,561.2;688.6,586.0;669.4,624.5;672.1,657.5
70#766.1,785.4;766.1,721.3;752.2,662.9;713.2,662.9;707.6,690.7;716.0,718.6;732.7,662.9;718.8,570.9;716.0,562.6;704.8,518.0;799.5,534.7;805.1,554.2;755.0,562.6;682.5,579.3;671.4,623.9;674.2,654.5
71#766.1,785.4;766.1,721.3;752.2,662.9;713.2,662.9;707.6,690.7;716.0,718.6;732.7,662.9;718.8,570.9;716.0,562.6;704.8,518.0;799.5,534.7;805.1,554.2;755.0,562.6;682.5,579.3;671.4,623.9;674.2,654.5
72#775.1,786.7;761.7,727.8;748.3,663.5;705.5,663.5;708.1,698.3;710.8,722.4;726.9,663.5;713.5,572.4;710.8,567.0;704.1,517.4;796.6,553.6;799.3,575.1;751.0,564.3;678.7,577.7;670.6,623.3;697.4,655.4
73#772.1,781.2;766.8,707.1;737.7,659.5;703.3,659.5;727.2,672.7;713.9,725.6;719.2,659.5;713.9,572.1;711.3,566.8;709.9,515.2;790.7,569.5;793.3,593.3;751.0,569.5;676.9,577.4;687.5,611.8;711.3,609.2
74#773.0,770.3;775.6,698.2;731.8,662.2;698.4,662.2;724.1,669.9;706.1,726.5;713.8,662.2;713.8,572.1;711.2,564.4;711.2,518.0;793.6,582.4;791.0,603.0;749.9,574.7;680.4,574.7;682.9,608.1;711.2,615.9
75#782.4,754.9;780.0,686.5;728.7,657.2;699.4,659.6;731.1,679.2;706.7,737.8;714.0,657.2;714.0,574.2;714.0,566.9;711.6,520.5;801.9,598.6;789.7,608.4;748.2,576.6;682.3,571.8;682.3,613.3;704.3,601.1
76#791.2,739.8;784.8,671.8;731.7,656.9;697.7,665.4;738.1,684.5;714.7,746.1;714.7,663.3;716.8,576.1;716.8,567.6;715.8,528.3;808.2,616.5;789.1,614.4;750.8,580.4;682.8,571.9;689.2,614.4;723.2,625.0
77#791.3,739.9;784.9,671.8;731.6,656.9;697.6,665.4;738.0,684.6;714.6,746.3;714.6,663.3;716.7,576.0;716.7,567.5;715.7,528.1;808.3,616.4;789.1,614.3;750.8,580.3;682.7,571.7;689.1,614.3;725.3,625.0
78#793.7,722.5;796.4,651.2;730.6,656.7;697.7,656.7;736.1,697.9;711.4,769.1;711.4,656.7;716.9,571.7;716.9,569.0;716.9,522.4;793.7,610.1;796.4,610.1;749.8,577.2;684.0,569.0;664.8,527.8;705.9,505.9
79#796.8,698.7;799.9,634.4;738.7,655.8;698.8,655.8;729.5,707.9;711.1,781.4;717.2,658.9;717.2,570.1;717.2,570.1;720.3,521.1;790.7,600.7;806.0,597.6;754.0,573.1;686.6,567.0;674.3,524.1;692.7,490.4
80#793.8,680.3;800.0,622.1;744.8,655.8;708.1,665.0;714.2,720.1;717.3,796.7;723.4,658.9;723.4,567.0;723.4,567.0;726.5,518.0;787.7,576.2;812.2,585.4;760.2,570.1;689.7,563.9;677.5,511.9;679.0,476.6
81#790.0,670.9;793.3,608.8;747.5,654.6;711.6,661.1;708.3,736.3;718.1,795.1;731.2,657.9;727.9,566.4;724.6,569.6;734.4,520.6;790.0,566.4;819.4,569.6;760.6,566.4;695.2,566.4;675.6,523.9;670.7,476.5
82#784.9,675.2;795.7,610.9;752.8,651.1;712.6,659.1;709.9,731.5;707.2,795.8;734.0,656.4;728.7,568.0;728.7,568.0;735.4,518.4;782.3,549.3;822.4,554.6;760.8,568.0;699.2,568.0;672.4,535.9;671.0,518.4
83#785.0,675.2;795.7,610.8;752.8,651.1;712.6,659.1;709.9,731.5;707.2,795.9;734.0,656.4;728.7,567.9;728.7,567.9;735.4,518.3;782.3,549.2;822.5,554.5;760.8,567.9;699.2,567.9;675.0,538.4;671.0,518.3
84#789.0,694.4;803.0,629.9;752.5,655.1;713.2,663.5;704.8,728.1;699.1,792.6;732.8,657.9;727.2,565.3;727.2,568.1;735.6,520.4;772.1,545.7;814.2,545.7;766.5,565.3;693.5,562.5;659.9,548.5;671.1,512.0
85#788.0,716.7;812.6,652.9;753.7,655.3;716.9,662.7;697.3,721.6;694.8,782.9;734.1,660.3;729.1,569.5;729.1,567.0;729.1,520.4;753.7,532.7;802.7,540.1;761.0,567.0;692.4,571.9;660.5,562.1;677.6,525.3
86#786.1,725.5;806.6,660.6;750.0,657.7;713.5,664.5;696.3,714.4;689.5,771.0;730.9,662.1;723.8,572.3;723.8,569.8;722.2,523.6;749.7,531.7;795.2,542.2;755.1,569.1;687.7,575.0;655.8,564.8;674.4,528.9
87#784.1,734.2;800.6,668.4;746.4,660.1;710.1,666.3;695.4,707.2;684.1,759.1;727.7,663.8;718.6,575.0;718.6,572.5;715.2,526.9;745.7,530.7;787.8,544.3;749.2,571.1;683.0,578.2;651.1,567.5;671.2,532.5
88#782.2,743.0;794.6,676.1;742.7,662.5;706.7,668.1;694.4,700.0;678.8,747.3;724.5,665.6;713.3,577.8;713.3,575.2;708.3,530.1;741.7,529.7;780.4,546.4;743.3,573.2;678.3,581.3;646.4,570.2;668.1,536.1
89#780.2,751.7;788.5,683.8;739.0,664.9;703.3,669.9;693.5,692.7;673.5,735.4;721.2,667.4;708.0,580.6;708.0,578.0;701.3,533.3;737.7,528.7;772.9,548.5;737.4,575.3;673.6,584.5;641.6,572.9;664.9,539.8
90#778.3,760.5;782.5,691.5;735.4,667.3;699.8,671.8;692.5,685.5;668.2,723.5;718.0,669.2;702.8,583.4;702.8,580.8;694.4,536.5;733.7,527.8;765.5,550.6;731.4,577.4;669.0,587.6;636.9,575.5;661.7,543.4
91#776.4,769.3;776.5,699.2;731.7,669.7;696.4,673.6;691.5,678.3;662.8,711.6;714.8,670.9;697.5,586.1;697.5,583.5;687.5,539.8;729.7,526.8;758.0,552.7;725.5,579.5;664.3,590.7;632.2,578.2;658.6,547.0
92#774.4,778.0;770.5,707.0;728.1,672.1;693.0,675.4;690.6,671.1;657.5,699.8;711.6,672.7;692.3,588.9;692.3,586.2;680.5,543.0;725.7,525.8;750.6,554.8;719.6,581.5;659.6,593.9;627.5,580.9;655.4,550.6
93#772.5,786.8;764.5,714.7;724.4,674.5;689.6,677.2;689.6,663.9;652.2,687.9;708.4,674.5;687.0,591.7;687.0,589.0;673.6,546.2;721.7,524.8;743.1,556.9;713.7,583.6;654.9,597.0;622.8,583.6;652.2,554.2
94#759.8,772.9;757.0,702.7;720.5,677.4;681.2,680.2;681.2,660.5;655.9,702.7;700.8,677.4;681.2,596.0;681.2,593.1;669.9,551.0;723.3,542.6;740.2,573.5;714.9,590.3;653.1,604.4;619.4,570.7;633.4,537.0
95#759.8,772.8;757.0,702.6;720.5,677.4;681.2,680.2;681.2,660.5;655.9,702.6;700.8,677.4;681.2,596.0;681.2,593.2;670.0,551.1;723.3,542.7;740.1,573.5;714.9,590.4;653.1,604.4;619.4,570.7;633.5,537.0
96#746.2,756.5;748.9,691.4;715.4,674.6;675.6,679.1;669.0,671.2;653.5,718.8;695.1,675.3;678.8,602.1;678.2,598.3;672.0,556.6;723.8,557.5;737.6,589.1;710.4,596.5;650.3,607.7;615.5,580.1;624.2,545.9
97#732.5,740.1;740.7,680.3;710.4,671.9;669.9,678.0;656.9,681.9;651.0,734.9;689.5,673.2;676.4,608.3;675.1,603.5;674.0,562.1;724.3,572.3;735.1,604.7;705.9,602.5;647.5,611.1;611.5,589.4;615.0,554.7
98#718.9,723.8;732.6,669.1;705.3,669.1;664.3,676.9;644.7,692.6;648.6,751.1;683.8,671.1;674.0,614.4;672.1,608.6;676.0,567.6;724.8,587.1;732.6,620.3;701.4,608.6;644.7,614.4;607.6,598.8;605.7,563.6
99#706.2,720.2;721.9,661.6;714.0,690.9;676.9,694.8;649.6,706.5;647.6,767.1;696.5,696.7;675.0,618.6;675.0,612.8;676.9,571.7;723.8,601.0;731.6,632.3;706.2,614.7;643.7,618.6;600.8,608.9;608.6,575.6
100#647.2,777.5;673.0,722.0;714.6,698.3;679.0,702.2;651.2,714.1;647.2,781.5;694.8,702.2;673.0,619.0;673.0,615.0;678.0,574.3;710.7,678.4;714.6,646.7;702.7,617.0;645.3,619.0;603.6,620.9;609.6,589.2
101#657.7,775.4;677.6,718.9;715.9,696.4;681.6,699.2;652.7,709.5;649.1,778.2;697.0,699.2;676.0,618.1;675.6,612.6;678.3,571.6;714.8,669.6;723.4,645.4;706.0,615.8;648.0,618.5;617.0,625.1;626.1,598.2
102#668.2,773.3;682.2,715.8;717.3,694.5;684.2,696.1;654.2,704.8;651.0,774.9;699.1,696.1;679.0,617.3;678.2,610.2;678.5,569.0;718.8,660.7;732.1,644.1;709.3,614.5;650.7,618.1;630.4,629.4;642.6,607.2
103#678.8,771.3;686.7,712.7;718.6,692.7;686.8,693.1;655.8,700.2;653.0,771.7;701.3,693.1;682.1,616.4;680.9,607.8;678.8,566.3;722.9,651.9;740.9,642.7;712.7,613.3;653.4,617.6;643.7,633.6;659.0,616.2
104#689.3,769.2;691.3,709.6;720.0,690.8;689.4,690.0;657.3,695.5;654.9,768.4;703.4,690.0;685.1,615.6;683.5,605.4;679.0,563.7;726.9,643.0;749.6,641.4;716.0,612.0;656.1,617.2;657.1,637.9;675.5,625.2
105#699.8,767.1;695.9,706.5;721.3,688.9;692.0,687.0;658.8,690.9;656.8,765.1;705.6,687.0;688.1,614.7;686.1,603.0;679.3,561.0;731.0,634.2;758.4,640.1;719.3,610.8;658.8,616.7;670.5,642.1;692.0,634.2
106#694.8,780.2;701.2,724.8;718.2,686.5;688.4,684.4;656.5,686.5;658.6,744.0;703.3,686.5;692.7,612.0;690.5,603.5;681.0,564.1;739.5,609.9;769.3,624.8;724.6,607.7;662.9,614.1;630.9,648.2;613.9,650.3
107#694.8,780.2;701.2,724.8;718.2,686.5;688.4,684.4;656.5,686.5;658.6,744.0;703.3,686.5;692.7,612.0;690.5,603.5;681.0,564.1;739.5,609.9;769.3,624.8;724.6,607.7;662.9,614.1;630.9,648.2;613.9,650.3
108#697.2,790.3;702.3,732.8;715.3,686.8;681.8,683.7;652.9,690.2;649.2,729.4;698.6,686.0;694.1,608.1;693.5,601.6;687.1,560.8;747.9,589.2;769.0,608.1;725.6,604.4;663.1,611.2;627.3,638.2;623.6,637.9
109#699.6,800.3;703.4,740.9;712.5,687.2;675.3,683.0;649.2,694.0;639.7,714.9;693.9,685.4;695.4,604.3;696.4,599.7;693.3,557.6;756.3,568.6;768.8,591.5;726.6,601.1;663.4,608.4;623.6,628.3;633.4,625.6
110#702.0,810.4;704.5,748.9;709.6,687.5;668.7,682.3;645.6,697.7;630.3,700.3;689.2,684.9;696.8,600.4;699.4,597.8;699.4,554.3;764.7,547.9;768.5,574.8;727.6,597.8;663.6,605.5;620.0,618.3;643.1,613.2
111#707.8,809.7;710.3,749.6;705.3,689.5;672.7,686.9;677.7,742.1;635.1,712.0;687.7,686.9;695.2,599.2;695.2,596.7;699.0,552.9;767.9,559.1;770.4,589.2;727.8,596.7;662.7,599.2;620.1,599.2;652.6,599.2
112#709.6,799.1;718.8,739.5;707.3,689.1;666.1,689.1;679.8,746.4;636.3,718.9;686.7,691.4;693.6,599.8;693.6,597.5;701.6,562.0;766.9,572.3;766.9,599.8;723.3,597.5;663.8,602.1;629.4,581.4;669.5,566.6
113#709.6,799.0;718.7,739.5;707.3,689.1;666.1,689.1;679.8,746.3;636.3,718.9;686.7,691.4;693.6,599.8;693.6,597.6;697.0,562.1;766.8,572.4;766.8,599.8;723.3,597.6;663.8,602.1;629.5,581.5;669.5,566.7
114#717.7,784.7;725.8,720.4;707.0,682.9;672.2,682.9;682.9,741.8;640.1,725.7;688.3,682.9;693.6,597.2;696.3,594.5;701.7,554.4;768.6,586.5;765.9,610.6;723.1,599.9;664.2,591.9;642.8,565.1;674.9,543.7
115#728.8,771.6;737.2,701.6;703.6,684.7;675.6,684.7;714.8,693.2;714.8,752.0;689.6,684.7;698.0,597.9;698.0,595.1;703.6,555.8;768.1,597.9;765.3,620.3;726.0,600.7;667.2,592.3;653.1,555.8;672.8,527.8
116#738.8,757.6;747.3,689.5;710.4,681.0;679.2,686.7;718.9,703.7;721.8,768.9;693.4,683.9;701.9,601.6;701.9,596.0;707.6,556.3;772.8,613.0;767.1,630.0;727.4,604.5;673.6,596.0;662.2,553.4;673.6,525.1
117#729.2,747.7;745.4,685.0;715.3,679.8;683.9,684.7;714.9,712.8;720.8,774.6;698.9,682.0;704.6,601.2;705.2,595.8;711.7,554.6;770.1,619.6;769.5,633.0;731.8,604.0;676.1,597.0;666.9,573.6;681.0,553.6
118#719.7,737.8;743.6,680.4;720.2,678.6;688.7,682.7;710.9,721.9;719.8,780.2;704.4,680.0;707.4,600.9;708.6,595.5;715.8,553.0;767.4,626.1;771.9,635.9;736.1,603.5;678.5,598.0;671.6,593.9;688.3,582.2
119#710.1,727.8;741.8,675.9;725.1,677.4;693.4,680.6;707.0,730.9;718.8,785.9;709.8,678.1;710.1,600.5;711.9,595.3;719.8,551.3;764.7,632.7;774.3,638.9;740.4,603.0;681.0,599.1;676.2,614.1;695.6,610.8
120#700.6,717.9;739.9,671.3;730.0,676.2;698.1,678.6;703.0,740.0;717.8,791.6;715.3,676.2;712.9,600.1;715.3,595.1;723.9,549.7;762.0,639.3;776.7,641.8;744.8,602.5;683.4,600.1;680.9,634.4;703.0,639.3
121#703.1,725.4;739.9,677.6;733.3,677.9;701.0,679.8;701.9,733.4;716.6,785.6;718.3,677.7;715.7,600.8;717.9,596.2;725.1,550.9;766.2,633.7;780.1,638.4;747.4,603.0;686.2,600.8;680.7,632.6;703.1,635.2
122#705.7,733.0;739.9,683.9;736.6,679.7;704.0,680.9;700.9,726.8;715.4,779.6;721.3,679.3;718.6,601.5;720.6,597.3;726.4,552.1;770.5,628.1;783.5,635.1;750.1,603.5;689.0,601.5;680.5,630.8;703.1,631.1
123#708.2,740.5;739.9,690.2;739.9,681.4;706.9,682.1;699.8,720.1;714.3,773.6;724.3,680.8;721.4,602.2;723.2,598.4;727.6,553.3;774.7,622.5;786.8,631.7;752.7,604.0;691.9,602.2;680.4,629.0;703.2,627.0
124#710.7,748.0;739.9,696.5;743.2,683.1;709.8,683.2;698.7,713.5;713.1,767.6;727.3,682.4;724.2,602.9;725.8,599.5;728.9,554.5;778.9,616.9;790.2,628.4;755.3,604.5;694.7,602.9;680.2,627.2;703.2,622.9
125#713.3,755.6;739.9,702.8;746.5,684.9;712.7,684.4;697.6,706.9;711.9,761.6;730.3,683.9;727.1,603.6;728.5,600.6;730.1,555.7;783.1,611.3;793.6,625.0;758.0,605.0;697.5,603.6;680.0,625.4;703.3,618.8
126#715.8,763.1;739.9,709.1;749.8,686.6;715.6,685.5;696.5,700.3;710.8,755.6;733.3,685.5;729.9,604.3;731.1,601.7;731.4,556.9;787.4,605.7;797.0,621.7;760.6,605.5;700.4,604.3;679.8,623.6;703.3,614.7
127#718.3,770.6;740.0,715.4;753.1,688.3;718.6,686.6;695.5,693.7;709.6,749.7;736.4,687.0;732.7,604.9;733.7,602.9;732.6,558.1;791.6,600.0;800.4,618.3;763.2,605.9;703.2,604.9;679.6,621.9;703.4,610.7
128#720.9,778.2;740.0,721.7;756.4,690.1;721.5,687.8;694.4,687.1;708.4,743.7;739.4,688.5;735.6,605.6;736.4,604.0;733.9,559.3;795.8,594.4;803.8,614.9;765.9,606.4;706.0,605.6;679.4,620.1;703.5,606.6
129#723.4,785.7;740.0,728.0;759.7,691.8;724.4,689.0;693.3,680.4;707.2,737.7;742.4,690.1;738.4,606.3;739.0,605.1;735.1,560.5;800.0,588.8;807.1,611.6;768.5,606.9;708.8,606.3;679.3,618.3;703.5,602.5
130#725.9,793.2;740.0,734.3;763.0,693.5;727.4,690.1;692.2,673.8;706.0,731.7;745.4,691.6;741.2,607.0;741.6,606.2;736.4,561.7;804.2,583.2;810.5,608.2;771.1,607.4;711.6,607.0;679.1,616.5;703.6,598.4
131#728.5,800.8;740.0,740.6;766.3,695.3;730.3,691.2;691.2,667.2;704.9,725.7;748.4,693.2;744.1,607.7;744.3,607.3;737.6,562.9;808.5,577.6;813.9,604.9;773.8,607.9;714.5,607.7;678.9,614.7;703.6,594.3
132#731.0,808.3;740.0,746.9;769.6,697.0;733.2,692.4;690.1,660.6;703.7,719.7;751.4,694.7;746.9,608.4;746.9,608.4;738.9,564.1;812.7,572.0;817.3,601.5;776.4,608.4;717.3,608.4;678.7,612.9;703.7,590.2
133#738.0,811.9;752.2,755.1;766.4,693.7;730.9,689.0;683.6,644.1;709.6,710.2;747.5,691.3;747.5,608.6;747.5,606.3;741.5,564.9;816.0,589.7;820.7,613.3;778.2,606.3;719.1,606.3;683.6,625.2;709.6,606.3
134#753.4,807.8;765.5,747.3;772.7,691.6;734.0,686.7;692.8,657.7;714.6,713.4;753.4,689.2;748.5,606.8;748.5,604.4;742.5,559.6;816.3,599.6;821.2,621.4;780.0,606.8;717.0,609.2;695.2,640.7;704.9,618.9
135#764.6,797.1;772.8,739.4;775.6,687.3;737.2,684.5;698.7,676.3;718.0,728.4;759.1,684.5;750.9,605.0;750.9,602.2;744.0,551.5;819.5,610.4;822.2,626.9;783.8,605.0;718.0,607.7;707.0,654.4;712.5,712.0
136#777.1,781.4;784.0,724.1;777.1,678.2;740.4,675.9;699.1,680.5;722.0,740.2;758.7,678.2;751.9,602.6;751.9,593.4;748.4,557.9;820.6,618.6;825.2,627.8;784.0,600.3;719.8,604.9;708.3,643.8;712.9,639.3
137#777.0,781.3;783.9,724.0;777.0,678.3;740.4,676.0;699.2,680.5;722.1,740.1;758.7,678.3;751.9,602.7;751.9,593.6;748.4,558.1;820.5,618.7;825.1,627.9;783.9,600.4;722.1,605.0;708.4,643.9;715.2,639.3
138#789.5,764.6;801.6,705.8;781.4,665.3;748.9,663.3;706.4,689.6;722.6,752.5;765.2,665.3;757.0,598.4;755.0,586.2;749.9,556.8;803.7,620.7;826.0,624.7;789.5,596.4;720.5,600.4;700.3,638.9;716.5,632.8
139#797.2,763.6;807.5,703.5;786.6,665.1;753.6,663.6;715.8,687.5;731.9,748.2;770.5,665.4;761.1,598.0;759.1,586.5;754.4,555.9;807.1,614.2;829.1,620.7;792.5,595.6;725.8,600.4;708.3,638.0;725.1,631.5
140#805.0,762.6;813.5,701.1;791.8,664.8;758.4,664.0;725.2,685.4;741.3,744.0;775.7,665.6;765.3,597.6;763.3,586.7;758.8,555.0;810.5,607.7;832.2,616.7;795.6,594.9;731.0,600.4;716.4,637.1;733.7,630.2
141#812.7,761.6;819.4,698.8;797.1,664.6;763.1,664.3;734.6,683.3;750.6,739.7;781.0,665.8;769.4,597.2;767.4,587.0;763.3,554.0;813.8,601.1;835.3,612.7;798.6,594.1;736.2,600.4;724.4,636.1;742.2,628.9
142#820.4,760.6;825.3,696.4;802.3,664.3;767.9,664.7;744.0,681.2;760.0,735.4;786.3,665.9;773.6,596.8;771.6,587.2;767.7,553.1;817.2,594.6;838.4,608.7;801.7,593.3;741.5,600.4;732.5,635.2;750.8,627.6
143#828.1,759.6;831.2,694.1;807.5,664.1;772.6,665.0;753.4,679.1;769.3,731.1;791.6,666.0;777.7,596.4;775.7,587.5;772.2,552.2;820.6,588.1;841.5,604.8;804.7,592.5;746.8,600.4;740.5,634.3;759.4,626.3
144#835.9,758.7;837.2,691.8;812.7,663.9;777.4,665.4;762.8,677.1;778.6,726.9;796.8,666.2;781.8,596.1;779.8,587.7;776.7,551.3;824.0,581.6;844.6,600.8;807.7,591.8;752.0,600.4;748.6,633.4;768.0,625.1
145#843.6,757.7;843.1,689.4;817.9,663.6;782.1,665.8;772.2,675.0;788.0,722.6;802.1,666.3;786.0,595.7;784.0,588.0;781.1,550.4;827.4,575.1;847.7,596.8;810.8,591.0;757.2,600.4;756.6,632.5;776.6,623.8
146#851.3,756.7;849.0,687.1;823.2,663.4;786.9,666.1;781.6,672.9;797.3,718.3;807.4,666.5;790.1,595.3;788.1,588.2;785.6,549.4;830.7,568.5;850.8,592.8;813.8,590.2;762.5,600.4;764.7,631.5;785.1,622.5
147#859.1,755.7;855.0,684.7;828.4,663.1;791.6,666.4;791.0,670.8;806.7,714.1;812.6,666.6;794.3,594.9;792.3,588.5;790.0,548.5;834.1,562.0;853.9,588.8;816.9,589.5;767.8,600.4;772.8,630.6;793.7,621.2
148#866.8,754.7;860.9,682.4;833.6,662.9;796.4,666.8;800.4,668.7;816.0,709.8;817.9,666.8;798.4,594.5;796.4,588.7;794.5,547.6;837.5,555.5;857.0,584.8;819.9,588.7;773.0,600.4;780.8,629.7;802.3,619.9
149#871.7,748.5;866.2,678.8;836.1,662.0;800.0,666.7;805.5,676.5;820.8,718.9;820.3,666.3;802.0,593.0;800.8,586.8;799.8,547.4;842.0,563.8;860.7,588.0;825.1,587.6;775.7,598.9;777.2,629.9;796.0,621.6
150#876.7,742.3;871.5,675.2;838.6,661.1;803.6,666.6;810.7,684.4;825.6,728.0;822.8,665.8;805.5,591.5;805.1,584.9;805.2,547.2;846.4,572.1;864.5,591.2;830.3,586.5;778.4,597.4;773.6,630.1;789.7,623.4
151#881.6,736.1;876.9,671.5;841.0,660.2;807.1,666.5;815.8,692.2;830.4,737.2;825.2,665.3;809.1,590.1;809.5,582.9;810.5,546.9;850.9,580.4;868.2,594.5;835.6,585.3;781.1,596.0;770.0,630.2;783.3,625.1
152#886.6,729.9;882.2,667.9;843.5,659.3;810.7,666.4;821.0,700.1;835.2,746.3;827.7,664.8;812.6,588.6;813.8,581.0;815.9,546.7;855.3,588.7;872.0,597.7;840.8,584.2;783.8,594.5;766.4,630.4;777.0,626.9
153#891.5,723.7;887.5,664.3;846.0,658.4;814.3,666.3;826.1,707.9;840.0,755.4;830.1,664.3;816.2,587.1;818.2,579.1;821.2,546.5;859.8,597.0;875.7,600.9;846.0,583.1;786.5,593.0;762.8,630.6;770.7,628.6
154#898.5,707.2;898.5,650.0;847.9,656.6;814.9,665.4;830.3,711.6;839.1,764.4;830.3,658.8;821.5,584.0;821.5,577.4;829.2,541.1;869.9,588.4;889.7,588.4;850.1,579.6;788.5,588.4;751.1,614.8;759.9,614.8
155#898.5,707.2;898.5,650.0;847.9,656.6;814.9,665.4;830.3,711.6;839.1,764.4;830.3,658.8;821.5,584.0;821.5,577.4;829.2,541.1;869.9,588.4;889.7,588.4;850.1,579.6;788.5,588.4;751.1,614.8;759.9,614.8
156#901.7,689.4;904.2,633.2;850.4,652.8;816.2,665.0;828.4,718.8;838.2,774.9;833.3,657.7;823.6,579.5;823.6,577.0;837.0,529.4;867.5,550.2;899.3,572.1;852.9,577.0;794.2,579.5;750.3,599.0;764.9,579.5
157#899.2,692.0;900.3,635.5;851.0,647.2;816.7,657.9;827.4,712.1;834.9,766.8;833.8,651.6;825.8,574.4;825.8,571.0;837.9,524.5;871.5,556.4;899.0,572.1;855.2,572.3;796.2,573.9;753.6,594.3;763.7,577.0
158#896.6,694.7;896.4,637.8;851.6,641.6;817.2,650.9;826.5,705.4;831.7,758.7;834.4,645.5;827.9,569.2;827.9,565.0;838.9,519.6;875.4,562.6;898.7,572.1;857.6,567.6;798.2,568.3;756.9,589.7;762.4,574.5
159#894.1,697.4;892.5,640.1;852.2,635.9;817.6,643.8;825.5,698.7;828.4,750.6;834.9,639.4;830.1,564.0;830.1,559.0;839.8,514.7;879.4,568.7;898.4,572.1;859.9,563.0;800.3,562.7;760.2,585.0;761.2,572.0
160#891.5,700.0;888.6,642.4;852.8,630.3;818.1,636.7;824.6,692.0;825.1,742.5;835.5,633.3;832.3,558.9;832.3,553.0;840.8,509.8;883.4,574.9;898.1,572.1;862.3,558.3;802.3,557.1;763.5,580.3;759.9,569.5
161#889.0,702.6;884.7,644.7;853.4,624.7;818.6,629.6;823.6,685.3;821.9,734.4;836.0,627.2;834.5,553.8;834.5,547.0;841.7,504.9;887.4,581.1;897.8,572.1;864.6,553.6;804.3,551.5;766.8,575.6;758.7,567.0
162#886.5,705.3;880.8,647.0;854.0,619.1;819.1,622.6;822.6,678.6;818.6,726.2;836.5,621.0;836.6,548.6;836.6,541.0;842.6,500.1;891.3,587.3;897.4,572.2;866.9,548.9;806.3,546.0;770.2,571.0;757.5,564.5
163#883.9,707.9;876.9,649.3;854.6,613.5;819.6,615.5;821.7,671.9;815.3,718.1;837.1,614.9;838.8,543.5;838.8,535.0;843.6,495.2;895.3,593.5;897.1,572.2;869.3,544.2;808.3,540.4;773.5,566.3;756.2,562.0
164#881.4,710.6;873.0,651.6;855.2,607.8;820.0,608.4;820.7,665.2;812.0,710.0;837.6,608.8;841.0,538.3;841.0,529.0;844.5,490.3;899.3,599.6;896.8,572.2;871.6,539.6;810.4,534.8;776.8,561.6;755.0,559.5
165#878.8,713.2;869.1,653.9;855.8,602.2;820.5,601.4;819.8,658.5;808.8,701.9;838.2,602.7;843.1,533.1;843.1,523.0;845.5,485.4;903.2,605.8;896.5,572.2;874.0,534.9;812.4,529.2;780.1,557.0;753.7,557.0
166#876.3,715.9;865.2,656.2;856.4,596.6;821.0,594.3;818.8,651.8;805.5,693.8;838.7,596.6;845.3,528.0;845.3,517.0;846.4,480.5;907.2,612.0;896.2,572.2;876.3,530.2;814.4,523.6;783.4,552.3;752.5,554.5
167#876.2,715.8;865.2,656.2;856.4,596.6;821.0,594.4;818.8,651.8;805.6,696.0;838.7,596.6;845.3,528.1;845.3,517.0;846.4,480.6;907.2,612.0;896.1,572.3;876.2,530.3;814.4,523.7;783.5,552.4;752.5,554.6
168#880.7,713.9;865.3,654.4;849.9,586.2;814.7,584.0;830.1,610.4;803.7,698.4;832.3,584.0;843.3,513.6;843.3,500.3;851.0,475.0;869.7,566.4;891.7,564.2;876.3,520.2;810.3,511.3;772.9,537.8;750.9,546.6
169#879.8,707.0;867.2,637.0;842.2,577.0;807.2,577.0;832.2,622.0;817.2,682.0;824.8,577.0;837.2,502.0;839.8,492.0;846.0,448.2;884.8,572.0;887.2,549.5;872.2,504.5;804.8,499.5;754.8,522.0;742.2,554.5
170#878.1,691.7;872.9,629.8;836.8,567.8;803.2,570.4;823.9,622.0;816.1,691.7;821.3,567.8;834.2,490.3;836.8,480.0;845.8,442.6;878.1,557.5;883.3,536.8;867.8,492.9;800.6,487.8;798.1,521.3;816.1,536.8
171#883.8,677.8;875.7,613.2;832.7,545.9;794.9,548.6;808.4,624.0;803.0,702.1;813.8,548.6;827.3,475.8;830.0,473.1;844.8,423.3;851.5,537.8;875.7,524.3;862.3,481.2;792.3,470.4;762.6,454.3;790.9,428.7
172#898.4,661.3;874.0,597.3;828.3,539.4;794.8,542.5;794.8,621.7;791.7,691.8;813.1,539.4;825.2,466.3;828.3,463.2;831.3,414.5;849.6,512.0;864.9,515.0;855.7,472.4;797.8,463.2;794.8,502.8;828.3,505.9
173#898.3,661.1;873.9,597.2;828.3,539.4;794.9,542.5;794.9,621.5;791.8,691.5;813.1,539.4;825.3,466.4;825.3,463.4;831.4,414.7;849.6,512.1;864.8,515.1;855.7,472.5;794.9,463.4;794.9,502.9;828.3,506.0
