1#765.7,869.1;783.2,690.1;835.6,637.7;778.8,646.4;752.6,768.7;761.3,877.9;805.0,642.1;774.4,497.9;774.4,502.3;757.0,423.7;789.7,404.0;824.7,412.8;822.5,484.8;730.8,511.0;722.0,463.0;752.6,423.7
2#767.5,876.3;797.7,673.7;827.9,643.5;771.8,647.8;754.6,768.5;763.2,885.0;802.0,647.8;771.8,501.2;771.8,501.2;758.9,427.8;784.8,419.2;825.8,412.7;819.3,488.2;724.4,509.8;724.4,458.0;750.3,423.5
3#767.5,873.0;797.8,682.4;828.2,639.1;771.8,647.8;754.5,769.1;763.2,886.0;802.2,647.8;771.8,500.5;771.8,500.5;758.8,426.8;782.7,403.0;826.0,411.7;819.5,487.5;724.2,509.2;750.2,530.8;750.2,418.2
4#777.5,879.1;794.8,675.7;825.1,641.1;768.8,649.8;755.9,770.9;764.5,883.4;799.1,645.5;768.8,502.7;768.8,502.7;760.2,424.8;781.8,420.5;822.9,414.0;816.4,489.7;721.2,511.3;716.9,459.4;747.2,424.8
5#775.4,874.1;835.2,617.9;822.4,635.0;762.6,647.8;754.1,771.6;766.9,882.6;792.5,643.5;766.9,498.3;766.9,498.3;758.3,421.5;777.5,406.5;828.8,415.1;813.8,489.8;719.9,506.9;741.2,532.5;745.5,421.5
6#778.6,846.7;824.2,613.3;815.1,621.7;755.3,632.7;736.1,733.6;753.7,842.5;784.7,629.0;759.9,484.1;759.9,483.6;750.9,408.1;779.7,396.2;834.4,407.6;807.7,475.4;712.5,492.9;729.3,523.9;737.3,424.5
7#781.9,819.2;813.1,608.6;807.8,608.5;748.0,617.6;718.1,695.6;740.6,802.5;776.9,614.6;752.9,469.9;752.9,469.0;743.5,394.6;781.9,385.8;840.0,400.0;801.7,461.0;705.1,478.9;717.5,515.3;729.1,427.4
8#785.1,791.8;802.1,604.0;800.5,595.2;740.7,602.5;700.1,657.6;727.4,762.4;769.1,600.1;745.9,455.7;745.9,454.3;736.1,381.2;784.1,375.5;845.6,392.5;795.6,446.6;697.7,464.9;705.6,506.7;720.9,430.4
9#788.3,764.4;791.1,599.4;793.2,582.0;733.3,587.5;682.1,619.6;714.2,722.4;761.4,585.6;739.0,441.6;739.0,439.7;728.6,367.8;786.4,365.1;851.1,385.0;789.5,432.3;690.3,451.0;693.7,498.1;712.7,433.4
10#791.5,737.0;780.1,594.8;785.9,568.7;726.0,572.4;664.1,581.6;701.0,682.3;753.6,571.1;732.0,427.4;732.0,425.0;721.2,354.4;788.6,354.8;856.7,377.5;783.4,417.9;682.9,437.0;681.8,489.5;704.5,436.4
11#794.8,709.5;769.0,590.1;778.6,555.5;718.7,557.3;646.1,543.6;687.9,642.3;745.8,556.7;725.0,413.2;725.0,410.4;713.8,340.9;790.8,344.4;862.3,369.9;777.4,403.5;675.5,423.0;670.0,480.9;696.3,439.3
12#798.0,682.1;758.0,585.5;771.3,542.2;711.4,542.2;628.1,505.6;674.7,602.2;738.0,542.2;718.0,399.0;718.0,395.7;706.4,327.5;793.0,334.1;867.9,362.4;771.3,389.1;668.1,409.0;658.1,472.3;688.1,442.3
13#801.4,706.5;768.4,604.3;755.2,531.8;695.9,531.8;613.6,472.5;653.1,561.5;725.6,528.5;705.8,390.2;705.8,386.9;700.9,316.0;860.7,347.3;834.3,350.6;761.8,377.0;653.1,393.5;620.1,482.4;643.2,551.6
14#803.6,718.0;780.0,623.6;744.6,533.1;693.4,533.1;756.4,615.7;795.7,706.2;717.0,529.2;693.4,383.6;693.4,387.6;693.4,312.8;724.9,293.2;807.5,328.6;744.6,375.8;642.3,391.5;626.6,360.0;630.5,328.6
15#803.4,718.6;779.8,624.3;744.5,534.0;693.5,534.0;756.3,616.5;795.6,706.8;717.0,530.1;693.5,384.9;693.5,384.9;693.5,314.2;724.9,294.6;807.3,326.0;744.5,377.0;642.4,392.7;587.5,377.0;630.7,329.9
16#805.0,725.0;770.7,630.9;728.0,541.1;672.4,541.1;736.5,613.8;779.3,703.6;702.3,541.1;676.6,391.4;676.6,395.7;680.9,318.7;687.3,256.7;757.9,310.1;728.0,387.1;625.3,395.7;616.8,464.1;638.1,502.6
17#785.5,726.7;752.5,631.1;710.2,552.2;654.1,557.3;699.4,613.3;735.5,692.2;684.2,553.5;664.5,406.9;664.5,411.0;673.7,334.4;677.3,279.8;737.7,329.9;714.0,404.0;615.1,409.7;610.1,418.0;626.8,441.2
18#766.1,728.3;734.4,631.2;692.3,563.3;635.9,573.4;662.3,612.9;691.7,680.7;666.0,565.8;652.4,422.3;652.4,426.3;666.5,350.0;667.4,302.8;717.5,349.7;699.9,420.9;605.0,423.8;603.4,372.0;615.6,379.7
19#746.6,730.0;716.2,631.4;674.5,574.4;617.6,589.6;625.2,612.4;647.9,669.3;647.9,578.2;640.3,437.8;640.3,441.6;659.3,365.7;657.4,325.9;697.3,369.5;685.9,437.8;594.8,437.8;596.7,325.9;604.3,318.3
20#716.5,717.1;695.0,620.3;648.4,588.0;594.6,598.8;637.6,631.1;652.0,699.2;623.3,588.0;634.0,448.2;637.6,448.2;659.1,383.6;655.6,354.9;691.4,405.1;680.7,455.3;591.0,441.0;569.5,491.2;598.2,502.0
21#679.1,721.0;662.5,626.8;637.9,592.9;583.9,598.1;609.0,635.4;626.9,707.8;612.0,591.1;629.2,455.6;632.7,454.5;655.4,391.0;648.2,385.0;683.8,429.2;675.8,464.2;585.6,447.0;563.2,497.5;592.5,505.6
22#641.7,724.8;629.9,633.3;627.4,597.8;573.1,597.3;580.5,639.8;601.8,716.4;600.7,594.3;624.5,463.1;627.8,460.8;651.7,398.4;640.9,415.2;676.2,453.4;670.9,473.1;580.2,453.0;556.9,503.9;586.8,509.2
23#604.2,728.7;597.4,639.8;616.8,602.6;562.4,596.6;551.9,644.1;576.7,725.0;589.5,597.4;619.7,470.5;622.9,467.1;647.9,405.7;633.5,445.3;668.6,477.5;666.1,482.1;574.8,459.0;550.7,510.2;581.2,512.9
24#566.8,732.5;564.8,646.3;606.3,607.5;551.6,595.8;523.4,648.5;551.6,733.6;578.2,600.6;615.0,478.0;618.0,473.4;644.2,413.1;626.2,475.5;661.0,501.7;661.2,491.0;569.4,465.0;544.4,516.6;575.5,516.5
25#529.4,736.4;532.3,652.8;595.8,612.4;540.9,595.1;494.8,652.8;526.5,742.2;566.9,603.7;610.2,485.4;613.1,479.7;640.5,420.5;618.8,505.6;653.4,525.8;656.3,499.9;564.0,471.0;538.1,522.9;569.8,520.1
26#536.6,661.4;571.9,620.6;580.1,590.8;533.9,577.2;504.1,639.6;498.6,712.9;558.4,585.3;599.1,487.6;604.5,476.8;633.0,421.1;653.4,509.3;650.7,539.2;647.9,501.2;555.6,474.0;528.5,522.9;542.1,544.6
27#534.5,673.4;557.1,645.3;571.5,598.7;526.5,577.2;493.3,606.3;486.9,683.7;548.1,591.5;597.5,487.2;602.9,474.7;629.0,418.8;642.6,520.4;646.2,547.4;647.0,502.5;551.6,472.8;525.5,522.3;548.0,536.8
28#532.4,685.3;542.4,670.0;562.9,606.7;519.0,577.2;482.4,573.1;475.3,654.4;537.9,597.7;596.0,486.8;601.3,472.5;625.1,416.6;631.9,531.4;641.6,555.6;646.0,503.8;547.7,471.6;522.6,521.7;553.8,528.9
29#530.3,697.3;527.6,694.7;554.3,614.6;511.6,577.2;471.6,539.8;463.6,625.2;527.6,603.9;594.4,486.4;599.7,470.4;621.1,414.3;621.1,542.5;637.1,563.8;645.1,505.1;543.7,470.4;519.6,521.1;559.7,521.1
30#527.0,722.0;524.4,709.2;550.1,601.1;501.2,583.0;519.2,644.8;519.2,714.3;524.4,593.3;591.3,485.2;599.0,464.6;620.9,435.0;619.6,544.4;637.7,570.2;642.8,505.8;545.0,464.6;514.1,516.1;547.6,523.8
31#526.2,741.7;545.9,674.0;548.8,609.1;492.3,589.3;523.4,648.6;514.9,733.3;523.4,597.8;588.3,482.1;596.7,462.3;620.7,427.0;610.9,552.6;641.9,575.2;639.1,504.7;545.9,462.3;514.9,507.5;545.9,521.6
32#529.6,753.0;547.5,678.3;550.5,609.5;499.7,594.5;517.6,669.3;508.7,741.1;523.6,603.5;586.4,480.9;592.4,460.0;620.8,425.6;601.3,561.6;646.2,579.6;634.2,504.8;544.5,457.0;499.7,504.8;538.6,522.8
33#529.6,752.9;547.5,678.2;550.5,609.5;499.7,594.5;514.7,669.2;508.7,741.0;523.6,603.5;586.4,481.0;592.4,460.1;620.7,425.7;601.3,561.7;646.1,579.6;634.2,504.9;547.5,457.1;499.7,504.9;538.6,522.8
34#542.5,768.1;552.2,687.5;552.2,603.8;497.4,590.9;510.3,674.7;516.7,752.0;526.4,597.4;584.4,481.4;590.8,458.9;627.9,418.6;623.0,610.2;645.6,571.6;629.5,504.0;539.3,455.6;510.3,500.7;539.3,523.3
35#556.3,778.8;559.7,689.4;559.7,600.0;500.0,590.0;519.9,676.2;529.8,759.0;529.8,593.3;579.5,477.4;589.5,457.5;617.6,419.4;625.9,616.5;645.8,573.5;625.9,500.6;539.8,457.5;510.0,507.2;539.8,527.1
36#557.3,776.8;577.5,686.0;564.0,608.7;506.9,598.6;533.8,642.3;517.0,679.3;537.2,602.0;577.5,477.6;580.8,460.8;606.1,408.7;627.9,612.1;641.4,558.3;627.9,497.8;533.8,457.4;503.5,511.2;537.2,517.9
37#561.7,766.3;588.2,676.6;565.0,606.9;515.1,596.9;558.3,640.1;521.8,706.5;541.7,600.2;571.6,474.0;575.0,464.0;593.2,395.9;624.8,586.9;658.0,547.1;621.5,490.6;528.4,460.7;505.2,513.8;538.4,507.2
38#577.0,745.0;612.5,646.3;549.3,602.8;513.8,602.8;577.0,638.4;525.6,729.2;529.6,602.8;565.1,472.5;569.1,464.6;588.8,397.5;628.3,543.6;679.7,527.8;616.5,484.4;521.7,460.7;521.7,508.1;549.3,508.1
39#577.0,745.2;612.6,646.4;549.3,602.9;513.7,602.9;577.0,638.5;529.5,729.4;529.5,602.9;565.1,472.5;569.1,464.6;588.8,397.4;628.4,543.6;679.8,527.8;616.5,484.3;521.6,460.6;521.6,508.0;549.3,508.0
40#604.7,724.6;636.3,633.6;565.2,606.0;521.7,606.0;569.1,657.4;521.7,744.3;541.4,606.0;565.2,471.6;565.2,463.6;584.9,400.4;667.9,483.4;691.7,507.1;612.6,483.4;521.7,459.7;482.1,408.3;501.9,360.9
41#623.5,702.5;646.7,601.9;573.2,621.2;519.0,609.6;557.7,675.4;522.9,772.2;550.0,621.2;569.3,474.1;569.3,466.4;580.9,404.5;635.1,439.3;693.2,474.1;615.8,478.0;519.0,462.5;484.2,423.8;507.4,389.0
42#631.4,673.1;650.5,573.8;577.9,608.2;520.6,608.2;532.0,692.2;516.8,787.8;551.2,608.2;566.4,474.4;566.4,474.4;574.1,405.6;639.1,405.6;681.1,451.4;616.1,474.4;524.4,470.6;509.1,524.1;551.2,512.6
43#627.3,644.4;646.0,550.7;586.1,610.7;526.2,610.7;514.9,700.6;507.4,783.0;559.9,610.7;563.6,475.8;563.6,472.1;571.1,404.6;632.9,384.0;664.8,427.1;612.3,472.1;514.9,475.8;518.7,524.5;548.7,520.8
44#618.2,623.2;609.4,601.4;583.3,597.0;535.4,597.0;513.6,688.5;496.2,775.6;561.5,597.0;561.5,475.1;561.5,470.7;561.5,405.4;618.2,366.2;644.3,418.5;605.1,470.7;518.0,475.1;518.0,527.4;561.5,514.3
45#619.0,623.0;610.3,601.3;584.3,597.0;532.1,597.0;514.7,688.3;493.0,775.2;562.5,597.0;562.5,475.2;562.5,470.9;562.5,405.7;619.0,366.5;645.1,418.7;606.0,470.9;519.0,475.2;519.0,527.4;562.5,514.3
46#490.1,760.2;523.2,669.0;585.4,594.5;535.6,594.5;514.9,677.3;490.1,756.0;556.4,594.5;560.5,474.3;560.5,470.2;556.4,403.9;626.8,358.3;630.9,408.0;601.9,466.0;514.9,474.3;510.8,524.0;527.4,511.6
47#498.9,741.5;518.0,657.5;579.1,592.5;529.4,592.5;518.0,665.1;502.7,737.7;556.2,592.5;548.6,470.3;548.6,466.5;544.7,405.3;617.3,363.3;628.8,409.2;594.4,466.5;502.7,477.9;487.4,531.4;476.0,516.1
48#597.0,623.1;501.4,619.8;583.8,586.8;527.8,590.1;508.0,633.0;508.0,715.3;554.1,590.1;540.9,471.5;537.6,461.6;537.6,399.0;613.4,379.3;629.9,428.7;583.8,461.6;488.2,481.4;471.7,534.1;471.7,514.3
49#575.4,649.8;566.2,659.0;563.1,582.5;514.2,588.6;495.8,631.4;514.2,692.6;538.7,585.5;526.4,469.2;526.4,460.0;526.4,398.8;602.9,401.9;618.2,447.8;569.3,460.0;483.6,475.3;474.4,515.1;511.1,512.1
50#561.5,666.1;556.3,668.7;553.6,576.6;501.0,581.9;514.2,653.0;516.8,663.5;524.7,579.2;516.8,471.3;516.8,458.1;519.4,400.2;590.5,418.6;603.7,466.0;558.9,460.8;474.7,479.2;461.5,518.7;479.9,518.7
51#561.6,666.3;556.3,668.9;553.7,579.3;501.0,584.6;514.1,653.1;516.8,663.7;524.7,579.3;516.8,471.2;516.8,458.0;519.4,400.0;593.2,426.4;603.8,465.9;559.0,460.6;474.6,479.1;461.4,518.7;479.9,518.7
52#554.0,687.8;548.3,613.9;542.6,591.1;494.3,591.1;480.1,585.5;508.5,639.4;519.9,588.3;505.7,471.8;508.5,463.3;508.5,400.7;582.4,443.4;590.9,486.0;548.3,466.1;465.9,477.5;414.7,508.7;440.3,494.5
53#545.3,706.3;542.6,638.0;534.4,583.4;488.0,583.4;545.3,621.6;537.1,695.4;509.8,583.4;498.9,474.2;498.9,466.0;497.5,418.2;572.6,463.3;578.1,501.5;539.9,471.5;457.9,476.9;452.5,512.4;485.3,498.8
54#540.1,723.1;542.9,653.9;529.0,587.6;487.6,595.9;512.4,648.4;526.3,717.5;506.9,590.3;490.3,476.9;493.1,468.6;488.9,420.2;553.9,476.9;567.8,515.7;534.6,476.9;448.8,476.9;443.3,515.7;482.0,512.9
55#542.1,725.4;539.1,656.9;524.2,588.4;476.6,588.4;506.3,653.9;524.2,713.5;500.4,588.4;485.5,481.3;485.5,472.4;481.0,408.4;559.9,502.1;556.9,531.9;533.1,478.3;440.9,481.3;443.8,517.0;470.6,517.0
56#542.2,726.0;542.2,654.9;529.9,593.2;477.4,593.2;508.2,670.4;529.9,722.9;505.2,596.3;483.5,482.0;480.5,472.7;474.3,411.0;533.0,531.4;557.7,534.5;533.0,482.0;434.1,485.1;437.2,528.3;471.2,525.2
57#542.1,725.6;542.1,654.7;529.7,593.1;477.4,593.1;508.2,679.4;529.7,722.5;505.1,596.2;483.5,482.2;483.5,473.0;474.3,411.4;532.8,531.5;557.5,534.6;532.8,482.2;434.3,485.3;434.3,525.4;471.2,528.4
58#540.3,717.8;534.5,644.2;519.7,585.3;469.7,585.3;484.4,647.1;522.7,714.8;493.2,585.3;481.5,488.2;481.5,473.5;474.1,413.1;549.2,544.1;552.1,541.2;531.5,485.2;434.4,491.1;443.2,529.4;472.6,529.4
59#530.7,702.2;528.0,632.8;514.7,587.5;469.3,590.2;474.7,662.2;424.0,696.9;493.3,587.5;480.0,486.1;480.0,475.4;470.7,420.7;538.7,552.8;557.4,542.1;528.0,488.8;434.6,480.8;384.0,478.1;390.6,426.1
60#518.0,681.4;518.0,670.9;515.4,590.1;471.1,592.7;471.1,681.4;426.8,720.5;491.9,590.1;478.9,491.0;476.3,475.4;469.8,427.1;541.5,535.4;565.0,532.8;523.2,488.4;434.6,485.8;387.7,496.2;390.3,454.5
61#508.5,656.9;469.6,648.6;516.8,590.3;469.6,595.8;475.2,654.1;472.4,712.4;491.8,593.1;477.9,490.4;475.2,482.0;459.9,430.7;544.5,507.0;572.3,518.1;519.6,490.4;439.1,484.8;416.9,523.7;391.9,476.5
62#466.5,723.4;454.5,660.5;514.4,591.6;463.5,603.5;463.5,669.4;460.5,726.4;487.5,594.5;472.5,492.7;472.5,489.7;462.0,431.3;523.4,456.7;571.4,489.7;514.4,486.7;430.5,501.7;403.6,522.6;391.6,501.7
63#466.5,723.1;454.5,660.3;514.3,591.6;463.5,603.5;463.5,669.3;460.5,726.1;487.4,594.6;472.5,492.9;469.5,489.9;462.0,431.6;523.3,457.0;571.1,489.9;514.3,486.9;430.6,501.9;406.7,531.8;391.7,501.9
64#513.9,671.2;482.2,642.7;513.9,592.1;466.4,598.4;466.4,677.5;456.9,734.5;488.6,595.2;469.6,497.2;469.6,490.8;455.3,429.1;524.9,429.1;561.3,459.2;507.5,481.3;428.4,509.8;418.9,557.3;390.5,522.5
65#486.5,658.3;480.0,622.7;505.9,590.3;460.6,596.8;450.9,668.0;447.6,732.7;483.2,593.5;463.8,493.2;463.8,490.0;447.6,434.9;517.2,397.7;538.2,434.9;505.9,480.3;421.7,506.1;405.5,554.7;382.9,535.3
66#489.1,694.4;482.3,684.3;495.8,600.2;448.7,603.5;448.7,647.3;445.3,721.3;472.2,603.5;455.4,499.2;455.4,492.5;442.0,438.6;514.3,393.2;526.1,421.8;495.8,475.6;415.0,512.7;384.7,566.5;378.0,553.0
67#481.3,717.0;487.9,647.1;484.6,600.6;448.0,603.9;448.0,643.8;444.7,697.0;468.0,603.9;444.7,504.1;444.7,494.1;431.4,444.2;514.6,407.6;524.5,440.9;484.6,487.5;404.8,517.4;381.5,570.6;371.5,590.6
68#476.1,724.3;482.3,663.1;473.1,611.0;430.2,611.0;411.9,638.6;436.3,672.2;451.7,611.0;436.3,507.0;433.3,500.9;418.0,451.9;506.7,430.5;525.1,458.0;476.1,491.7;396.6,522.3;369.0,568.2;366.0,601.9
69#476.2,724.4;482.3,663.1;473.1,611.1;430.2,611.1;411.8,638.6;436.3,672.3;451.7,611.1;436.3,506.9;433.3,500.8;418.0,451.8;506.8,430.4;525.2,457.9;476.2,491.6;396.5,522.2;369.0,568.2;365.9,601.9
70#471.5,744.4;474.6,676.1;462.2,614.0;424.9,614.0;449.8,666.8;459.1,732.0;443.6,614.0;421.8,511.5;418.7,505.3;406.3,452.5;502.6,458.7;518.1,480.4;462.2,496.0;381.4,527.0;362.8,576.7;365.9,610.9
71#478.4,754.6;463.1,690.5;454.0,620.3;408.2,620.3;383.8,660.0;460.1,745.4;429.6,620.3;411.3,516.6;408.2,513.6;400.6,460.2;493.6,486.1;499.7,510.5;454.0,507.5;371.6,525.8;362.5,580.7;374.7,599.0
72#476.4,759.9;467.6,686.4;441.1,618.8;402.9,618.8;397.0,657.0;382.3,683.4;420.5,618.8;400.0,521.8;402.9,518.8;398.5,464.5;488.1,510.0;488.1,536.5;441.1,515.9;364.7,527.6;361.7,574.7;376.4,598.2
73#477.5,753.8;470.2,679.6;436.2,622.5;398.3,623.9;399.6,661.1;382.9,697.9;415.8,623.2;399.0,527.1;400.4,522.8;396.8,468.9;485.6,527.5;482.8,549.5;439.0,523.4;362.6,530.8;361.1,576.7;379.9,597.2
74#478.6,747.8;472.9,672.8;431.2,626.2;393.8,629.0;402.1,665.1;383.4,712.4;411.1,627.6;397.9,532.4;398.0,526.7;395.1,473.4;483.1,545.0;477.4,562.5;436.9,530.9;360.5,533.9;360.4,578.7;383.3,596.1
75#479.8,741.7;475.5,666.0;426.3,630.0;389.2,634.2;404.7,669.2;384.0,726.8;406.3,632.1;396.9,537.8;395.5,530.6;393.4,477.8;480.6,562.4;472.1,575.4;434.8,538.4;358.4,537.1;359.8,580.7;386.8,595.1
76#480.9,735.6;478.1,659.2;421.4,633.7;384.6,639.3;407.3,673.3;384.6,741.3;401.6,636.5;395.9,543.1;393.1,534.6;391.7,482.2;478.1,579.9;466.7,588.4;432.7,545.9;356.3,540.2;359.1,582.7;390.3,594.0
77#474.4,716.6;479.0,643.3;419.9,634.8;380.4,641.7;398.7,688.9;382.5,760.9;399.2,638.8;394.3,543.5;392.5,536.8;393.7,482.7;472.6,577.6;473.5,583.3;432.7,546.4;355.2,542.6;356.0,583.8;385.3,589.2
78#468.0,697.5;479.8,627.3;418.3,635.9;376.3,644.2;390.2,704.5;380.5,780.4;396.8,641.1;392.8,543.9;391.8,538.9;395.6,483.1;467.0,575.4;480.3,578.2;432.8,547.0;354.0,545.1;352.8,584.8;380.3,584.3
79#461.5,678.5;480.7,611.4;416.8,637.0;372.1,646.6;381.6,720.1;378.4,800.0;394.4,643.4;391.2,544.3;391.2,541.1;397.6,483.6;461.5,573.1;487.1,573.1;432.8,547.5;352.9,547.5;349.7,585.9;375.3,579.5
80#453.4,662.0;468.8,594.5;413.5,637.5;370.6,646.7;367.5,741.9;375.2,810.9;392.0,643.6;395.1,545.4;395.1,539.2;404.3,487.0;468.8,551.5;496.4,554.6;432.0,545.4;358.3,548.4;330.6,496.2;327.6,447.1
81#449.3,675.7;469.2,609.0;412.7,641.0;369.7,648.4;359.1,735.0;364.1,804.7;391.5,645.9;394.5,547.0;394.5,540.9;401.3,489.2;457.0,539.1;490.1,546.8;431.0,545.8;357.5,550.0;326.6,510.0;324.8,462.0
82#445.2,689.5;469.5,623.4;411.9,644.5;368.8,650.1;350.6,728.1;352.9,798.6;390.9,648.2;393.9,548.6;393.9,542.6;398.3,491.5;445.1,526.7;483.8,539.0;430.0,546.3;356.7,551.6;322.7,523.8;322.0,476.9
83#441.1,703.2;469.9,637.9;411.2,648.1;367.8,651.7;342.2,721.3;341.8,792.4;390.4,650.5;393.4,550.2;393.4,544.2;395.3,493.7;433.3,514.3;477.4,531.2;429.0,546.7;356.0,553.1;318.7,537.5;319.3,491.7
84#437.0,717.0;470.2,652.3;410.4,651.6;366.9,653.4;333.7,714.4;330.6,786.3;389.8,652.8;392.8,551.8;392.8,545.9;392.3,496.0;421.4,501.9;471.1,523.4;428.0,547.2;355.2,554.7;314.8,551.3;316.5,506.6
85#432.9,730.7;470.6,666.8;409.6,655.1;366.0,655.1;325.3,707.5;319.5,780.1;389.3,655.1;392.2,553.4;392.2,547.6;389.3,498.2;409.6,489.5;464.8,515.6;427.0,547.6;354.4,556.3;310.8,565.1;313.7,521.5
86#430.7,753.6;462.4,687.0;408.5,655.3;360.9,655.3;316.5,693.3;307.0,766.3;386.3,655.3;389.4,556.9;389.4,556.9;379.9,503.0;402.1,480.8;446.5,509.4;421.2,553.8;354.6,563.3;316.5,582.3;313.3,550.6
87#424.9,758.5;455.4,691.4;403.6,657.8;356.5,657.7;314.6,696.9;305.9,769.6;381.6,657.8;385.1,559.3;385.1,559.4;376.0,505.6;400.8,484.8;443.5,513.6;417.0,556.2;350.3,565.5;312.7,586.0;309.2,557.5
88#419.0,763.4;448.5,695.8;398.8,660.3;352.0,660.0;312.8,700.5;304.8,772.9;377.0,660.3;380.8,561.6;380.8,561.9;372.2,508.2;399.5,488.9;440.5,517.8;412.9,558.6;346.0,567.7;309.0,589.6;305.1,564.4
89#413.2,768.2;441.5,700.1;393.9,662.8;347.6,662.4;310.9,704.1;303.8,776.3;372.3,662.8;376.5,564.0;376.5,564.4;368.3,510.7;398.1,492.9;437.5,522.0;408.7,560.9;341.8,570.0;305.2,593.3;300.9,571.4
90#407.4,773.1;434.6,704.5;389.0,665.3;343.2,664.8;309.0,707.7;302.7,779.6;367.7,665.3;372.3,566.4;372.3,566.9;364.4,513.3;396.8,497.0;434.5,526.1;404.6,563.3;337.5,572.2;301.5,596.9;296.8,578.3
91#401.6,778.0;427.6,708.9;384.2,667.8;338.8,667.1;307.1,711.3;301.6,782.9;363.0,667.8;368.0,568.8;368.0,569.4;360.5,515.9;395.5,501.0;431.5,530.3;400.4,565.7;333.2,574.4;297.7,600.6;292.7,585.2
92#395.7,782.9;420.6,713.3;379.3,670.2;334.3,669.5;305.3,714.9;300.5,786.2;358.4,670.2;363.7,571.1;363.7,571.9;356.7,518.5;394.2,505.1;428.5,534.5;396.2,568.1;328.9,576.6;294.0,604.2;288.6,592.1
93#389.9,787.7;413.7,717.7;374.4,672.7;329.9,671.9;303.4,718.5;299.4,789.6;353.7,672.7;359.4,573.5;359.4,574.4;352.8,521.0;392.8,509.1;425.5,538.7;392.1,570.5;324.6,578.8;290.2,607.9;284.4,599.0
94#384.1,792.6;406.7,722.1;369.6,675.2;325.5,674.2;301.5,722.1;298.3,792.9;349.0,675.2;355.1,575.9;355.1,576.9;348.9,523.6;391.5,513.2;422.5,542.9;387.9,572.9;320.3,581.0;286.4,611.6;280.3,605.9
95#378.2,797.5;399.8,726.4;364.7,677.7;321.0,676.6;299.6,725.7;297.3,796.2;344.4,677.7;350.8,578.3;350.8,579.4;345.0,526.2;390.2,517.2;419.5,547.1;383.8,575.2;316.1,583.3;282.7,615.2;276.2,612.9
96#372.4,802.4;392.8,730.8;359.9,680.2;316.6,678.9;297.8,729.3;296.2,799.5;339.7,680.2;346.5,580.6;346.5,581.9;341.2,528.8;388.9,521.3;416.5,551.3;379.6,577.6;311.8,585.5;278.9,618.9;272.1,619.8
97#366.6,807.3;385.8,735.2;355.0,682.7;312.2,681.3;295.9,732.9;295.1,802.8;335.1,682.7;342.2,583.0;342.2,584.4;337.3,531.4;387.6,525.3;413.5,555.5;375.4,580.0;307.5,587.7;275.2,622.5;268.0,626.7
98#360.7,812.1;378.9,739.6;350.1,685.2;307.7,683.7;294.0,736.5;294.0,806.2;330.4,685.2;338.0,585.4;338.0,586.9;333.4,533.9;386.2,529.4;410.5,559.6;371.3,582.4;303.2,589.9;271.4,626.2;263.8,633.6
99#354.9,817.0;371.9,744.0;345.3,687.7;303.3,686.0;292.1,740.2;292.9,809.5;325.8,687.7;333.7,587.8;333.7,589.3;329.5,536.5;384.9,533.4;407.5,563.8;367.1,584.8;298.9,592.1;267.7,629.8;259.7,640.5
100#349.1,821.9;364.9,748.4;340.4,690.2;298.9,688.4;290.3,743.8;291.8,812.8;321.1,690.2;329.4,590.1;329.4,591.8;325.7,539.1;383.6,537.5;404.5,568.0;362.9,587.2;294.6,594.3;263.9,633.5;255.6,647.4
101#343.2,826.8;358.0,752.7;335.5,692.7;294.4,690.8;288.4,747.4;290.8,816.1;316.4,692.7;325.1,592.5;325.1,594.3;321.8,541.7;382.3,541.5;401.5,572.2;358.8,589.5;290.4,596.6;260.1,637.2;251.5,654.4
102#337.4,831.6;351.0,757.1;330.7,695.2;290.0,693.1;286.5,751.0;289.7,819.5;311.8,695.2;320.8,594.9;320.8,596.8;317.9,544.2;380.9,545.6;398.5,576.4;354.6,591.9;286.1,598.8;256.4,640.8;247.3,661.3
103#331.6,836.5;344.1,761.5;325.8,697.6;285.6,695.5;284.6,754.6;288.6,822.8;307.1,697.6;316.5,597.3;316.5,599.3;314.0,546.8;379.6,549.6;395.5,580.6;350.5,594.3;281.8,601.0;252.6,644.5;243.2,668.2
104#325.8,841.4;337.1,765.9;320.9,700.1;281.2,697.9;282.8,758.2;287.5,826.1;302.5,700.1;312.2,599.6;312.2,601.8;310.2,549.4;378.3,553.7;392.5,584.8;346.3,596.7;277.5,603.2;248.9,648.1;239.1,675.1
105#319.9,846.3;330.1,770.3;316.1,702.6;276.7,700.2;280.9,761.8;286.4,829.4;297.8,702.6;307.9,602.0;307.9,604.3;306.3,552.0;377.0,557.7;389.5,589.0;342.1,599.1;273.2,605.4;245.1,651.8;235.0,682.0
106#314.1,851.2;323.2,774.7;311.2,705.1;272.3,702.6;279.0,765.4;285.3,832.7;293.2,705.1;303.7,604.4;303.7,606.8;302.4,554.6;375.7,561.8;386.5,593.1;338.0,601.5;268.9,607.6;241.4,655.4;230.9,688.9
107#308.3,856.0;316.2,779.0;306.3,707.6;267.9,705.0;277.1,769.0;284.3,836.1;288.5,707.6;299.4,606.8;299.4,609.3;298.5,557.1;374.3,565.8;383.5,597.3;333.8,603.8;264.7,609.9;237.6,659.1;226.7,695.9
108#302.4,860.9;309.3,783.4;301.5,710.1;263.4,707.3;275.3,772.6;283.2,839.4;283.8,710.1;295.1,609.1;295.1,611.8;294.7,559.7;373.0,569.9;380.5,601.5;329.7,606.2;260.4,612.1;233.8,662.8;222.6,702.8
109#296.6,865.8;302.3,787.8;296.6,712.6;259.0,709.7;273.4,776.2;282.1,842.7;279.2,712.6;290.8,611.5;290.8,614.3;290.8,562.3;371.7,573.9;377.5,605.7;325.5,608.6;256.1,614.3;230.1,666.4;218.5,709.7
110#305.5,845.8;311.3,772.7;293.8,711.2;255.7,711.2;285.0,761.0;282.1,831.2;273.3,711.2;285.0,611.8;285.0,608.8;290.8,562.0;366.9,588.3;366.9,617.6;320.1,608.8;252.8,614.7;252.8,649.8;276.2,655.6
111#310.5,835.1;317.9,762.8;290.9,711.0;255.5,711.0;288.6,749.6;285.8,817.2;272.7,711.0;284.1,612.1;284.1,608.3;290.7,560.8;365.0,597.4;363.2,625.0;318.4,611.0;252.7,612.2;249.1,617.5;266.0,616.4
112#315.4,824.4;324.6,753.0;288.0,710.7;255.4,710.7;292.3,738.2;289.5,803.2;272.1,710.7;283.3,612.5;283.3,607.8;290.6,559.7;363.0,606.4;359.4,632.5;316.6,613.3;252.6,609.8;245.3,585.3;255.9,577.3
113#320.4,813.7;331.2,743.1;285.1,710.5;255.2,710.5;295.9,726.8;293.2,789.2;271.5,710.5;282.4,612.8;282.4,607.3;290.5,558.5;361.1,615.5;355.7,639.9;314.9,615.5;252.5,607.3;241.6,553.0;245.7,538.1
114#326.4,801.4;340.2,726.9;285.1,704.9;252.0,704.9;301.6,721.4;293.3,795.9;271.3,704.9;285.1,611.1;285.1,605.6;290.6,558.7;359.5,627.6;354.0,646.9;315.4,616.6;252.0,605.6;227.2,567.0;238.2,533.9
115#322.5,798.8;334.7,724.9;287.6,702.4;254.3,702.2;295.4,717.1;288.9,790.9;273.4,702.2;286.3,608.3;286.3,603.1;291.1,556.1;360.5,618.1;355.4,639.1;316.8,613.4;252.9,603.3;226.2,568.4;238.9,535.0
116#318.6,796.1;329.1,722.9;290.2,699.9;256.6,699.5;289.1,712.8;284.5,786.0;275.4,699.5;287.4,605.6;287.4,600.5;291.5,553.6;361.5,608.6;356.9,631.2;318.2,610.1;253.8,601.0;225.2,569.7;239.5,536.1
117#314.7,793.5;323.6,720.9;292.7,697.5;258.9,696.8;282.9,708.5;280.1,781.0;277.5,696.8;288.6,602.8;288.6,598.0;292.0,551.0;362.4,599.2;358.3,623.4;319.6,606.9;254.7,598.7;224.3,571.1;240.2,537.3
118#310.8,790.9;318.1,718.9;295.3,695.0;261.2,694.1;276.6,704.2;275.7,776.1;279.6,694.1;289.7,600.0;289.7,595.4;292.5,548.4;363.4,589.7;359.8,615.5;321.0,603.7;255.6,596.4;223.3,572.5;240.8,538.4
119#306.9,788.2;312.6,716.9;297.8,692.5;263.5,691.4;270.4,699.9;271.3,771.1;281.7,691.4;290.9,597.3;290.9,592.9;292.9,545.8;364.4,580.2;361.2,607.7;322.4,600.5;256.5,594.1;222.3,573.8;241.5,539.5
120#303.0,785.6;307.0,714.9;300.4,690.0;265.8,688.7;264.1,695.6;266.9,766.2;283.8,688.7;292.0,594.5;292.0,590.3;293.4,543.2;365.4,570.8;362.7,599.8;323.8,597.2;257.4,591.8;221.3,575.2;242.1,540.6
121#299.0,783.0;301.5,713.0;302.9,687.6;268.0,685.9;257.9,691.2;262.5,761.2;285.8,685.9;293.2,591.7;293.2,587.8;293.9,540.7;366.4,561.3;364.1,592.0;325.3,594.0;258.3,589.4;220.4,576.6;242.8,541.7
122#295.1,780.3;296.0,711.0;305.4,685.1;270.3,683.2;251.6,686.9;258.1,756.2;287.9,683.2;294.4,589.0;294.4,585.3;294.3,538.1;367.4,551.8;365.5,584.2;326.7,590.8;259.2,587.1;219.4,577.9;243.5,542.8
123#291.2,777.7;290.5,709.0;308.0,682.6;272.6,680.5;245.4,682.6;253.7,751.3;290.0,680.5;295.5,586.2;295.5,582.7;294.8,535.5;368.3,542.3;367.0,576.3;328.1,587.6;260.1,584.8;218.4,579.3;244.1,544.0
124#287.3,775.1;284.9,707.0;310.5,680.1;274.9,677.8;239.1,678.3;249.3,746.3;292.1,677.8;296.7,583.4;296.7,580.2;295.3,533.0;369.3,532.9;368.4,568.5;329.5,584.4;261.0,582.5;217.4,580.7;244.8,545.1
125#283.4,772.4;279.4,705.0;313.1,677.7;277.2,675.1;232.9,674.0;244.9,741.4;294.1,675.1;297.8,580.7;297.8,577.6;295.7,530.4;370.3,523.4;369.9,560.6;330.9,581.1;261.9,580.2;216.5,582.0;245.4,546.2
126#279.5,769.8;273.9,703.0;315.6,675.2;279.5,672.4;226.6,669.7;240.5,736.4;296.2,672.4;299.0,577.9;299.0,575.1;296.2,527.8;371.3,513.9;371.3,552.8;332.3,577.9;262.8,577.9;215.5,583.4;246.1,547.3
127#272.8,782.4;270.1,709.7;315.9,680.1;278.2,674.7;219.0,655.9;240.5,723.2;297.0,677.4;297.0,577.8;297.0,572.4;294.3,529.4;367.0,518.6;367.0,550.9;329.3,575.1;267.4,575.1;240.5,567.1;248.6,537.4
128#269.6,795.1;277.6,725.6;315.0,674.8;275.0,672.2;216.2,640.1;242.9,712.2;293.7,672.2;293.7,576.0;293.7,576.0;289.7,523.9;363.1,527.9;371.1,562.6;325.7,570.6;264.3,573.3;216.2,570.6;242.9,546.6
129#270.6,794.2;279.3,725.1;313.9,676.1;270.6,676.1;215.8,647.2;241.8,710.6;293.7,676.1;293.7,572.3;293.7,572.3;293.7,523.3;365.7,531.9;368.6,560.7;325.4,572.3;262.0,572.3;215.8,569.4;241.8,543.4
130#271.6,803.8;288.1,734.9;310.2,671.5;271.6,666.0;213.7,619.1;263.3,795.5;290.9,668.7;290.9,566.8;290.9,569.5;295.0,521.3;362.5,544.7;370.8,572.3;323.9,572.3;255.0,566.8;219.2,586.1;246.8,553.0
131#277.7,796.1;295.0,729.9;306.5,663.8;266.2,658.0;217.3,614.9;240.3,689.7;286.3,660.9;289.2,571.7;289.2,571.7;289.2,519.9;358.3,554.4;369.8,580.3;320.9,574.6;254.7,571.7;223.0,603.3;237.4,672.4
132#288.7,790.3;300.5,719.8;315.2,666.9;274.0,664.0;221.1,631.6;247.6,705.1;294.6,664.0;285.8,572.8;288.7,572.8;287.2,518.5;356.3,569.9;368.1,593.4;324.0,572.8;253.4,572.8;229.9,619.9;241.7,687.5
133#299.0,778.4;311.5,708.6;316.9,664.8;275.5,661.9;226.3,641.7;247.0,715.3;296.0,662.2;289.4,570.7;291.5,570.7;291.3,517.2;356.0,561.1;369.6,586.3;326.7,570.7;255.7,570.7;234.1,617.6;249.3,665.8
134#309.3,766.6;322.4,697.4;318.5,662.7;276.9,659.8;231.6,651.9;246.5,725.5;297.4,660.5;292.9,568.6;294.4,568.6;295.4,515.9;355.8,552.2;371.0,579.1;329.4,568.6;257.9,568.6;238.2,615.4;257.0,644.0
135#319.6,754.8;333.4,686.2;320.2,660.6;278.4,657.7;236.8,662.0;245.9,735.6;298.8,658.8;296.5,566.6;297.2,566.6;299.5,514.5;355.5,543.4;372.5,572.0;332.1,566.6;260.2,566.6;242.3,613.1;264.6,622.2
136#329.9,742.9;344.3,675.0;321.9,658.5;279.9,655.6;242.1,672.1;245.4,745.8;300.1,657.0;300.0,564.5;300.0,564.5;303.6,513.2;355.2,534.6;373.9,564.8;334.8,564.5;262.5,564.5;246.5,610.8;272.3,600.5
137#340.2,731.0;355.3,663.7;323.5,656.3;281.4,653.5;247.3,682.2;244.8,756.0;301.5,655.2;303.6,562.4;302.9,562.4;307.7,511.9;354.9,525.8;375.4,557.7;337.4,562.4;264.8,562.4;250.7,608.5;279.9,578.8
138#350.5,719.2;366.3,652.5;325.2,654.2;282.9,651.4;252.6,692.4;244.3,766.1;302.9,653.5;307.2,560.3;305.7,560.3;311.8,510.6;354.7,516.9;376.8,550.6;340.1,560.3;267.1,560.3;254.8,606.2;287.6,557.0
139#360.8,707.3;377.2,641.3;326.8,652.1;284.3,649.3;257.9,702.5;243.8,776.3;304.3,651.8;310.7,558.3;308.6,558.3;315.9,509.2;354.4,508.1;378.2,543.4;342.8,558.3;269.3,558.3;258.9,604.0;295.2,535.2
140#371.1,695.5;388.2,630.1;328.5,650.0;285.8,647.2;263.1,712.6;243.2,786.5;305.7,650.0;314.3,556.2;311.4,556.2;320.0,507.9;354.1,499.3;379.7,536.3;345.5,556.2;271.6,556.2;263.1,601.7;302.9,513.5
141#371.2,694.6;391.1,629.1;328.5,649.0;288.7,649.0;263.0,711.7;243.1,785.6;305.7,649.0;314.3,555.1;311.4,555.1;320.0,509.6;351.3,501.1;379.7,535.2;345.6,555.1;271.6,555.1;294.3,563.7;302.9,512.5
142#376.0,711.7;392.5,645.5;340.2,645.5;293.3,651.0;268.5,697.9;265.8,766.8;309.9,648.3;320.9,557.3;320.9,557.3;320.9,510.5;356.7,488.4;367.7,521.5;351.2,551.8;290.6,557.3;282.3,549.1;298.8,516.0
143#380.9,713.7;395.3,647.1;344.6,646.5;299.5,652.5;279.4,697.3;279.6,763.4;316.2,649.5;323.7,559.2;323.7,557.6;324.2,511.2;358.1,502.6;370.7,531.0;354.3,553.8;293.1,559.8;284.2,560.2;303.3,528.7
144#385.7,715.8;398.1,648.7;349.0,647.5;305.6,653.9;290.4,696.7;293.4,760.1;322.4,650.7;326.6,561.0;326.6,558.0;327.5,511.8;359.6,516.8;373.6,540.4;357.5,555.9;295.7,562.3;286.0,571.2;307.7,541.4
145#390.6,717.8;400.9,650.3;353.4,648.5;311.8,655.4;301.3,696.1;307.2,756.7;328.7,651.9;329.4,562.9;329.4,558.3;330.8,512.5;361.0,531.0;376.6,549.9;360.6,557.9;298.2,564.8;287.9,582.3;312.2,554.1
146#395.4,719.9;403.7,652.0;357.9,649.5;318.0,656.8;312.3,695.4;321.0,753.4;335.0,653.2;332.3,564.8;332.3,558.6;334.1,513.2;362.4,545.1;379.5,559.3;363.8,559.9;300.8,567.2;289.8,593.4;316.6,566.9
147#400.3,721.9;406.5,653.6;362.3,650.5;324.2,658.3;323.2,694.8;334.8,750.0;341.3,654.4;335.1,566.7;335.1,558.9;337.4,513.9;363.8,559.3;382.5,568.8;366.9,561.9;303.3,569.7;291.7,604.5;321.1,579.6
148#405.1,724.0;409.3,655.2;366.7,651.5;330.3,659.7;334.2,694.2;348.6,746.7;347.5,655.6;338.0,568.5;338.0,559.3;340.7,514.5;365.3,573.5;385.4,578.2;370.1,564.0;305.9,572.2;293.5,615.5;325.5,592.3
149#410.0,726.0;412.1,656.8;371.1,652.5;336.5,661.2;345.1,693.6;362.4,743.3;353.8,656.8;340.8,570.4;340.8,559.6;344.0,515.2;366.7,587.7;388.4,587.7;373.2,566.0;308.4,574.7;295.4,626.6;330.0,605.0
150#422.6,703.3;422.6,639.4;371.0,649.3;339.0,659.1;351.3,693.5;363.6,752.5;353.8,654.2;343.9,568.2;346.4,555.9;348.9,511.7;380.8,573.1;400.5,585.4;375.9,563.3;312.0,570.6;304.6,605.0;326.7,590.3
151#432.7,689.4;432.7,623.3;374.5,644.5;342.8,652.4;356.0,702.6;364.0,766.0;356.0,649.8;348.1,559.9;348.1,554.6;353.4,507.1;374.5,573.1;419.5,573.1;382.5,559.9;311.1,567.8;297.9,596.9;329.6,586.3
152#438.3,669.7;438.3,603.1;374.5,639.2;335.7,647.5;355.1,714.1;360.6,775.1;355.1,644.7;349.5,556.0;349.5,553.2;360.6,503.3;388.3,531.0;427.2,553.2;377.3,550.4;316.2,558.7;305.1,594.8;341.2,594.8
153#438.2,669.7;438.2,603.2;374.5,639.2;335.7,647.5;355.1,714.0;360.6,774.9;355.1,644.7;346.8,553.3;349.5,553.3;363.4,503.5;391.1,531.2;427.1,553.3;377.2,550.6;316.3,558.9;296.9,594.9;330.2,594.9
154#434.1,674.3;434.1,608.1;376.3,633.5;337.8,641.1;355.4,706.8;358.0,764.4;357.1,638.7;349.4,548.8;351.8,548.0;363.9,498.6;396.8,537.8;427.6,554.3;380.7,547.0;318.6,554.1;295.3,589.2;322.9,587.5
155#430.0,678.9;430.0,612.9;378.1,627.8;340.0,634.8;355.6,699.7;355.3,753.9;359.1,632.6;352.0,544.4;354.1,542.7;364.4,493.6;402.5,544.3;428.2,555.2;384.2,543.4;320.9,549.3;293.8,583.6;315.7,580.2
156#425.9,683.5;425.9,617.8;380.0,622.0;342.1,628.4;355.9,692.5;352.7,743.4;361.0,626.6;354.6,539.9;356.4,537.3;364.8,488.7;408.2,550.9;428.7,556.2;387.8,539.8;323.1,544.5;292.2,577.9;308.4,572.8
157#421.8,688.1;421.8,622.6;381.8,616.3;344.2,622.1;356.1,685.3;350.0,732.9;363.0,620.5;357.2,535.5;358.7,532.0;365.3,483.8;413.9,557.5;429.3,557.2;391.3,536.2;325.4,539.7;290.6,572.3;301.1,565.4
158#417.6,692.8;417.6,627.5;383.6,610.6;346.4,615.7;356.4,678.2;347.4,722.3;365.0,614.5;359.9,531.0;361.1,526.7;365.8,478.8;419.5,564.0;429.8,558.1;394.8,532.7;327.7,534.9;289.1,566.6;293.9,558.1
159#413.5,697.4;413.5,632.3;385.4,604.9;348.5,609.4;356.6,671.0;344.7,711.8;367.0,608.4;362.5,526.6;363.4,521.4;366.3,473.9;425.2,570.6;430.4,559.1;398.3,529.1;330.0,530.1;287.5,561.0;286.6,550.7
160#409.4,702.0;409.4,637.2;387.3,599.1;350.6,603.0;356.9,663.8;342.1,701.3;368.9,602.4;365.1,522.1;365.7,516.0;366.7,469.0;430.9,577.2;430.9,560.1;401.9,525.5;332.2,525.3;285.9,555.3;279.3,543.3
161#405.3,706.6;405.3,642.0;389.1,593.4;352.8,596.7;357.1,656.7;339.4,690.8;370.9,596.3;367.7,517.7;368.0,510.7;367.2,464.0;436.6,583.7;431.5,561.0;405.4,521.9;334.5,520.5;284.4,549.7;272.1,536.0
162#401.2,711.2;401.2,646.9;390.9,587.7;354.9,590.3;357.4,649.5;336.8,680.3;372.9,590.3;370.3,513.2;370.3,505.4;367.7,459.1;442.3,590.3;432.0,562.0;408.9,518.3;336.8,515.7;282.8,544.0;264.8,528.6
163#415.0,706.5;401.9,643.7;388.9,575.6;352.2,575.6;357.5,648.9;339.1,688.2;370.5,575.6;373.2,497.1;373.2,486.6;374.5,440.8;443.8,591.3;433.4,549.4;409.8,502.3;336.5,494.5;302.5,533.7;268.5,533.7
164#426.9,699.1;403.1,632.8;389.8,555.9;347.4,555.9;355.3,651.4;395.1,723.0;368.6,555.9;371.2,481.6;373.9,471.0;375.2,424.6;424.3,558.6;429.6,534.7;411.0,484.3;336.8,479.0;299.6,510.8;270.5,521.4
165#427.0,699.2;403.1,632.9;389.8,555.9;347.4,555.9;355.3,651.5;395.1,723.1;368.6,555.9;371.3,481.6;373.9,471.0;375.2,424.5;424.3,558.6;429.6,534.7;411.1,484.2;336.7,478.9;299.6,510.8;270.4,518.7
166#429.6,682.6;411.3,612.5;383.9,542.3;344.2,545.3;359.5,618.6;344.2,688.7;365.6,545.3;368.6,459.9;371.7,450.8;380.8,402.0;417.4,539.2;426.6,514.8;408.3,466.0;332.0,459.9;283.2,487.4;289.3,475.2
167#431.5,664.0;422.3,597.1;379.8,527.2;334.2,527.2;358.5,594.1;346.4,688.3;358.5,527.2;367.6,448.2;370.7,439.1;381.3,388.9;401.1,518.1;422.3,496.8;404.1,451.2;328.1,439.1;300.8,509.0;273.4,542.4
168#441.0,644.5;428.6,576.0;369.3,504.3;328.8,507.4;353.7,591.6;366.2,669.5;350.6,507.4;369.3,429.5;369.3,423.2;380.2,368.7;384.9,482.5;413.0,479.3;403.6,435.7;331.9,426.3;316.3,479.3;344.4,485.6
169#453.3,627.2;425.5,557.7;369.8,498.6;335.1,502.1;345.5,582.0;355.9,658.5;355.9,502.1;362.9,418.6;366.4,411.7;376.8,363.0;387.2,463.8;401.1,470.8;394.2,422.1;335.1,411.7;338.5,460.3;366.4,456.9
170#466.8,606.2;427.6,548.9;370.3,485.5;334.1,494.6;346.2,573.0;343.2,651.4;349.2,485.5;358.3,413.2;361.3,404.1;373.4,355.9;382.4,452.4;394.5,464.4;388.4,419.2;328.1,410.2;337.2,452.4;364.3,452.4
