1#NULL
2#NULL
3#NULL
4#NULL
5#NULL
6#NULL
7#NULL
8#686.6,698.7;659.6,624.4;690.0,580.5;632.6,594.0;608.9,678.4;690.0,752.7;666.3,587.2;646.1,479.2;646.1,472.4;654.5,406.6;629.2,485.9;659.6,499.4;679.8,472.4;612.3,485.9;558.3,485.9;608.9,472.4
9#682.3,693.2;639.9,615.0;682.3,566.1;626.9,575.8;568.2,644.3;633.4,716.0;659.4,572.6;636.6,461.8;636.6,461.8;635.0,394.9;672.5,403.1;718.1,409.6;669.2,458.5;597.5,471.5;571.4,497.6;600.8,562.8
10#687.1,695.7;642.3,618.1;669.2,552.5;618.5,555.5;526.0,615.1;591.6,683.7;645.3,555.5;621.5,451.1;618.5,442.2;620.0,378.0;636.4,489.9;675.1,486.9;657.2,442.2;585.7,454.1;555.8,489.9;537.9,475.0
11#685.2,699.0;643.9,619.5;643.9,543.3;599.4,546.5;497.7,575.1;545.4,654.5;621.7,546.5;605.8,435.2;605.8,432.1;599.4,371.7;588.3,351.0;647.1,371.7;640.7,432.1;570.8,444.8;523.1,457.5;516.8,448.0
12#684.3,707.5;648.5,625.1;627.0,539.2;576.9,539.2;458.7,539.2;494.5,621.6;598.4,539.2;587.6,431.8;587.6,424.7;580.5,363.8;571.5,333.4;616.3,356.6;627.0,424.7;551.8,435.4;491.0,435.4;519.6,410.3
13#683.0,721.0;640.6,628.6;609.8,543.9;544.4,540.0;444.3,509.2;444.3,593.9;579.0,543.9;563.6,420.7;563.6,420.7;555.9,359.1;544.4,309.1;582.9,359.1;602.1,413.0;525.1,424.6;475.1,409.2;494.3,363.0
14#673.4,715.4;628.2,628.8;594.3,549.8;526.6,538.5;432.5,489.6;394.9,564.8;552.9,546.0;545.4,425.6;545.4,425.6;530.4,357.8;520.9,307.0;556.7,361.6;583.0,421.8;507.8,429.3;466.4,399.2;458.8,346.5
15#656.1,713.1;605.1,622.9;558.0,552.2;495.2,540.4;416.7,477.6;357.8,544.3;526.6,540.4;518.7,422.6;518.7,426.6;499.1,363.7;522.7,328.4;550.1,375.5;558.0,414.8;483.4,430.5;444.2,414.8;448.1,367.7
16#614.9,702.2;590.1,613.7;522.8,557.0;455.5,535.7;398.8,464.9;338.6,535.7;498.0,553.4;476.8,443.6;466.1,436.5;441.3,383.4;531.7,335.5;540.5,397.5;526.4,433.0;462.6,443.6;391.7,482.6;522.8,355.0
17#558.0,689.4;570.9,595.8;490.2,553.8;406.3,544.2;377.3,470.0;338.6,540.9;454.7,550.6;428.9,444.1;422.5,431.2;425.7,373.2;522.5,360.3;538.6,415.1;441.8,444.1;419.3,453.8;380.5,476.4;338.6,544.2
18#502.2,679.0;547.7,588.1;456.7,557.8;384.0,551.7;356.7,475.9;341.5,554.7;411.3,554.7;411.3,451.7;411.3,448.6;408.2,382.0;517.4,388.0;529.5,436.5;423.4,454.7;402.2,460.8;365.8,475.9;344.6,560.8
19#456.7,680.6;516.2,592.9;456.7,567.9;394.1,558.5;322.1,486.5;331.5,564.7;422.3,561.6;441.1,452.0;441.1,445.8;444.2,383.2;522.5,408.2;525.6,452.0;484.9,452.0;394.1,452.0;397.3,477.1;319.0,555.3
20#443.2,705.0;475.2,609.0;433.6,564.2;376.0,554.6;321.6,503.4;328.0,580.2;408.0,557.8;424.0,452.1;424.0,445.7;422.4,380.1;520.0,423.3;520.0,468.1;472.0,452.1;379.2,445.7;382.4,468.1;401.6,468.1
21#457.2,717.1;450.7,622.7;418.1,564.1;362.8,554.3;418.1,625.9;437.7,710.6;388.8,557.6;411.6,446.9;411.6,437.1;416.5,386.6;519.0,437.1;509.3,476.2;457.2,453.4;366.0,443.6;366.0,485.9;392.1,492.4
22#442.0,714.7;445.2,615.4;403.6,554.6;345.9,545.0;329.9,532.2;336.3,621.8;371.6,554.6;403.6,445.7;403.6,436.1;411.6,373.6;512.5,455.3;496.5,487.3;448.4,452.1;361.9,439.3;349.1,487.3;374.8,477.7
23#417.7,694.1;447.4,594.9;387.9,545.3;338.3,538.7;335.0,538.7;341.6,634.6;361.4,542.0;397.8,442.8;397.8,432.9;409.4,368.4;510.2,469.2;483.8,499.0;444.1,452.7;354.8,432.9;344.9,479.2;374.7,479.2
24#404.8,662.7;456.6,576.4;387.6,538.5;342.7,528.1;346.2,566.1;346.2,652.4;366.9,531.6;394.5,438.4;397.9,428.0;408.3,369.4;511.8,479.8;480.7,500.5;439.3,452.2;353.1,428.0;301.3,403.9;322.0,359.0
25#403.9,630.2;455.7,550.8;383.2,533.5;345.2,519.7;352.1,574.9;345.2,664.7;365.9,523.2;400.5,436.8;403.9,426.5;414.3,367.8;514.4,492.1;479.9,505.9;445.4,450.6;359.0,423.0;314.1,391.9;300.3,336.7
26#416.3,602.0;459.6,527.7;407.0,533.9;357.4,524.7;345.1,595.9;354.3,685.6;382.2,530.8;413.2,428.7;413.2,425.6;422.5,360.6;524.6,503.0;484.4,509.2;456.5,447.3;369.8,413.2;311.0,397.7;294.0,352.8
27#407.7,584.7;457.7,522.2;435.8,522.2;373.3,525.3;357.7,615.9;354.6,703.3;404.6,528.4;420.2,428.5;420.2,422.3;440.5,361.4;532.6,519.1;488.9,509.7;467.0,444.1;376.5,412.9;317.1,409.8;304.6,372.3
28#442.4,573.9;472.7,506.6;452.5,526.8;392.0,530.2;371.8,624.3;351.6,708.4;418.9,526.8;435.7,419.2;435.7,415.8;454.2,353.6;543.3,533.5;499.6,493.2;479.4,436.0;392.0,412.4;331.4,425.9;318.0,388.9
29#478.9,580.8;478.9,560.0;465.0,518.3;405.9,525.3;388.5,622.5;360.7,705.9;433.7,525.3;447.6,417.5;447.6,414.1;459.7,346.3;544.9,518.3;524.0,473.1;489.3,424.5;402.4,410.6;339.9,441.9;326.0,407.1
30#532.1,618.9;485.9,615.6;472.7,519.8;416.5,523.1;396.7,609.0;390.1,701.4;446.3,519.8;456.2,417.4;456.2,414.1;464.4,353.0;532.1,490.1;571.8,463.6;505.7,420.7;409.9,414.1;350.5,453.7;327.4,427.3
31#495.3,624.8;461.2,549.7;498.7,512.1;433.9,522.4;403.2,590.7;420.2,672.6;471.4,519.0;468.0,416.5;471.4,409.7;473.1,346.5;573.9,437.0;584.1,437.0;519.2,416.5;420.2,413.1;365.6,464.3;338.3,440.4
32#501.2,646.9;466.3,552.5;508.2,514.1;462.8,510.6;403.4,566.5;431.3,650.4;487.2,514.1;480.2,416.3;480.2,402.3;476.7,342.9;609.5,409.3;581.6,416.3;529.1,412.8;434.8,416.3;385.9,472.2;347.5,458.2
33#507.8,659.5;472.8,571.8;514.8,519.2;469.2,512.2;399.1,543.7;441.2,627.9;493.8,515.7;490.3,410.4;486.8,403.4;479.8,343.8;542.9,336.8;609.6,378.9;535.9,403.4;441.2,421.0;399.1,477.1;357.0,470.1
34#513.4,685.0;484.1,586.3;517.0,520.5;469.5,513.2;396.4,524.2;433.0,600.9;495.1,516.9;491.4,407.3;491.4,403.6;484.1,345.1;560.9,301.3;593.8,356.1;539.0,392.6;447.6,418.2;403.7,480.3;352.6,495.0
35#517.7,694.2;497.3,600.3;521.8,526.7;472.8,514.5;391.1,506.3;423.8,575.8;493.2,522.7;493.2,408.3;493.2,404.2;485.0,343.0;583.1,281.7;579.0,343.0;538.1,392.0;452.4,420.6;407.4,481.8;362.5,502.2
36#527.0,699.0;515.9,614.4;515.9,522.5;471.8,518.8;508.6,618.1;504.9,699.0;493.9,518.8;501.2,401.1;497.5,397.4;493.9,338.6;596.8,279.7;571.1,342.3;541.7,390.1;453.4,419.5;413.0,474.7;372.5,504.1
37#539.6,696.9;525.1,624.3;517.9,526.2;470.7,519.0;507.0,627.9;525.1,700.5;492.4,526.2;496.1,402.8;496.1,395.5;492.4,337.4;612.3,290.2;590.5,341.1;546.9,384.6;452.5,413.7;401.7,468.1;361.7,497.2
38#553.4,697.9;532.9,622.8;515.8,530.6;464.6,520.3;509.0,626.2;410.0,544.2;488.5,527.2;498.8,404.3;498.8,397.4;488.5,336.0;618.3,308.7;611.4,363.3;550.0,390.6;451.0,411.1;396.4,438.4;358.8,469.1
39#561.1,699.4;538.9,626.4;516.6,534.5;462.7,524.9;380.3,471.0;412.0,559.8;488.1,528.1;497.6,407.6;497.6,401.2;500.8,337.8;622.9,326.7;621.3,382.2;551.5,398.1;453.2,410.8;389.8,445.6;351.7,439.3
40#556.8,697.5;536.4,622.9;520.4,531.3;468.7,521.5;381.2,490.0;419.2,578.5;493.5,524.7;503.3,405.0;503.3,398.5;504.3,337.1;626.2,351.1;620.6,400.5;552.7,400.9;460.1,404.9;397.6,418.0;377.3,394.1
41#552.6,695.5;533.9,619.4;524.3,528.0;474.8,518.0;382.0,509.1;426.3,597.2;499.0,521.4;508.9,402.4;508.9,395.8;507.7,336.3;629.5,375.4;619.9,418.7;553.9,403.8;467.1,399.0;405.4,390.3;402.8,348.8
42#548.3,693.6;531.4,615.9;528.1,524.8;480.8,514.6;382.9,528.1;433.5,615.9;504.4,518.0;514.6,399.8;514.6,393.1;511.2,335.6;632.8,399.8;619.2,437.0;555.1,406.6;474.0,393.1;413.2,362.7;428.4,303.6
43#542.2,688.9;507.8,602.9;535.3,516.9;490.6,506.6;397.7,547.8;435.5,637.3;511.2,513.5;521.5,400.0;521.5,389.6;518.1,331.2;638.5,417.1;617.8,448.1;562.8,406.8;483.7,389.6;445.9,348.4;454.5,288.2
44#535.5,665.3;495.3,581.3;546.5,511.9;495.3,493.6;425.9,566.7;436.9,661.7;517.2,504.5;535.5,394.9;535.5,387.6;535.5,329.1;641.5,431.5;619.6,457.0;579.4,409.5;495.3,387.6;473.4,340.1;484.4,288.9
45#527.0,620.3;485.4,554.4;554.7,505.9;502.7,495.5;450.7,571.8;447.3,679.2;530.5,499.0;547.8,395.0;551.3,384.6;554.7,325.6;644.9,453.9;620.6,464.3;592.9,408.8;509.7,381.1;468.1,356.8;492.3,308.3
46#529.7,591.2;491.9,536.3;560.6,495.1;512.5,484.8;481.6,587.8;437.0,687.3;536.5,491.6;564.0,392.0;564.0,385.2;574.3,323.4;653.3,467.6;632.7,471.0;608.7,405.8;519.4,378.3;464.4,374.9;495.3,330.2
47#571.3,576.4;547.1,536.7;578.1,499.7;523.9,492.8;486.4,585.8;458.8,683.8;549.4,497.4;568.8,394.0;568.8,385.3;578.3,329.8;655.8,484.5;643.1,466.7;614.4,404.3;524.3,381.7;477.1,392.1;520.9,401.4
48#612.8,561.7;602.4,537.0;595.7,504.3;535.4,500.9;491.3,583.7;480.6,680.2;562.4,503.1;573.6,396.1;573.6,385.3;582.3,336.3;658.2,501.5;653.5,462.5;620.2,402.8;529.2,385.2;489.7,409.4;546.5,472.5
49#654.4,546.9;657.6,537.4;613.2,508.9;546.8,508.9;496.1,581.7;502.4,676.7;575.3,508.9;578.4,398.1;578.4,385.4;586.3,342.7;660.7,518.4;663.9,458.2;625.9,401.3;534.1,388.6;502.4,426.6;572.1,543.7
50#659.6,550.2;602.5,575.6;618.3,502.5;554.8,505.7;504.0,575.6;516.7,670.8;589.8,505.7;583.4,400.9;583.4,391.4;578.6,342.1;666.0,496.2;681.9,454.9;631.0,404.1;539.0,400.9;516.7,461.2;526.2,512.0
51#656.4,589.7;609.3,595.6;626.9,504.4;571.1,504.4;515.2,563.2;532.8,648.5;600.5,504.4;588.7,404.4;588.7,392.6;587.2,338.2;653.4,463.2;697.5,442.6;635.8,404.4;541.6,407.3;526.9,466.2;547.5,439.7
52#605.8,610.7;589.4,534.1;630.5,504.0;581.2,501.2;523.8,545.0;542.9,629.8;605.8,501.2;592.2,408.2;592.2,394.5;593.5,343.9;685.2,424.6;707.1,424.6;641.4,405.5;545.6,413.7;529.2,468.4;551.1,443.8
53#608.5,629.7;591.8,546.7;627.8,505.2;575.2,494.1;536.5,530.1;547.6,613.1;600.2,496.9;589.1,411.1;586.3,400.0;584.9,357.1;658.3,383.4;699.8,402.8;636.1,402.8;542.0,416.6;528.2,472.0;539.3,480.3
54#608.6,653.7;599.5,566.0;620.7,508.5;566.2,505.4;545.0,511.5;596.5,653.7;593.4,508.5;584.4,411.7;584.4,405.6;588.9,346.6;655.5,346.6;684.2,384.4;635.8,399.6;539.0,423.8;526.9,478.2;523.9,484.3
55#607.9,673.8;604.5,581.7;611.4,513.4;560.2,510.0;590.9,585.1;590.9,667.0;587.5,513.4;580.6,414.4;577.2,407.5;580.6,346.1;664.3,337.5;676.2,370.0;628.4,400.7;536.3,428.0;522.6,482.6;532.8,486.1
56#605.3,687.4;611.9,598.3;602.0,519.0;549.1,512.4;588.7,598.3;592.0,684.1;575.5,515.7;575.5,406.7;575.5,406.7;570.6,345.6;663.1,345.6;681.2,373.7;625.1,396.8;529.3,423.2;512.8,486.0;529.3,538.8
57#607.0,697.0;613.5,606.3;594.1,515.6;542.3,512.4;584.4,606.3;590.9,697.0;568.2,515.6;561.7,402.3;558.5,395.8;560.1,345.6;675.1,363.4;678.3,376.4;613.5,389.3;516.4,415.2;503.4,486.5;522.9,535.1
58#612.9,699.8;603.1,605.2;583.5,497.5;531.3,500.7;570.5,611.7;596.6,696.6;554.2,500.7;544.4,399.6;537.8,386.5;539.5,339.2;665.1,380.0;668.4,389.8;596.6,386.5;505.2,412.6;492.1,477.9;501.9,526.9
59#620.1,693.3;599.9,605.8;572.9,504.8;519.1,501.4;566.2,602.4;593.2,690.0;546.0,504.8;539.3,390.3;535.9,380.2;544.3,331.4;667.2,393.7;643.7,403.8;583.1,380.2;495.5,403.8;471.9,464.4;492.1,481.2
60#611.1,680.1;604.2,578.9;565.8,495.2;506.5,491.7;551.8,537.1;544.9,596.4;534.4,491.7;537.9,387.1;537.9,383.6;543.1,322.5;660.0,408.0;639.0,418.5;583.2,380.1;496.0,397.5;464.6,446.4;503.0,463.8
61#608.1,664.6;618.3,562.0;549.9,490.3;502.1,490.3;567.0,534.7;546.5,599.6;526.0,490.3;536.3,387.7;532.9,374.1;544.8,324.5;659.3,415.1;632.0,428.7;580.7,384.3;491.8,387.7;454.2,425.3;464.5,462.9
62#607.5,641.2;631.0,547.5;550.6,483.9;497.1,480.5;570.7,530.7;543.9,617.8;520.5,483.9;537.2,386.8;537.2,380.1;538.9,318.2;664.5,433.6;627.6,437.0;580.8,383.4;497.1,386.8;510.5,427.0;557.3,410.2
63#610.3,617.2;644.3,532.2;545.7,477.8;494.7,481.2;579.7,542.4;545.7,630.8;521.9,481.2;542.3,382.6;542.3,382.6;537.2,316.3;664.7,460.8;623.9,437.0;583.1,386.0;504.9,382.6;460.7,375.8;634.1,447.2
64#610.3,594.2;659.3,513.6;554.2,475.1;501.7,482.1;568.2,559.2;550.7,650.2;526.2,482.1;540.2,384.1;540.2,380.6;529.7,317.5;648.8,461.1;620.8,433.1;578.8,387.6;501.7,380.6;463.2,352.6;508.7,310.5
65#613.9,575.3;665.6,497.7;543.8,483.0;488.4,490.4;558.5,575.3;551.2,678.6;517.9,486.7;540.1,383.3;540.1,383.3;525.3,320.6;643.4,468.2;636.1,442.4;580.7,390.7;499.5,375.9;473.6,335.3;508.7,285.5
66#611.0,556.3;664.1,482.0;543.8,496.2;490.7,496.2;543.8,595.3;550.8,690.8;515.5,496.2;540.2,382.9;540.2,382.9;526.1,322.8;625.2,446.6;646.4,432.5;582.7,390.0;497.8,372.3;480.1,333.4;499.5,292.7
67#613.4,540.6;666.3,471.1;540.7,497.6;487.7,497.6;524.1,606.7;540.7,702.6;514.2,497.6;544.0,381.9;544.0,381.9;540.7,322.3;613.4,414.9;656.4,421.5;586.9,388.5;504.3,371.9;471.2,348.8;499.3,317.4
68#616.1,540.3;667.8,464.5;574.8,492.1;499.1,499.0;523.2,602.3;530.1,695.2;536.9,492.1;540.4,388.8;543.8,388.8;542.1,325.1;609.3,395.7;654.0,406.0;588.6,388.8;492.2,385.3;485.3,430.1;481.9,485.2
69#622.9,556.7;672.0,476.0;566.8,490.1;500.1,497.1;507.2,602.3;507.2,700.5;535.2,493.6;549.2,384.8;549.2,388.3;544.0,323.4;591.3,370.8;644.0,381.3;594.8,384.8;507.2,384.8;496.6,430.4;535.2,437.4
70#629.0,582.8;672.1,503.7;575.0,485.7;506.7,492.9;503.1,593.6;513.8,679.9;542.6,489.3;549.8,381.3;549.8,384.9;540.8,318.4;575.0,338.2;629.0,363.4;593.0,381.3;506.7,381.3;495.9,417.3;560.6,424.5
71#623.5,615.1;668.8,528.0;578.2,489.6;522.4,489.6;484.0,580.3;518.9,650.0;550.3,489.6;546.8,381.6;543.3,385.0;532.9,325.8;545.1,299.6;585.1,332.7;592.1,371.1;505.0,392.0;477.1,426.9;501.5,412.9
72#625.7,633.6;656.2,545.9;576.2,500.2;519.0,500.2;469.4,549.7;511.3,618.4;549.5,496.4;541.8,385.8;538.0,385.8;530.4,332.4;549.5,290.5;580.0,332.4;583.8,374.4;499.9,397.2;484.7,446.8;515.2,427.7
73#624.4,657.0;647.6,568.2;574.2,502.6;516.3,498.7;454.5,521.9;493.1,595.3;547.2,502.6;531.8,390.6;531.8,386.7;520.2,332.7;547.2,294.1;570.4,332.7;570.4,382.9;493.1,398.3;485.4,460.1;477.7,444.7
74#625.0,675.6;628.6,585.3;574.3,513.0;520.1,502.1;447.8,505.7;487.6,578.0;545.4,502.1;523.7,390.0;523.7,386.4;502.0,332.2;541.8,303.3;567.1,328.6;563.5,375.6;487.6,404.5;476.7,462.3;480.3,440.7
75#633.4,685.3;614.3,593.8;564.8,509.9;519.0,509.9;435.2,483.2;477.1,563.3;541.9,509.9;515.2,391.7;515.2,387.9;492.3,334.6;557.2,330.7;580.0,357.4;557.2,380.3;477.1,407.0;450.4,452.7;477.1,452.7
76#636.8,686.3;613.9,590.9;552.8,510.8;503.2,507.0;434.5,468.8;465.0,556.6;533.7,518.4;507.0,392.5;507.0,392.5;484.1,339.0;564.3,354.3;583.3,373.4;549.0,384.8;465.0,407.7;434.5,453.5;465.0,484.1
77#622.7,674.4;622.7,581.9;543.9,520.2;478.7,509.9;430.7,455.1;447.9,554.5;516.4,520.2;495.9,403.6;495.9,407.1;475.3,345.4;561.0,376.2;571.3,403.6;537.0,396.8;454.7,410.5;406.7,424.2;451.3,540.8
78#611.1,653.2;617.3,569.9;533.9,523.6;475.2,523.6;441.3,501.9;435.1,557.5;503.0,520.5;493.8,415.5;493.8,415.5;470.6,355.3;561.7,384.6;564.8,415.5;537.0,409.3;456.7,418.6;416.6,412.4;428.9,387.7
79#591.6,630.6;606.6,555.6;525.5,525.6;465.5,525.6;441.5,528.6;420.4,573.6;495.5,525.6;486.5,423.5;486.5,420.5;471.5,363.5;558.5,408.5;561.5,435.5;531.5,414.5;447.5,432.5;423.4,405.5;414.4,375.5
80#581.0,607.5;583.5,538.1;521.5,523.2;462.1,520.7;429.8,525.7;417.4,600.0;491.8,520.7;481.9,426.5;481.9,421.6;476.9,369.5;561.2,421.6;563.7,453.8;524.0,424.0;444.7,426.5;419.9,416.6;407.5,386.9
81#566.9,589.4;558.2,523.5;512.1,519.2;461.6,519.2;435.2,547.7;415.5,617.9;485.7,519.2;481.3,433.5;481.3,422.6;480.2,375.4;560.3,437.9;560.3,466.5;525.2,431.3;439.6,431.3;400.1,435.7;397.9,416.0
82#553.1,577.9;545.9,525.0;519.5,517.8;464.2,515.4;435.3,551.5;420.9,626.0;490.6,517.8;483.4,436.1;483.4,426.5;487.0,379.6;557.9,457.7;557.9,481.8;526.7,433.7;442.5,433.7;401.6,448.1;399.2,426.5
83#526.2,584.0;536.2,519.0;523.8,516.5;468.8,516.5;433.8,549.0;416.2,641.5;493.8,519.0;491.2,431.5;491.2,426.5;485.0,375.2;563.8,471.5;561.2,486.5;533.8,431.5;448.8,431.5;426.2,479.0;411.2,434.0
84#514.2,603.4;514.2,583.7;528.3,513.2;472.0,507.6;438.1,569.6;415.6,654.2;497.3,513.2;491.7,425.9;491.7,425.9;490.3,370.9;553.7,471.0;570.6,482.2;536.8,425.9;449.4,425.9;424.0,471.0;429.7,479.4
85#497.6,627.4;497.6,610.6;536.9,506.9;478.0,506.9;441.6,574.2;413.5,658.2;506.0,504.1;497.6,420.0;494.8,414.4;490.6,368.1;556.5,464.8;587.3,467.6;539.7,420.0;455.6,420.0;430.3,470.4;424.7,467.6
86#497.5,638.8;519.6,558.5;536.2,503.1;480.8,503.1;439.3,569.6;411.6,658.2;511.3,503.1;500.2,417.3;500.2,414.5;496.1,366.0;569.5,458.8;608.2,453.3;547.3,417.3;458.7,422.8;428.2,472.6;436.5,481.0
87#501.9,658.3;520.9,574.3;545.3,517.4;488.4,511.9;439.6,560.7;428.7,644.8;515.5,514.6;507.3,422.5;504.6,408.9;503.3,372.3;580.5,427.9;618.5,436.0;553.4,419.8;464.0,422.5;434.1,484.8;458.5,493.0
88#510.3,666.5;527.0,585.9;546.4,516.4;490.8,516.4;449.1,552.5;457.5,622.0;518.6,516.4;510.3,427.4;507.5,421.9;511.7,370.5;577.0,416.3;624.2,424.7;554.8,419.1;465.8,433.0;440.8,496.9;432.5,527.5
89#512.8,688.2;539.2,603.0;542.2,509.0;492.2,509.0;515.7,608.9;512.8,685.3;518.7,509.0;518.7,426.8;518.7,423.8;514.2,366.6;603.8,379.8;624.4,415.0;562.7,418.0;474.6,432.7;445.2,500.2;430.5,535.5
90#526.1,702.4;548.2,614.3;548.2,519.8;491.5,513.5;519.8,620.6;510.4,702.4;519.8,516.7;519.8,422.2;519.8,419.1;521.4,364.0;617.4,387.6;623.7,409.6;567.1,412.8;478.9,428.5;453.7,488.3;444.3,538.7
91#536.5,703.0;548.8,616.7;555.0,518.0;502.5,518.0;518.0,622.8;521.0,703.0;527.2,518.0;518.0,419.3;514.9,406.9;464.0,365.3;622.8,397.7;625.9,416.2;561.1,406.9;477.9,431.6;456.3,481.0;447.0,533.4
92#545.6,693.1;555.0,614.8;551.8,517.8;501.7,514.6;520.5,614.8;526.8,693.1;526.8,517.8;523.6,411.3;520.5,401.9;519.0,359.7;630.1,414.5;630.1,427.0;567.5,401.9;479.8,420.7;454.8,480.2;454.8,527.2
93#544.6,687.7;576.6,601.4;547.8,502.2;496.6,499.0;538.2,598.2;525.4,684.5;522.2,502.2;525.4,406.2;522.2,403.0;523.8,343.8;631.0,415.8;627.8,425.4;570.2,396.6;483.8,412.6;461.4,463.8;493.4,486.2
94#559.9,668.5;599.0,583.8;540.4,499.0;494.7,495.8;559.9,564.2;533.9,665.3;514.3,499.0;527.3,401.2;527.3,398.0;535.5,334.4;634.9,424.1;628.4,427.3;566.4,394.7;488.2,404.5;468.7,453.4;514.3,453.4
95#588.0,666.1;622.3,575.7;538.1,504.0;503.8,507.1;572.4,560.1;553.7,628.7;519.4,504.0;531.9,401.1;535.0,401.1;549.0,343.4;644.1,438.5;622.3,432.3;569.3,398.0;503.8,401.1;500.7,438.5;528.7,451.0
96#607.9,668.4;626.0,574.9;541.5,511.5;481.2,517.5;574.7,559.8;559.6,638.2;517.4,514.5;541.5,405.9;541.5,405.9;558.1,350.0;644.1,460.2;632.0,451.1;574.7,402.9;511.3,405.9;517.4,439.1;532.5,463.2
97#638.4,667.9;625.6,574.8;542.1,510.5;509.9,516.9;574.2,568.3;564.5,648.7;522.8,516.9;551.7,414.1;548.5,414.1;559.7,351.5;641.7,488.0;632.0,475.2;583.8,414.1;522.8,414.1;522.8,452.7;545.3,475.2
98#665.2,676.7;624.4,585.6;527.1,522.9;473.7,526.0;580.4,591.9;571.0,667.3;514.5,529.1;555.3,428.7;555.3,425.6;569.4,367.5;640.1,500.9;630.6,488.3;589.8,428.7;523.9,428.7;530.2,466.4;627.5,494.6
99#685.4,684.5;620.5,598.0;534.0,545.6;466.1,539.4;586.5,610.4;574.2,681.4;521.7,545.6;558.8,440.6;558.8,434.4;572.6,377.3;636.0,508.5;620.5,486.9;592.7,440.6;524.8,440.6;561.8,486.9;629.8,505.4
100#682.0,696.0;623.4,612.4;538.3,560.5;464.7,554.8;579.7,619.1;576.4,693.1;512.3,556.5;559.6,455.0;561.3,446.0;577.3,397.0;640.2,524.5;625.0,506.1;595.2,456.6;516.0,455.8;545.5,500.4;609.4,519.2
101#678.7,707.4;626.3,626.9;542.5,575.5;463.4,570.2;573.0,627.8;578.5,704.7;502.9,567.4;560.5,469.4;563.7,457.6;582.1,416.8;644.4,540.5;629.5,525.2;597.6,472.6;507.1,471.0;529.2,513.9;589.0,533.0
102#675.3,718.9;629.2,641.3;546.8,590.4;462.0,585.6;566.2,636.5;580.7,716.4;493.5,578.3;561.3,483.8;566.2,469.2;586.8,436.5;648.6,556.5;634.0,544.4;600.1,488.6;498.3,486.2;512.9,527.4;568.6,546.8
103#659.2,732.6;631.8,658.0;554.8,593.4;512.5,585.9;577.1,665.5;577.1,732.6;534.9,588.4;567.2,498.9;569.7,484.0;580.9,443.0;646.8,571.0;631.8,553.6;607.0,503.9;527.4,496.4;502.5,548.6;544.8,546.2
104#645.6,749.1;643.1,677.9;564.5,611.6;525.2,604.2;589.1,682.8;576.8,739.3;544.8,611.6;566.9,513.3;569.4,503.4;573.1,450.6;657.9,584.5;638.2,569.8;608.7,515.7;530.1,513.3;542.4,552.6;584.1,562.4
105#654.2,741.3;654.2,693.5;579.1,632.1;533.6,645.7;588.2,704.9;587.1,751.5;556.4,632.1;567.8,527.4;570.0,513.8;573.4,464.9;656.5,600.2;645.1,584.3;611.0,527.4;529.1,527.4;531.4,568.4;563.2,575.2
106#673.9,744.1;664.9,699.6;578.1,637.3;482.4,637.3;593.7,664.0;624.9,704.0;555.8,637.3;571.4,539.3;571.4,530.4;571.4,481.4;653.8,615.0;649.4,597.2;611.5,539.3;531.4,541.5;542.5,574.9;562.5,581.6
107#675.8,710.3;679.8,708.3;585.0,653.8;490.2,649.7;683.9,708.3;641.5,726.4;558.8,655.8;574.9,554.9;574.9,538.8;573.9,495.4;623.3,605.4;655.6,607.4;617.3,550.9;536.6,552.9;530.5,605.4;615.3,605.4
108#707.5,750.1;690.3,709.2;601.9,666.0;552.3,681.1;653.6,724.3;606.2,704.9;576.0,668.2;578.1,564.7;578.1,547.5;577.1,507.6;638.5,614.3;666.5,614.3;619.1,560.4;539.3,564.7;541.5,605.7;573.8,612.1
109#703.3,762.7;698.8,700.1;602.5,666.5;544.4,673.2;598.1,729.2;600.3,726.9;575.7,673.2;582.4,572.5;582.4,561.3;583.5,510.9;651.8,621.7;678.7,612.8;622.7,570.3;544.4,574.7;548.8,612.8;622.7,621.7
110#695.1,772.5;701.7,686.1;619.7,663.9;555.4,677.2;593.1,772.5;593.1,723.8;595.3,672.8;584.2,577.5;584.2,566.4;587.6,523.2;661.8,615.1;692.9,610.7;624.1,570.8;546.6,581.9;544.3,624.0;573.2,630.7
111#695.5,751.6;693.3,674.7;630.0,665.7;580.3,681.5;587.1,774.2;549.8,811.5;607.4,672.5;593.8,579.8;593.8,568.5;590.4,526.7;668.4,607.0;702.3,602.4;634.5,573.1;553.2,584.4;553.2,634.1;584.8,618.3
112#689.8,730.1;679.9,661.3;638.1,661.3;591.4,671.1;581.6,776.9;581.6,779.3;613.5,666.2;603.7,577.7;606.1,572.8;600.0,517.4;662.7,582.6;707.0,590.0;645.5,572.8;561.9,585.1;557.0,641.6;598.8,621.9
113#689.3,736.8;677.5,668.4;643.2,664.5;597.0,672.6;582.7,769.7;582.9,777.7;618.9,668.7;609.0,580.7;611.4,575.9;606.1,521.0;659.3,585.9;706.0,594.6;650.1,576.6;567.8,587.1;560.4,641.6;599.0,621.8
114#688.9,743.4;675.0,675.6;648.4,667.7;602.6,674.2;583.9,762.6;584.2,776.2;624.4,671.2;614.3,583.7;616.7,579.1;612.2,524.6;655.8,589.2;705.1,599.3;654.8,580.4;573.7,589.1;563.9,641.7;599.1,621.6
115#688.4,750.1;672.6,682.7;653.5,670.8;608.2,675.7;585.0,755.4;585.5,774.6;629.8,673.8;619.5,586.6;621.9,582.2;618.3,528.3;652.4,592.5;704.1,603.9;659.4,584.2;579.7,591.1;567.3,641.7;599.3,621.5
116#688.0,756.8;670.1,689.8;658.6,674.0;613.8,677.2;586.2,748.2;586.9,773.1;635.3,676.3;624.8,589.6;627.2,585.4;624.4,531.9;648.9,595.9;703.2,608.5;664.0,588.0;585.6,593.1;570.8,641.8;599.5,621.4
117#687.5,763.4;667.7,697.0;663.7,677.2;619.4,678.8;587.3,741.1;588.2,771.5;640.7,678.8;630.1,592.6;632.5,588.5;630.5,535.5;645.5,599.2;702.2,613.2;668.7,591.8;591.5,595.1;574.2,641.8;599.6,621.3
118#687.0,770.1;665.3,704.1;668.9,680.4;625.0,680.3;588.5,733.9;589.5,770.0;646.2,681.3;635.4,595.6;637.8,591.7;636.6,539.1;642.1,602.5;701.3,617.8;673.3,595.6;597.4,597.1;577.7,641.8;599.8,621.1
119#686.6,776.8;662.8,711.2;674.0,683.6;630.6,681.8;589.6,726.7;590.8,768.4;651.6,683.8;640.7,598.6;643.1,594.8;642.7,542.7;638.6,605.8;700.3,622.4;677.9,599.4;603.3,599.1;581.1,641.9;600.0,621.0
120#686.1,783.4;660.4,718.4;679.1,686.7;636.2,683.4;590.8,719.6;592.1,766.9;657.1,686.4;645.9,601.5;648.3,598.0;648.8,546.4;635.2,609.1;699.4,627.1;682.6,603.2;609.3,601.0;584.6,641.9;600.1,620.9
121#685.7,790.1;657.9,725.5;684.2,689.9;641.8,684.9;591.9,712.4;593.4,765.3;662.5,688.9;651.2,604.5;653.6,601.1;654.9,550.0;631.7,612.4;698.4,631.7;687.2,607.0;615.2,603.0;588.0,642.0;600.3,620.8
122#685.2,796.8;655.5,732.6;689.4,693.1;647.4,686.4;593.1,705.2;594.7,763.8;668.0,691.4;656.5,607.5;658.9,604.3;661.0,553.6;628.3,615.7;697.5,636.3;691.8,610.8;621.1,605.0;591.5,642.0;600.5,620.6
123#684.7,803.4;653.1,739.8;694.5,696.3;653.0,688.0;594.2,698.1;596.0,762.2;673.4,693.9;661.8,610.5;664.2,607.4;667.1,557.2;624.9,619.0;696.5,641.0;696.5,614.6;627.0,607.0;594.9,642.0;600.6,620.5
124#684.3,810.1;650.6,746.9;699.6,699.5;658.6,689.5;595.4,690.9;597.4,760.7;678.9,696.4;667.1,613.5;669.5,610.6;673.2,560.8;621.4,622.4;695.6,645.6;701.1,618.4;632.9,609.0;598.4,642.1;600.8,620.4
125#683.8,816.8;648.2,754.0;704.8,702.6;664.2,691.0;596.5,683.7;598.7,759.1;684.3,699.0;672.3,616.4;674.7,613.7;679.3,564.5;618.0,625.7;694.6,650.2;705.7,622.2;638.9,611.0;601.8,642.1;601.0,620.2
126#683.4,823.4;645.7,761.2;709.9,705.8;669.8,692.6;597.7,676.6;600.0,757.6;689.8,701.5;677.6,619.4;680.0,616.9;685.4,568.1;614.5,629.0;693.7,654.9;710.4,626.0;644.8,613.0;605.3,642.2;601.1,620.1
127#682.9,830.1;643.3,768.3;715.0,709.0;675.4,694.1;598.8,669.4;601.3,756.0;695.2,704.0;682.9,622.4;685.3,620.0;691.5,571.7;611.1,632.3;692.7,659.5;715.0,629.8;650.7,615.0;608.7,642.2;601.3,620.0
128#682.7,840.9;643.8,782.5;708.7,719.7;669.7,704.6;587.5,678.6;604.8,765.1;689.2,713.2;689.2,628.8;691.4,618.0;694.6,580.1;645.9,685.1;687.0,667.8;721.7,639.6;654.6,620.2;611.3,652.6;604.8,628.8
129#677.2,850.0;647.1,792.0;707.2,725.4;666.4,710.4;584.8,684.6;608.4,772.7;687.9,721.1;690.0,633.0;692.2,624.4;701.9,589.0;664.3,688.9;702.9,678.2;720.1,641.6;655.7,626.6;608.4,661.0;606.3,635.2
130#671.9,852.4;648.0,803.7;704.0,733.2;664.6,714.6;594.2,691.8;610.7,785.0;683.3,727.0;689.5,640.0;693.6,629.6;700.9,591.3;670.8,691.8;701.9,677.3;722.6,650.3;656.3,631.7;606.6,671.1;600.4,648.3
131#664.6,843.2;651.0,813.9;705.7,735.8;664.6,720.2;627.5,808.1;613.9,798.3;684.2,729.9;692.0,649.9;693.9,636.2;704.7,602.0;674.4,696.7;717.4,696.7;723.2,657.7;658.8,640.1;610.0,681.1;606.1,683.1
132#637.2,853.6;653.9,815.4;702.9,746.8;665.7,727.2;597.0,719.3;602.9,805.6;683.3,735.0;691.2,660.5;691.2,646.8;707.8,606.6;693.1,695.8;710.8,707.5;722.5,670.3;655.9,648.7;616.6,686.0;604.9,701.7
133#639.3,859.1;655.9,821.0;706.7,752.6;667.6,733.1;612.9,725.3;601.2,821.0;687.1,742.9;689.1,668.7;691.0,655.0;705.7,613.0;667.6,701.9;714.5,713.6;722.3,678.4;657.8,656.9;612.9,699.9;611.0,664.8
134#647.2,872.1;658.4,827.9;707.8,759.7;668.6,741.7;610.5,732.5;600.3,827.0;687.9,750.3;688.7,673.3;690.3,661.0;702.8,617.3;666.8,703.6;712.5,717.8;721.7,682.2;656.8,662.5;613.6,707.3;609.8,674.5
135#655.1,885.1;660.8,834.7;709.0,766.8;669.5,750.2;608.1,739.7;599.4,832.9;688.8,757.7;688.3,677.9;689.6,666.9;699.8,621.6;666.0,705.3;710.6,722.1;721.2,686.1;655.9,668.2;614.3,714.7;608.6,684.2
136#663.1,898.0;663.3,841.5;710.1,773.9;670.5,758.8;605.7,746.8;598.5,838.9;689.6,765.0;688.0,682.4;688.9,672.9;696.9,625.8;665.1,707.1;708.6,726.3;720.6,689.9;654.9,673.9;615.1,722.1;607.4,693.8
137#671.0,911.0;665.8,848.4;711.2,781.0;671.5,767.4;603.3,754.0;597.6,844.8;690.4,772.4;687.6,687.0;688.2,678.9;694.0,630.1;664.3,708.8;706.7,730.5;720.0,693.8;653.9,679.5;615.8,729.5;606.2,703.5
138#678.9,924.0;668.2,855.2;712.4,788.1;672.4,775.9;600.9,761.2;596.7,850.8;691.3,779.8;687.2,691.6;687.5,684.8;691.0,634.4;663.5,710.5;704.8,734.8;719.5,697.6;653.0,685.1;616.5,736.9;605.0,713.2
139#686.8,937.0;670.7,862.1;713.5,795.2;673.4,784.5;598.5,768.4;595.8,856.7;692.1,787.2;686.8,696.2;686.8,690.8;688.1,638.7;662.7,712.2;702.8,739.0;718.9,701.5;652.0,690.8;617.2,744.3;603.8,722.9
140#684.9,943.4;674.0,866.8;715.0,795.7;674.0,782.0;591.9,773.8;600.1,855.9;693.1,790.2;687.6,697.3;684.9,686.3;683.5,633.0;695.8,757.4;739.6,754.7;723.2,700.0;649.4,691.8;624.7,746.5;605.6,727.3
141#683.8,944.5;683.8,864.1;714.3,789.3;672.8,789.3;664.4,864.1;678.3,944.5;692.2,789.3;686.6,686.7;683.8,678.4;676.9,629.9;711.6,731.1;750.4,739.4;722.6,689.5;647.8,686.7;628.4,744.9;609.0,731.1
142#688.0,941.9;684.9,860.2;710.0,769.0;669.1,762.7;574.8,778.4;606.2,853.9;688.0,772.1;681.7,674.7;681.7,665.2;670.7,610.2;719.5,718.7;766.6,712.4;719.5,674.7;644.0,674.7;625.1,734.4;596.8,734.4
143#689.4,927.5;685.9,847.9;712.2,758.0;670.2,751.8;584.6,777.4;606.7,853.0;689.9,759.8;684.0,662.4;684.5,654.3;675.7,599.6;723.6,693.4;765.5,691.7;721.6,661.1;646.1,663.8;629.4,722.3;605.6,725.4
144#690.9,913.2;686.9,835.7;714.4,747.1;671.3,740.9;594.3,776.4;607.2,852.0;691.7,747.6;686.4,650.2;687.2,643.4;680.7,588.9;727.7,668.2;764.4,671.1;723.8,647.6;648.1,652.8;633.8,710.2;614.4,716.3
145#692.3,898.8;687.9,823.4;716.6,736.1;672.4,730.0;604.1,775.4;607.7,851.1;693.6,735.3;688.7,637.9;690.0,632.5;685.7,578.3;731.8,642.9;763.3,650.4;725.9,634.0;650.2,641.9;638.1,698.1;623.2,707.3
146#693.7,884.5;688.9,811.2;718.7,725.2;673.4,719.0;613.9,774.4;608.3,850.2;695.4,723.1;691.0,625.7;692.7,621.6;690.6,567.6;735.8,617.6;762.1,629.7;728.1,620.5;652.2,630.9;642.4,686.1;632.0,698.2
147#695.1,870.1;689.9,798.9;720.9,714.2;674.5,708.1;623.7,773.4;608.8,849.3;697.3,710.8;693.3,613.4;695.5,610.7;695.6,557.0;739.9,592.3;761.0,609.0;730.2,606.9;654.3,620.0;646.7,674.0;640.8,689.2
148#696.6,855.8;690.9,786.7;723.1,703.3;675.6,697.2;633.4,772.4;609.3,848.3;699.1,698.6;695.7,601.2;698.2,599.8;700.6,546.3;744.0,567.1;759.9,588.4;732.4,593.4;656.3,609.0;651.1,661.9;649.6,680.1
149#698.0,841.4;691.9,774.4;725.3,692.3;676.7,686.3;643.2,771.4;609.8,847.4;701.0,686.3;698.0,588.9;701.0,588.9;705.6,535.7;748.1,541.8;758.8,567.7;734.5,579.8;658.4,598.1;655.4,649.8;658.4,671.1
150#703.8,824.0;695.5,757.1;732.4,682.8;678.5,678.4;646.3,760.0;618.0,835.4;707.6,677.6;703.1,582.7;705.6,582.7;710.2,529.9;748.8,549.1;763.0,569.7;739.5,574.6;664.0,591.8;659.5,642.4;662.0,663.4
151#709.7,806.5;699.0,739.8;739.4,673.3;680.3,670.6;649.3,748.7;626.2,823.4;714.2,669.0;708.1,576.6;710.3,576.6;714.7,524.0;749.4,556.3;767.3,571.7;744.4,569.3;669.6,585.5;663.5,635.1;665.7,655.8
152#715.5,789.1;702.6,722.5;746.5,663.8;682.1,662.7;652.4,737.3;634.4,811.4;720.8,660.3;713.2,570.4;714.9,570.4;719.3,518.2;750.1,563.6;771.5,573.7;749.4,564.1;675.2,579.2;667.6,627.7;669.3,648.1
153#721.4,771.6;706.2,705.1;753.5,654.2;683.9,654.8;655.4,725.9;642.7,799.4;727.4,651.7;718.2,564.3;719.5,564.3;723.8,512.4;750.7,570.9;775.8,575.6;754.3,558.8;680.8,573.0;671.6,620.3;672.9,640.4
154#727.2,754.2;709.8,687.8;760.6,644.7;685.7,646.9;658.5,714.5;650.9,787.4;734.0,643.0;723.3,558.1;724.1,558.1;728.4,506.6;751.4,578.2;780.0,577.6;759.3,553.6;686.4,566.7;675.7,612.9;676.5,632.7
155#733.1,736.7;713.3,670.5;767.6,635.2;687.5,639.1;661.5,703.2;659.1,775.4;740.6,634.4;728.3,552.0;728.8,552.0;732.9,500.7;752.0,585.4;784.3,579.6;764.2,548.3;692.0,560.4;679.7,605.6;680.2,625.1
156#738.9,719.3;716.9,653.2;774.7,625.7;689.3,631.2;664.6,691.8;667.3,763.4;747.2,625.7;733.4,545.8;733.4,545.8;737.5,494.9;752.7,592.7;788.5,581.6;769.2,543.1;697.6,554.1;683.8,598.2;683.8,617.4
157#739.2,720.3;718.5,653.0;780.6,616.8;726.3,619.4;666.8,678.9;674.5,748.7;754.8,616.8;739.2,539.1;739.2,534.0;740.5,491.2;757.3,567.6;801.3,567.6;775.5,536.5;700.4,544.3;690.1,596.1;705.6,588.3
158#741.3,720.4;718.2,654.4;782.4,609.1;732.7,610.8;667.7,665.7;680.4,734.2;759.3,608.3;738.8,531.1;738.8,528.5;741.7,483.5;771.1,548.4;814.8,549.2;776.5,526.8;701.1,537.9;692.5,591.9;706.2,580.0
159#743.4,720.5;717.9,655.7;784.3,601.4;739.1,602.3;668.5,652.6;686.3,719.8;763.8,599.7;738.3,523.0;738.3,523.1;743.0,475.8;785.0,529.2;828.4,530.9;777.5,517.1;701.7,531.6;694.9,587.7;706.8,571.6
160#745.5,720.6;717.6,657.1;786.1,593.7;745.5,593.7;669.4,639.4;692.2,705.3;768.3,591.2;737.9,515.0;737.9,517.6;744.2,468.1;798.8,510.0;841.9,512.5;778.5,507.4;702.4,525.2;697.3,583.5;707.4,563.3
161#745.3,718.1;721.4,657.0;785.2,585.2;740.0,582.6;665.5,622.4;697.4,683.6;761.2,585.2;745.3,508.1;745.3,510.8;743.9,456.3;732.0,553.3;755.9,545.3;785.2,502.8;705.4,516.1;700.1,569.3;705.4,558.6
162#744.2,717.5;719.5,654.5;779.8,577.8;735.9,572.3;664.7,599.7;692.1,662.7;757.8,575.1;755.1,495.7;755.1,495.7;751.0,442.3;826.3,454.6;845.5,482.0;790.7,490.2;716.8,498.4;697.6,555.9;716.8,550.4
163#742.9,714.1;720.0,648.0;771.7,576.2;731.5,564.7;659.6,576.2;688.4,642.2;754.4,570.4;757.3,481.3;760.2,484.2;764.5,428.2;814.8,475.6;846.4,475.6;791.8,475.6;722.8,481.3;688.4,533.1;711.3,547.4
164#737.7,704.0;729.1,638.6;771.8,561.7;737.7,553.2;729.1,652.8;746.2,709.7;754.7,558.9;760.4,465.0;760.4,465.0;770.4,423.7;820.2,459.3;848.6,473.5;800.3,462.1;720.6,473.5;680.7,504.8;677.9,516.2
165#751.9,697.9;751.9,627.4;775.4,539.4;734.3,533.5;746.0,633.3;749.0,700.8;751.9,533.5;760.7,451.3;763.7,445.4;771.0,411.7;822.4,448.4;842.9,477.7;798.9,448.4;725.5,451.3;672.7,480.7;678.5,483.6
166#757.1,685.9;772.7,614.5;772.7,533.7;729.2,521.3;754.0,620.7;754.0,676.6;754.0,524.4;769.6,437.4;766.4,440.6;780.4,383.1;822.3,446.8;837.9,477.8;806.8,437.4;732.3,431.2;682.6,446.8;657.8,446.8
167#773.7,666.0;773.7,595.6;776.8,516.1;730.9,503.8;761.5,598.7;773.7,666.0;755.3,506.9;770.7,424.3;767.6,427.3;781.4,373.8;825.7,451.8;825.7,470.2;807.4,427.3;733.9,415.1;688.0,421.2;685.0,393.6
168#784.0,640.2;769.9,581.1;775.5,493.7;733.2,485.2;764.2,581.1;789.6,643.1;753.0,488.1;775.5,409.1;775.5,406.3;788.2,368.3;823.4,451.4;826.2,462.7;809.3,414.8;738.9,403.5;679.7,459.9;702.2,510.6
169#803.7,615.5;765.2,563.1;776.2,480.4;734.8,466.7;654.9,439.1;701.8,494.2;754.1,472.2;778.9,397.8;778.9,400.5;794.1,346.8;836.8,452.9;828.5,455.6;814.8,406.0;743.1,386.7;685.2,395.0;674.2,395.0
170#809.5,598.2;771.3,544.6;781.5,468.0;733.0,455.3;661.5,429.7;715.1,549.7;758.5,460.4;778.9,386.4;781.5,381.2;803.2,344.2;837.6,457.8;830.0,445.1;817.2,391.5;745.7,376.1;684.5,388.9;679.4,386.4
171#805.9,586.2;773.6,524.1;783.5,454.6;736.3,442.2;679.2,432.2;738.8,501.8;758.7,447.1;781.1,375.1;781.1,375.1;799.7,334.1;835.7,452.1;830.7,437.2;818.3,385.0;746.3,367.6;691.6,380.0;661.8,387.5
172#803.3,578.0;783.3,505.5;788.3,430.4;740.7,422.9;698.2,432.9;748.3,498.0;763.3,430.4;780.8,362.9;783.3,357.9;802.0,329.1;833.3,447.9;835.8,415.4;818.3,372.9;743.2,352.9;690.7,372.9;668.2,382.9
173#802.2,573.0;789.8,490.5;789.8,408.0;739.8,403.0;757.2,493.0;724.8,528.0;764.8,403.0;777.2,343.0;779.8,343.0;724.8,460.5;824.8,415.5;842.2,385.5;814.8,353.0;739.8,340.5;704.8,360.5;677.2,368.0
174#797.2,554.0;788.9,468.8;789.8,390.8;740.9,388.4;747.9,470.4;734.6,511.2;764.9,388.4;777.8,324.6;778.6,321.8;744.2,388.7;823.3,402.2;842.2,367.6;816.6,333.1;739.1,321.1;699.2,344.5;679.0,365.1
175#792.2,535.1;788.1,447.0;789.9,373.7;742.0,373.8;738.7,447.9;744.3,494.4;765.0,373.8;778.3,306.1;777.3,300.6;763.6,316.8;821.7,389.0;842.2,349.6;818.4,313.1;738.3,301.6;693.7,328.4;680.8,362.1
176#787.2,516.1;787.2,425.3;789.9,356.5;743.1,359.2;729.4,425.3;754.1,477.6;765.1,359.2;778.9,287.7;776.1,279.4;783.0,245.0;820.2,375.7;842.2,331.7;820.2,293.2;737.6,282.2;688.1,312.4;682.6,359.2
177#805.0,491.4;793.1,414.2;787.2,339.9;739.6,342.9;733.7,420.1;757.5,476.6;763.4,342.9;778.3,268.6;778.3,265.6;788.6,210.7;816.9,345.9;837.7,319.1;816.9,274.6;739.6,265.6;683.2,286.4;689.1,295.4
178#807.5,468.5;795.2,404.3;783.0,327.9;731.1,327.9;740.3,410.4;755.5,474.6;758.6,327.9;773.9,251.6;773.9,248.5;784.5,189.0;798.3,315.7;831.9,303.5;816.6,254.6;734.1,245.5;694.4,263.8;670.0,273.0
179#809.8,445.4;797.3,392.2;781.6,313.8;731.5,313.8;740.9,401.6;750.3,473.6;756.6,317.0;772.2,235.5;772.2,232.4;786.3,177.6;794.2,288.8;825.5,285.6;809.8,238.6;734.6,232.4;703.3,244.9;678.2,251.2
180#813.6,433.1;804.2,373.6;782.2,301.5;722.7,304.6;747.8,389.2;747.8,464.4;757.2,304.6;760.3,223.2;760.3,207.5;776.0,160.5;797.9,263.9;819.8,273.3;804.2,223.2;722.7,220.0;710.2,267.0;729.0,292.1
181#814.0,421.0;807.3,360.2;780.2,292.6;729.5,295.9;749.8,380.5;746.4,461.6;756.5,295.9;756.5,211.4;756.5,201.3;766.7,150.6;790.4,252.0;814.0,258.8;797.1,211.4;716.0,211.4;709.2,268.9;753.2,265.5
182#NULL