1#651.2,517.2;706.5,564.6;734.1,481.7;702.5,493.5;690.7,588.3;722.3,679.2;718.3,489.6;686.7,378.9;690.7,382.9;667.0,319.7;643.3,311.8;690.7,327.6;718.3,375.0;655.1,390.8;611.7,363.1;599.8,311.8
2#651.2,518.1;706.4,565.4;737.9,478.7;702.4,490.5;690.6,589.0;722.1,679.6;718.2,486.6;686.7,380.2;686.7,384.2;667.0,321.1;643.3,309.3;690.6,325.1;718.2,372.3;655.2,388.1;611.8,360.5;600.0,313.3
3#649.6,519.0;699.4,565.0;730.1,480.7;699.4,492.2;687.9,588.0;718.6,680.1;710.9,480.7;684.1,381.0;684.1,384.8;664.9,315.8;655.3,271.7;691.8,327.3;710.9,377.2;653.4,388.7;607.4,361.8;595.9,312.0
4#644.3,518.9;692.6,578.4;726.1,477.9;692.6,485.4;677.7,585.8;718.7,678.9;707.5,481.7;677.7,381.2;681.5,384.9;666.6,318.0;653.6,278.9;688.9,318.0;707.5,370.0;644.3,388.7;603.3,366.3;595.9,318.0
5#712.5,647.8;690.4,562.9;716.2,474.3;683.0,485.4;675.6,581.3;712.5,673.6;701.5,478.0;675.6,378.3;675.6,378.3;668.2,311.9;651.6,280.5;690.4,319.2;705.1,370.9;642.4,382.0;598.1,363.5;594.4,315.6
6#705.9,649.0;676.3,564.0;705.9,471.6;672.6,482.7;668.9,578.8;705.9,671.2;687.4,475.3;672.6,375.4;668.9,375.4;668.9,308.9;639.4,320.0;687.4,320.0;702.2,371.7;635.7,379.1;595.0,364.4;591.3,320.0
7#689.8,614.3;660.2,555.2;697.2,466.6;663.9,477.7;652.8,573.7;697.2,662.3;682.4,470.3;663.9,370.6;663.9,366.9;671.3,296.7;652.8,281.9;686.1,315.2;700.9,366.9;630.7,374.3;590.1,363.2;593.8,315.2
8#676.7,601.9;636.5,543.4;691.3,463.0;654.8,474.0;640.2,565.3;691.3,649.4;673.1,470.3;658.4,368.0;662.1,357.0;669.4,291.3;662.1,386.3;687.7,404.5;695.0,364.3;621.9,368.0;585.4,360.7;589.0,316.8
9#682.7,626.8;631.9,539.8;682.7,456.4;650.1,463.7;621.1,557.9;682.7,637.7;664.6,460.0;650.1,362.2;653.7,354.9;660.9,286.0;653.7,380.3;668.2,380.3;686.3,362.2;617.4,362.2;581.2,362.2;588.4,318.7
10#631.6,534.4;620.8,509.2;678.4,448.0;646.0,455.2;606.4,541.6;674.8,628.0;660.4,451.6;646.0,354.5;646.0,343.7;656.8,286.1;682.0,253.7;692.8,296.9;682.0,350.9;613.6,358.1;577.6,358.1;588.4,314.9
11#629.3,528.6;605.4,480.9;670.2,440.0;639.5,443.4;591.8,532.0;663.4,607.0;656.6,443.4;639.5,348.0;639.5,341.2;646.3,283.2;612.3,313.9;687.2,290.1;673.6,344.6;605.4,351.4;571.4,358.2;585.0,313.9
12#626.6,520.5;596.3,463.0;656.9,438.7;629.6,444.8;575.0,517.5;647.8,590.3;644.8,438.7;632.6,341.7;632.6,335.6;641.7,272.0;623.5,317.5;687.2,284.1;666.0,338.7;596.3,344.7;566.0,353.8;581.1,314.4
13#628.5,522.7;589.9,458.4;657.4,429.4;622.0,435.9;557.7,503.4;634.9,574.2;638.1,432.7;625.3,336.2;625.3,329.7;631.7,265.4;651.0,262.2;686.4,278.3;660.6,329.7;589.9,339.4;560.9,355.5;577.0,313.6
14#624.2,518.3;588.6,444.1;645.0,429.3;603.4,435.2;535.1,488.7;612.3,548.0;624.2,432.3;618.3,331.3;618.3,322.4;624.2,260.1;600.5,310.5;686.5,266.0;650.9,325.4;579.7,334.3;553.0,352.1;573.7,313.5
15#623.1,517.8;602.9,448.6;637.5,425.5;597.1,434.1;516.3,471.6;594.2,538.0;617.3,428.4;608.6,324.5;608.6,315.9;611.5,255.3;625.9,249.5;675.0,261.1;640.4,321.6;574.0,327.4;539.4,344.7;574.0,321.6
16#618.3,511.9;579.6,434.5;629.4,420.7;587.9,429.0;499.5,459.4;568.6,522.9;610.0,423.4;599.0,315.6;601.7,310.1;607.3,252.1;604.5,348.8;634.9,348.8;632.1,312.9;563.0,323.9;527.1,340.5;554.7,326.7
17#617.9,520.7;562.4,434.7;620.7,418.0;581.8,420.8;479.1,443.0;548.5,509.6;601.2,420.8;590.1,315.3;590.1,309.8;598.5,251.5;598.5,334.8;631.8,345.9;626.2,312.6;556.8,318.1;509.7,334.8;551.3,312.6
18#614.6,521.8;578.6,449.7;611.6,416.6;572.5,419.6;461.3,425.6;521.4,497.8;593.6,416.6;581.6,311.4;581.6,308.4;590.6,248.3;590.6,329.4;617.6,344.5;617.6,308.4;548.5,317.4;497.4,326.4;536.5,293.4
19#611.1,520.8;577.8,448.1;599.0,417.9;559.6,417.9;450.6,411.8;490.0,487.5;583.8,417.9;574.8,311.9;574.8,305.9;580.8,245.3;629.3,299.8;623.2,339.2;611.1,308.9;544.5,314.9;483.9,318.0;526.3,281.6
20#611.9,535.5;581.7,463.1;584.7,417.8;545.5,417.8;442.9,396.7;464.0,475.1;569.6,417.8;569.6,315.2;569.6,306.2;572.6,245.8;553.0,208.1;605.8,339.3;602.8,306.2;533.4,315.2;473.1,309.2;512.3,273.0
21#612.8,545.2;582.7,470.0;579.6,421.8;537.5,415.7;429.1,385.6;441.1,466.9;555.6,418.8;558.6,310.3;561.6,307.3;564.6,247.1;548.0,200.4;585.7,232.0;594.7,307.3;525.4,316.4;462.2,298.3;498.3,256.1
22#604.1,521.4;581.6,477.9;566.6,420.8;524.5,420.8;422.3,375.7;416.3,453.8;545.5,420.8;548.5,315.5;548.5,309.5;551.5,249.4;521.5,177.3;557.5,225.4;584.6,315.5;515.5,315.5;452.3,285.5;476.4,249.4
23#608.3,568.1;579.0,483.5;559.5,421.7;513.9,418.4;413.0,369.6;393.5,444.4;536.7,418.4;539.9,314.3;539.9,314.3;539.9,252.5;502.5,179.2;546.4,226.4;579.0,314.3;504.1,317.5;445.6,281.7;452.1,232.9
24#609.9,569.2;579.0,488.2;548.2,422.7;494.2,415.0;401.7,361.0;378.6,434.2;525.1,418.8;528.9,318.6;532.8,314.7;521.2,253.0;501.9,179.8;528.9,229.9;563.6,314.7;494.2,322.4;440.2,276.2;436.4,214.5
25#599.7,576.8;567.5,487.2;538.8,422.7;488.6,422.7;395.4,361.7;363.2,429.8;513.7,422.7;517.3,322.3;520.9,322.3;510.1,257.8;495.8,189.7;520.9,250.6;553.1,325.9;481.5,325.9;434.9,275.7;424.1,221.9
26#593.8,575.1;552.5,492.5;525.0,430.6;473.4,427.1;387.4,358.3;346.1,427.1;497.5,427.1;504.4,327.3;504.4,323.9;494.0,261.9;483.7,200.0;511.3,255.1;538.8,320.4;470.0,330.8;425.2,289.5;418.3,234.4
27#592.5,579.3;541.0,496.9;513.5,435.1;465.4,428.3;383.0,359.6;331.5,418.0;489.5,431.7;492.9,332.1;492.9,328.7;482.6,270.3;475.7,211.9;510.1,263.4;527.2,332.1;458.5,335.5;413.9,304.6;413.9,249.7
28#420.1,424.5;373.5,364.9;487.5,429.6;443.4,429.6;376.1,362.3;319.1,419.3;464.1,427.1;477.1,336.4;477.1,333.8;471.9,274.3;479.7,230.2;503.0,274.3;515.9,336.4;443.4,339.0;407.2,315.7;412.3,261.3
29#404.8,429.0;528.4,510.5;475.8,444.7;425.8,434.2;368.0,368.5;307.5,423.7;454.7,442.1;467.9,342.2;465.3,342.2;465.3,281.8;478.4,239.7;499.4,284.4;504.7,339.6;431.1,347.5;402.2,329.1;412.7,273.9
30#306.1,425.2;362.9,384.9;403.1,403.9;396.0,406.2;358.1,375.5;310.8,427.5;393.7,387.3;450.5,351.8;455.2,349.4;464.7,297.3;481.2,264.2;497.8,302.1;495.4,351.8;419.7,354.2;400.8,340.0;415.0,292.6
31#304.6,432.3;349.3,397.0;448.0,472.3;393.9,415.9;349.3,382.9;302.2,430.0;382.2,397.0;448.0,364.1;448.0,361.8;452.7,305.3;478.6,274.8;495.1,314.7;485.6,361.8;405.7,368.8;401.0,347.7;412.7,307.7
32#371.1,451.6;387.1,410.3;449.2,483.8;389.4,472.3;341.2,394.2;297.6,447.0;417.0,481.5;440.0,382.7;440.0,375.8;446.9,325.3;474.4,293.1;488.2,336.8;476.7,382.7;400.9,375.8;400.9,355.1;412.4,327.6
33#359.3,461.8;369.6,441.1;437.9,494.9;392.4,486.7;330.3,406.0;299.3,463.9;411.0,490.8;429.6,397.7;431.7,387.4;437.9,339.8;473.0,310.8;483.4,356.3;464.8,399.8;398.6,391.5;431.7,364.6;413.1,354.3
34#347.7,470.9;345.8,482.7;431.7,512.0;375.1,508.1;291.1,494.4;298.9,476.8;404.4,508.1;418.0,408.4;421.9,398.7;431.7,351.8;476.6,336.2;480.5,381.1;457.1,414.3;380.9,404.5;373.1,424.1;466.9,328.4
35#337.9,491.7;357.4,470.2;416.0,517.1;363.3,511.2;310.6,429.2;291.0,503.4;390.6,519.1;410.2,419.4;412.1,409.7;414.1,362.8;474.6,351.1;476.6,394.1;447.3,425.3;375.0,415.5;351.6,429.2;314.5,454.6
36#326.1,500.9;392.5,485.2;415.9,532.1;353.4,530.1;304.6,440.3;290.9,522.3;382.7,534.1;396.4,432.5;398.4,416.9;404.2,370.0;470.6,370.0;470.6,416.9;441.3,436.4;357.4,424.7;353.4,457.9;376.9,448.1
37#372.3,644.1;417.3,570.1;404.1,543.6;343.2,535.7;295.6,453.7;287.7,533.1;375.0,538.3;390.8,443.1;390.8,437.9;402.7,378.3;470.2,387.6;467.5,432.6;430.5,448.4;351.2,437.9;340.6,480.2;364.4,482.8
38#369.8,661.5;397.8,591.5;392.2,557.9;336.2,546.7;294.2,473.9;285.8,557.9;361.4,546.7;383.8,457.1;383.8,454.3;395.0,392.7;406.2,513.1;414.6,504.7;417.4,465.5;350.2,451.5;327.8,490.7;330.6,504.7
39#370.6,681.2;384.4,620.6;387.1,565.5;332.1,557.2;288.0,491.2;288.0,571.0;356.9,562.8;376.1,469.1;378.9,463.6;394.0,404.4;398.2,535.2;406.4,515.9;411.9,477.4;343.1,460.9;310.0,507.7;285.3,568.3
40#376.0,702.0;378.8,632.3;381.6,579.3;325.8,573.7;283.9,515.1;278.4,598.8;353.7,579.3;373.2,484.5;373.2,476.1;385.7,418.9;448.5,453.8;401.1,523.5;406.7,490.0;336.9,476.1;292.3,540.2;281.1,590.4
41#379.9,724.1;379.9,644.1;374.1,595.5;317.0,584.1;271.3,535.5;277.0,618.4;345.6,592.7;371.3,495.5;371.3,489.8;384.1,434.1;459.9,466.9;437.0,484.1;411.3,501.2;334.1,486.9;277.0,478.4;337.0,461.2
42#375.0,732.7;380.8,659.8;369.1,607.4;313.7,601.5;272.9,557.8;278.7,645.3;340.0,604.4;366.2,508.2;369.1,505.3;379.3,442.6;459.5,496.5;436.2,508.2;404.1,514.0;328.3,496.5;272.9,484.9;328.3,461.6
43#369.5,741.4;384.5,672.5;366.5,615.5;312.5,615.5;273.5,582.6;279.5,666.5;339.5,615.5;360.5,519.6;363.5,513.6;381.5,453.6;363.5,561.6;390.5,561.6;402.5,528.6;321.5,510.6;261.5,486.6;312.5,459.6
44#362.7,748.5;381.4,677.0;365.8,633.5;309.9,630.4;272.6,596.2;281.9,689.5;337.9,633.5;356.5,531.0;359.6,527.9;384.5,468.8;362.7,580.7;390.7,574.5;396.9,540.3;319.2,518.6;257.1,490.6;291.3,459.5
45#352.2,752.5;382.3,684.2;365.9,640.4;311.2,640.4;278.4,632.2;281.1,708.8;338.6,640.4;357.7,544.7;357.7,536.5;378.2,480.5;447.9,574.8;428.8,580.3;398.7,552.9;316.7,531.1;259.3,492.8;268.8,480.5
46#350.4,748.9;382.4,669.0;366.4,656.3;308.9,649.9;280.1,646.7;283.3,723.4;334.4,653.1;356.8,554.0;360.0,550.8;376.0,490.1;455.9,576.4;430.3,595.6;398.4,560.4;315.3,541.2;261.0,496.5;270.5,439.0
47#348.7,746.4;382.0,679.9;372.0,670.0;305.5,663.3;282.3,653.4;282.3,743.1;338.8,666.7;355.4,563.7;355.4,560.3;378.6,500.5;451.7,610.2;425.1,600.2;391.9,573.6;312.2,550.4;269.0,503.9;259.0,450.7
48#350.8,739.2;380.3,673.6;367.2,680.2;301.6,670.3;278.6,673.6;285.2,762.2;334.4,673.6;357.4,571.9;357.4,568.6;380.3,509.6;455.8,617.8;432.8,617.8;396.7,581.7;318.0,558.8;265.5,512.8;255.6,457.1
49#356.3,739.9;377.6,660.6;377.6,682.0;313.6,682.0;283.1,682.0;286.1,782.6;341.0,685.0;359.3,578.2;359.3,578.2;383.7,520.3;450.8,633.2;426.4,624.0;395.9,593.5;319.7,563.0;264.7,520.3;258.6,462.3
50#397.7,664.0;379.5,676.0;376.5,697.2;316.1,697.2;313.1,793.8;285.9,799.8;346.3,697.2;361.4,582.4;364.5,582.4;388.6,528.1;449.0,648.9;430.9,639.8;400.7,600.5;322.2,567.3;258.8,534.1;255.7,482.8
51#370.5,733.4;382.2,680.6;376.3,701.2;317.7,701.2;282.5,727.5;285.4,806.7;347.0,701.2;367.5,589.8;370.5,586.8;396.9,531.1;470.1,645.5;437.9,657.2;408.6,607.3;329.4,575.1;259.1,548.7;256.1,498.9
52#392.2,731.5;395.1,694.2;380.8,702.8;329.2,702.8;286.2,742.9;283.3,817.4;355.0,700.0;372.2,593.9;375.0,591.1;403.7,533.8;489.6,662.7;443.8,665.6;415.1,611.1;334.9,579.6;263.3,562.4;254.7,513.7
53#409.9,728.2;409.9,694.5;389.2,702.3;337.4,704.9;296.0,764.4;288.2,826.6;365.9,702.3;381.4,601.3;384.0,590.9;404.7,536.5;404.7,730.8;441.0,671.2;422.9,614.2;340.0,583.1;267.5,575.4;254.5,526.2
54#414.5,726.0;422.5,680.6;395.8,702.0;345.0,704.6;307.5,774.2;287.5,834.3;371.7,702.0;387.7,600.4;387.7,592.3;409.1,538.9;468.0,691.3;441.2,667.2;430.5,616.4;342.3,584.3;270.1,584.3;254.1,538.9
55#413.9,731.5;408.6,694.4;400.6,707.7;353.0,710.3;316.0,779.1;293.5,833.3;376.8,702.4;390.1,601.9;395.3,593.9;416.5,541.1;474.7,694.4;458.8,660.1;435.0,615.1;347.7,588.7;273.7,593.9;257.8,549.0
56#415.9,741.6;406.0,689.3;406.0,706.7;361.2,709.2;321.4,781.4;300.2,832.4;381.1,706.7;396.0,604.7;398.5,592.3;420.9,540.0;475.7,699.3;470.7,664.4;440.8,614.7;351.2,589.8;276.6,604.7;259.2,559.9
57#420.6,755.1;358.7,725.4;415.6,703.1;371.1,710.5;324.0,777.4;315.3,835.6;393.3,703.1;400.8,604.0;403.2,594.1;423.1,542.1;455.3,685.7;482.5,656.0;445.3,609.0;353.7,594.1;281.9,611.4;259.6,566.9
58#409.2,763.6;360.1,724.4;424.0,704.7;377.3,712.1;325.8,766.1;319.6,836.1;399.4,704.7;401.9,601.6;404.3,594.2;424.0,540.2;455.9,665.4;492.7,650.7;448.5,609.0;357.7,596.7;284.0,618.8;259.5,577.1
59#409.1,768.5;420.6,702.1;427.5,711.2;383.9,711.2;326.7,759.3;334.7,824.6;404.5,711.2;404.5,605.8;406.8,594.4;421.7,540.6;404.5,635.6;495.0,632.2;450.4,608.1;358.7,599.0;287.7,626.5;257.9,585.2
60#410.3,779.0;356.8,725.5;433.5,713.9;384.7,713.9;324.3,753.4;341.7,829.0;410.3,713.9;405.6,604.7;407.9,593.0;425.4,540.7;417.2,637.2;440.5,641.9;452.1,609.3;359.1,600.0;294.1,632.6;256.9,595.4
61#426.8,779.8;360.1,726.9;431.4,715.4;387.7,713.1;325.7,747.6;349.8,829.2;413.0,715.4;408.4,605.0;408.4,591.3;423.4,544.1;415.3,639.5;445.2,644.1;454.4,605.0;362.4,602.7;298.1,637.2;259.0,605.0
62#408.3,777.6;357.3,722.2;437.1,713.3;395.0,715.6;324.1,739.9;355.1,804.1;419.3,713.3;408.3,604.8;410.5,593.7;424.9,541.7;419.3,635.8;439.3,638.0;452.6,604.8;361.8,604.8;302.0,642.5;259.9,613.7
63#403.5,791.0;365.9,715.8;436.4,713.4;391.7,713.4;321.2,729.9;365.9,805.0;417.6,711.1;410.5,605.3;412.9,593.6;425.8,538.4;417.6,638.2;448.1,642.9;455.2,603.0;365.9,605.3;304.8,647.6;260.1,621.8
64#403.3,803.6;362.9,710.9;434.2,713.3;393.8,710.9;317.8,720.4;370.1,798.8;415.2,710.9;412.8,604.1;412.8,592.2;422.3,537.6;419.9,634.9;446.1,639.7;455.6,604.1;365.3,604.1;310.7,649.2;263.2,632.6
65#395.7,784.0;357.9,706.1;433.5,713.1;388.6,713.1;315.4,708.4;365.0,784.0;409.9,713.1;409.9,604.4;412.3,592.6;421.7,538.3;419.4,628.1;445.3,639.9;454.8,599.7;365.0,604.4;310.6,651.7;261.0,639.9
66#380.7,772.7;355.7,695.4;428.5,718.1;389.8,711.3;307.9,690.8;360.2,775.0;408.0,715.8;410.3,599.8;410.3,588.4;419.4,536.1;419.4,627.1;437.6,629.4;453.5,595.2;364.8,604.4;312.5,654.4;257.8,645.3
67#398.0,785.1;357.6,692.4;426.6,716.1;388.5,709.0;300.5,680.5;350.5,763.7;407.6,716.1;409.9,599.6;409.9,590.1;420.6,531.8;417.1,616.2;436.1,635.3;452.8,592.4;364.7,604.3;314.8,654.3;260.1,651.9
68#377.5,733.5;354.7,676.5;430.0,708.4;391.2,703.9;300.0,674.2;343.3,754.1;409.5,706.2;409.5,596.7;409.5,585.3;416.3,530.5;420.9,624.0;434.5,626.3;450.5,589.8;366.1,603.5;315.9,656.0;261.2,656.0
69#388.4,741.6;388.4,761.4;433.0,699.5;393.4,692.0;304.1,664.8;333.9,741.6;413.2,699.5;410.7,595.4;410.7,580.5;418.2,526.0;418.2,615.2;452.9,642.4;452.9,585.4;366.1,600.3;319.0,649.9;262.0,659.8
70#391.7,768.7;396.7,761.3;423.8,694.7;381.9,687.3;303.0,657.8;322.7,731.7;401.6,694.7;406.5,591.2;406.5,578.9;416.4,524.7;409.0,618.3;448.4,635.6;448.4,586.3;367.1,596.1;317.8,645.4;261.1,662.7
71#396.2,786.4;396.2,763.6;419.0,697.7;378.5,682.5;305.0,649.6;315.1,715.5;398.7,690.1;403.8,588.8;406.3,576.1;411.4,520.4;421.5,611.6;454.5,629.3;449.4,581.2;363.3,593.9;320.2,634.4;259.4,659.7
72#409.4,819.7;401.7,765.9;414.5,686.5;376.1,676.2;340.2,630.1;309.5,709.5;396.6,681.3;404.3,581.4;404.3,576.3;409.4,517.3;378.7,553.2;447.8,625.0;442.7,576.3;363.3,591.6;314.6,625.0;260.8,655.7
73#411.0,803.6;408.0,780.0;408.0,685.3;366.7,670.5;298.6,608.4;301.6,697.2;390.3,676.5;402.1,575.9;405.1,575.9;408.0,510.9;501.2,441.4;476.1,499.0;443.5,570.0;363.7,584.8;313.4,617.3;245.4,652.8
74#411.6,811.2;410.2,780.8;404.4,687.9;355.0,667.6;294.1,603.7;297.0,690.8;378.3,679.2;401.5,574.7;401.5,571.8;407.3,510.8;498.7,451.3;488.5,499.2;442.1,566.0;360.8,580.5;308.6,609.5;241.8,644.4
75#421.7,834.1;408.6,779.9;402.7,677.4;355.8,665.7;291.4,607.1;294.3,689.1;376.3,674.5;399.8,571.9;396.8,569.0;408.6,507.5;497.9,465.0;493.5,513.3;440.8,563.1;355.8,580.7;306.0,604.2;235.7,633.5
76#418.9,838.1;411.6,775.2;399.8,681.4;353.0,669.7;288.5,614.0;291.4,687.3;376.4,672.6;396.9,575.9;399.8,570.1;408.6,508.6;512.6,469.0;499.4,523.2;443.8,567.1;355.9,578.9;300.2,602.3;235.8,619.9
77#422.4,849.4;408.8,775.4;399.7,684.8;351.4,672.8;278.9,615.4;288.0,690.9;375.5,675.8;396.7,576.1;396.7,570.1;405.7,506.7;512.9,475.0;502.4,530.8;439.0,570.1;354.4,579.2;285.0,600.3;215.5,609.3
78#422.2,836.8;409.9,775.2;399.0,679.4;352.4,671.1;322.3,649.2;292.2,701.3;374.3,676.6;393.5,575.3;393.5,567.1;407.2,509.6;509.9,497.3;503.0,539.7;437.3,572.6;349.7,575.3;275.7,605.4;204.5,589.0
79#423.0,837.6;407.9,778.5;399.6,682.2;352.9,671.2;264.9,624.5;303.4,720.7;374.9,679.5;391.4,575.0;391.4,566.7;407.9,509.0;516.5,496.6;501.4,547.5;435.4,572.2;347.4,575.0;259.4,591.5;215.4,566.7
80#419.2,840.0;406.4,773.2;397.8,685.1;352.4,673.8;258.6,631.1;292.7,716.4;375.1,676.6;392.2,574.3;395.0,568.6;409.2,508.9;511.5,497.6;503.0,557.3;437.6,568.6;346.7,574.3;264.3,580.0;227.3,551.6
81#409.6,830.0;402.7,776.3;399.9,682.6;353.1,677.1;256.6,638.5;295.2,726.7;377.9,682.6;391.7,575.1;391.7,566.8;408.2,509.0;507.4,509.0;501.9,561.3;438.5,566.8;347.6,572.4;292.5,572.4;256.6,561.3
82#410.6,830.4;401.1,774.7;395.7,685.0;349.5,674.1;254.3,644.2;292.4,736.6;373.9,682.3;393.0,570.8;395.7,568.1;403.8,508.3;507.1,519.1;499.0,576.2;439.2,568.1;352.2,570.8;303.2,565.4;265.2,554.5
83#410.1,829.2;397.9,770.8;397.9,686.6;354.5,675.8;256.8,654.1;292.1,743.7;376.2,683.9;397.9,569.9;395.2,567.2;406.1,510.2;506.5,531.9;498.4,583.5;441.4,569.9;354.5,569.9;270.3,540.0;273.0,542.8
84#406.0,822.6;391.5,765.9;404.7,681.6;357.3,671.1;259.8,663.2;291.4,755.4;381.0,676.4;396.8,568.3;396.8,568.3;407.3,510.4;510.1,539.4;496.9,592.0;438.9,568.3;354.6,563.1;280.8,528.8;290.1,490.6
85#392.8,800.6;385.2,759.4;406.5,686.2;357.7,680.1;266.2,674.0;290.6,765.5;382.1,683.1;397.4,567.2;400.4,567.2;412.6,509.2;507.2,548.9;495.0,597.7;443.1,573.3;351.6,558.0;296.7,515.3;299.7,454.3
86#384.4,799.5;371.4,757.2;403.9,695.5;361.6,685.8;273.9,685.8;293.4,783.2;384.4,692.3;400.6,572.1;400.6,572.1;416.8,507.1;507.8,559.1;494.8,604.6;446.1,581.8;358.4,559.1;316.2,503.9;312.9,438.9
87#384.6,797.4;366.1,746.6;407.9,693.2;366.7,685.1;279.5,694.6;293.3,789.9;388.5,690.0;406.2,570.6;406.2,570.6;424.7,508.3;507.2,567.1;493.5,610.8;450.7,581.8;365.1,556.8;323.1,503.5;324.6,440.5
88#384.8,795.2;360.8,736.1;411.9,690.9;371.8,684.5;285.1,703.5;293.2,796.6;392.6,687.8;411.9,569.0;411.9,569.0;432.7,509.6;506.7,575.1;492.2,617.0;455.2,581.8;371.8,554.6;330.0,503.2;336.3,442.1
89#384.9,793.0;355.5,725.5;415.9,688.6;376.8,683.8;290.7,712.3;293.2,803.3;396.8,685.5;417.5,567.5;417.5,567.5;440.6,510.8;506.1,583.2;491.0,623.1;459.8,581.7;378.4,552.3;336.9,502.8;348.0,443.8
90#385.1,790.9;350.2,714.9;419.9,686.3;381.9,683.2;296.3,721.2;293.1,810.0;400.9,683.2;423.1,565.9;423.1,565.9;448.5,512.0;505.5,591.2;489.7,629.3;464.3,581.7;385.1,550.0;343.8,502.5;359.7,445.4
91#394.0,779.5;384.4,703.0;422.7,687.1;384.4,683.9;304.7,725.3;295.2,808.2;403.5,687.1;429.0,565.9;432.2,565.9;457.7,511.8;429.0,585.1;457.7,616.9;470.5,581.9;394.0,553.2;346.2,511.8;358.9,454.4
92#383.5,736.9;383.5,693.0;427.4,687.1;386.5,678.3;313.3,736.9;295.8,821.7;406.9,678.3;439.1,567.2;439.1,564.2;462.5,508.6;424.5,628.6;468.4,628.6;477.2,584.7;401.1,552.5;345.5,520.3;361.6,472.1
93#390.5,740.0;390.5,686.8;431.9,680.9;396.4,677.9;325.4,745.9;292.9,822.8;414.1,680.9;443.7,568.5;443.7,565.6;470.3,509.4;428.9,618.8;473.3,639.5;482.1,583.3;405.3,553.7;346.1,527.1;359.4,475.4
94#408.4,734.9;405.6,691.6;435.5,678.0;394.8,678.0;335.2,756.6;297.2,829.8;416.5,678.0;449.0,572.3;451.7,564.2;473.4,509.9;449.0,637.4;500.5,645.5;489.7,585.8;408.4,553.3;348.7,534.3;358.2,492.3
95#409.6,738.9;409.6,698.3;444.8,682.1;406.9,674.0;339.3,760.6;301.4,825.6;425.9,682.1;453.0,571.1;455.7,563.0;477.3,511.5;520.6,628.0;504.4,641.5;490.9,584.6;412.4,554.9;352.8,541.3;362.3,494.0
96#417.0,739.6;393.0,721.0;446.3,678.4;411.7,678.4;342.5,755.5;306.6,831.4;427.6,678.4;454.2,572.0;459.6,564.0;480.8,510.8;467.5,646.5;504.8,657.1;494.1,585.3;411.7,558.7;353.1,548.1;359.8,501.5
97#414.0,757.0;379.0,724.7;446.2,681.7;414.0,681.7;341.4,748.9;317.2,832.2;432.8,681.7;454.3,571.5;457.0,563.5;481.2,509.7;483.8,644.1;508.0,649.5;497.3,582.3;414.0,560.8;354.8,552.7;358.9,503.0
98#413.2,757.2;485.9,663.0;461.7,679.1;421.3,681.8;343.2,741.1;335.1,832.6;442.8,679.1;459.0,571.4;461.7,566.0;483.2,509.4;534.4,644.1;510.1,649.5;499.4,582.2;418.6,560.6;356.6,560.6;362.0,512.1
99#424.9,758.8;406.5,703.6;467.0,674.6;424.9,679.9;340.8,737.7;348.7,819.2;446.0,677.3;459.1,572.1;461.7,564.2;480.2,506.4;503.8,666.8;514.3,637.8;501.2,580.0;419.7,564.2;359.2,566.9;361.8,519.5
100#432.0,764.0;546.6,729.4;479.9,676.1;434.7,681.4;344.1,732.1;354.7,817.3;456.0,678.8;461.3,572.2;464.0,564.2;477.3,505.6;498.6,673.4;522.6,641.5;503.9,577.5;418.7,564.2;365.4,574.9;362.7,526.9
101#432.0,764.7;531.7,740.4;483.2,681.2;442.8,683.9;348.5,727.0;367.4,805.1;464.4,681.2;464.4,573.5;464.4,565.4;477.8,506.1;477.8,611.2;529.0,627.3;507.5,576.2;421.3,568.1;370.1,581.5;364.7,538.4
102#451.8,715.2;465.2,656.2;486.7,680.3;446.4,685.7;352.6,717.9;374.0,806.4;467.9,680.3;465.2,573.1;465.2,565.0;475.9,503.4;484.0,605.3;537.6,613.3;510.8,573.1;422.3,567.7;374.0,589.2;366.0,543.6
103#454.7,732.0;444.0,678.5;492.1,678.5;449.4,681.2;358.5,710.6;379.9,804.1;470.7,678.5;465.4,569.0;468.1,561.0;474.8,500.9;486.8,595.7;540.2,603.7;510.8,571.7;422.6,566.3;374.6,593.0;366.5,547.6
104#451.8,729.7;444.0,675.5;495.7,675.5;451.8,680.6;366.5,703.9;387.2,799.5;472.5,678.1;467.3,569.5;467.3,559.2;476.3,498.5;485.4,595.4;516.4,603.1;511.2,566.9;423.4,566.9;379.4,598.0;366.5,554.0
105#454.0,726.1;448.9,675.1;497.4,675.1;454.0,680.2;372.4,693.0;392.8,787.4;474.5,677.6;469.4,565.3;469.4,555.1;475.7,500.2;484.7,593.4;517.9,593.4;512.8,562.8;423.4,565.3;382.6,601.1;369.8,560.2
106#454.3,735.4;449.3,672.6;499.5,672.6;451.8,677.6;374.0,680.1;394.0,773.1;474.4,675.1;466.9,564.6;469.4,554.5;473.2,500.5;487.0,592.2;512.1,594.7;509.6,559.6;426.7,567.1;386.5,604.8;371.4,567.1
107#455.1,742.9;450.4,676.0;498.1,666.5;448.0,673.6;378.7,671.3;397.8,759.6;474.2,671.3;467.1,563.8;467.1,551.8;470.7,500.5;483.8,585.3;512.5,590.0;507.7,554.2;424.1,566.2;385.9,609.2;369.1,568.5
108#454.9,747.8;450.1,667.9;493.6,667.9;457.3,667.9;384.7,655.8;401.6,747.8;476.7,667.9;467.0,561.4;467.0,551.7;473.1,499.6;481.5,583.2;513.0,583.2;510.6,551.7;423.4,566.2;387.1,609.8;370.1,578.3
109#453.6,757.6;448.9,684.8;495.9,658.9;455.9,658.9;392.5,647.2;401.9,729.4;477.1,658.9;465.3,557.9;465.3,546.1;471.2,502.7;481.8,586.1;512.3,581.4;507.6,550.8;423.0,562.6;385.4,611.9;369.0,581.4
110#454.2,762.0;449.2,687.5;491.4,657.8;451.7,657.8;394.6,637.9;407.0,722.3;471.5,657.8;464.1,556.1;464.1,546.1;467.8,495.3;532.3,495.3;541.0,504.0;506.3,546.1;419.4,563.5;384.7,610.6;367.3,585.8
111#452.0,762.1;443.4,685.2;494.7,659.5;443.4,659.5;395.0,636.7;406.4,707.9;469.1,659.5;463.4,554.1;463.4,545.5;469.1,482.8;516.1,447.2;537.5,491.4;503.3,539.8;417.8,562.6;386.4,613.9;369.3,591.1
112#450.0,779.5;443.6,687.1;485.0,655.3;434.0,655.3;405.4,623.4;402.2,687.1;459.5,658.5;459.5,550.2;459.5,543.8;465.9,480.1;516.9,429.1;529.6,483.3;500.9,537.4;414.9,559.7;383.1,610.7;370.3,594.8
113#449.7,774.4;449.7,697.9;480.3,651.9;428.3,651.9;449.7,707.1;449.7,774.4;455.8,651.9;452.8,550.9;455.8,541.7;462.0,477.4;477.3,587.6;532.4,480.4;495.7,538.6;409.9,560.1;382.3,615.2;370.1,606.0
114#447.1,780.5;452.8,698.0;478.4,643.9;424.3,643.9;455.7,700.8;450.0,780.5;447.1,646.7;450.0,544.3;450.0,535.8;457.1,477.4;472.7,567.1;531.1,477.4;492.6,530.1;404.4,555.7;378.8,615.4;370.3,604.1
115#448.6,783.1;457.7,698.2;475.9,643.6;424.4,640.6;460.8,704.3;503.2,767.9;451.7,640.6;445.6,540.6;445.6,534.5;447.1,469.3;525.9,469.3;539.6,480.0;491.1,528.5;400.1,552.7;375.9,616.4;369.8,604.2
116#448.6,786.1;460.6,704.8;469.6,644.6;424.5,638.6;460.6,704.8;508.8,768.1;448.6,641.6;439.5,536.2;439.5,530.1;441.0,465.4;531.4,471.4;541.9,481.9;487.7,521.1;397.4,548.2;373.3,617.5;367.2,605.4
117#449.3,792.7;461.1,710.2;466.9,639.4;416.8,630.6;431.6,660.1;481.7,683.6;443.4,633.5;437.5,530.4;437.5,524.5;436.0,467.0;536.2,472.9;540.6,483.2;484.6,512.7;390.3,542.2;366.7,615.8;396.2,657.1
118#454.6,794.1;460.6,709.8;460.6,631.5;415.5,625.5;454.6,712.8;409.4,664.6;436.5,628.5;433.5,523.2;433.5,520.2;429.0,464.5;523.8,493.1;520.8,484.1;478.7,508.1;385.4,535.2;358.3,604.4;358.3,631.5
119#458.0,792.9;458.0,716.8;455.0,625.4;406.3,622.4;378.8,613.2;451.9,747.2;430.6,622.4;427.6,518.8;427.6,512.8;423.0,462.5;502.2,462.5;534.1,494.5;476.3,503.6;378.8,528.0;354.5,588.9;363.6,631.5
120#455.2,789.8;455.2,712.2;452.0,618.4;400.2,611.9;439.0,702.5;452.0,754.3;426.1,618.4;422.9,511.7;422.9,508.4;424.5,451.8;526.4,505.2;516.6,505.2;471.4,498.7;374.3,521.4;348.5,579.6;361.4,621.6
121#459.5,788.0;453.1,708.2;449.9,618.8;395.6,615.6;434.0,705.0;449.9,727.4;421.2,618.8;421.2,507.0;418.0,497.5;416.4,451.1;504.2,475.1;529.8,510.2;469.1,494.3;370.1,516.6;341.3,574.1;370.1,606.0
122#456.5,785.2;453.4,695.4;447.2,608.7;388.4,605.6;360.5,580.8;403.8,679.9;416.2,608.7;416.2,500.2;416.2,494.0;417.8,430.5;506.1,475.5;524.7,518.8;465.8,494.0;366.7,503.3;329.5,562.2;376.0,580.8
123#458.5,776.9;457.4,686.8;438.6,602.6;383.8,600.6;382.8,587.9;404.8,679.4;410.2,602.6;413.1,496.1;414.1,489.1;419.5,427.7;505.2,477.7;510.8,512.4;461.8,492.0;364.5,498.2;321.1,548.2;355.1,560.6
124#460.5,768.6;461.4,678.1;430.1,596.6;379.3,595.5;405.1,595.1;405.9,678.8;404.1,596.6;410.0,492.1;411.9,484.1;421.3,424.9;504.4,479.9;496.9,506.1;457.7,490.0;362.2,493.1;312.8,534.2;334.1,540.4
125#462.5,760.3;465.4,669.5;421.5,590.5;374.7,590.5;427.4,602.2;406.9,678.3;398.1,590.5;406.9,488.0;409.8,479.2;423.0,422.1;503.5,482.1;483.0,499.7;453.7,488.0;360.0,488.0;304.4,520.2;313.2,520.2
126#467.0,751.6;469.8,653.5;419.4,586.3;374.6,586.3;419.4,597.5;405.4,670.3;397.0,583.5;408.2,485.5;408.2,474.3;423.6,425.3;511.8,499.5;492.2,519.1;453.0,485.5;360.6,482.7;301.8,505.1;338.2,505.1
127#469.6,739.8;475.3,648.4;418.1,585.5;372.4,585.5;418.1,599.8;403.9,679.8;395.3,585.5;406.7,479.8;409.6,474.1;425.3,424.1;495.3,508.4;492.4,531.2;449.6,482.6;361.0,476.9;298.1,485.5;329.6,482.6
128#470.7,726.6;485.0,629.2;413.4,583.4;370.4,586.2;422.0,597.7;404.8,686.5;390.4,589.1;404.8,477.4;404.8,471.6;423.4,418.6;490.7,506.0;487.9,534.7;447.7,480.2;358.9,471.6;295.9,468.8;336.0,474.5
129#473.5,707.1;487.4,617.6;412.0,586.9;370.0,586.9;414.8,612.0;406.4,693.1;389.6,586.9;406.4,472.3;406.4,466.7;418.9,420.6;476.2,514.2;484.6,531.0;448.3,477.9;361.7,466.7;297.4,452.7;316.9,447.1
130#473.4,699.3;491.3,609.5;416.5,576.5;368.6,582.5;416.5,612.5;404.5,699.3;392.5,579.5;404.5,471.7;404.5,465.8;415.0,407.4;491.3,519.7;482.4,531.6;446.4,474.7;362.6,459.8;299.7,435.8;373.1,407.4
131#477.0,679.4;496.7,603.7;424.2,574.0;371.5,580.6;414.4,613.5;404.5,702.5;401.2,577.3;404.5,465.3;401.2,465.3;416.0,401.0;490.1,518.0;480.3,527.9;444.0,471.9;361.6,455.4;302.3,415.8;343.5,394.4
132#475.2,664.0;505.2,585.2;422.7,574.0;373.9,577.7;411.4,619.0;403.9,716.6;396.4,577.7;400.1,461.3;400.1,457.6;407.6,393.8;512.8,532.7;479.0,521.4;441.4,465.1;358.8,450.1;306.3,405.0;362.6,352.5
133#479.5,645.4;503.0,571.0;416.9,571.0;377.7,578.8;413.0,621.9;401.2,715.8;397.3,574.9;401.2,453.6;401.2,453.6;409.0,391.0;499.1,535.8;479.5,508.4;444.3,465.3;358.2,449.7;315.1,391.0;354.2,344.0
134#480.9,634.3;501.4,558.5;420.3,567.4;377.6,575.3;408.2,627.7;399.6,720.7;398.9,571.4;402.0,449.1;402.0,449.9;410.7,388.5;498.2,522.2;484.2,502.7;445.5,460.9;359.5,443.6;316.9,386.9;351.4,337.9
135#482.4,623.2;499.7,546.0;423.7,563.9;377.4,571.8;403.5,633.4;398.0,725.5;400.5,567.8;402.9,444.6;402.9,446.3;412.4,386.0;497.4,508.6;488.9,497.0;446.6,456.5;360.8,437.5;318.7,382.7;348.7,331.8
136#483.8,612.0;498.1,533.5;427.1,560.3;377.3,568.3;398.7,639.2;396.4,730.4;402.2,564.3;403.7,440.2;403.7,442.6;414.2,383.4;496.5,495.0;493.6,491.4;447.8,452.2;362.2,431.3;320.5,378.6;345.9,325.6
137#485.3,600.9;496.4,521.0;430.5,556.8;377.1,564.8;394.0,644.9;394.8,735.2;403.8,560.7;404.6,435.7;404.6,439.0;415.9,380.9;495.7,481.4;498.3,485.7;448.9,447.8;363.5,425.2;322.3,374.4;343.2,319.5
138#486.7,589.8;494.8,508.5;433.9,553.2;377.0,561.3;389.2,650.7;393.2,740.1;405.4,557.2;405.4,431.2;405.4,435.3;417.6,378.4;494.8,467.8;503.0,480.0;450.1,443.4;364.8,419.1;324.1,370.3;340.4,313.4
139#489.5,589.9;476.9,523.2;426.9,544.1;376.9,552.4;385.3,652.5;385.3,744.1;401.9,548.3;406.1,427.4;406.1,435.7;422.8,373.2;489.5,456.6;502.0,460.7;447.8,439.9;368.6,419.0;318.6,377.4;339.4,323.2
140#471.1,580.2;459.0,523.6;422.5,539.8;378.0,551.9;382.1,649.0;386.1,742.1;398.3,543.8;410.4,430.5;410.4,434.6;422.5,369.8;552.0,450.7;507.5,442.7;454.9,438.6;365.9,422.4;317.3,381.9;337.6,333.4
141#468.2,570.8;460.2,534.7;428.1,538.7;376.0,546.7;380.0,651.0;384.0,743.2;404.1,542.7;408.1,430.4;408.1,434.4;424.1,370.3;436.2,450.5;440.2,458.5;452.2,438.5;368.0,422.4;315.9,390.3;339.9,338.2
142#472.9,587.3;457.1,524.0;433.4,535.8;378.0,547.7;378.0,646.6;381.9,741.6;401.7,539.8;409.6,429.0;409.6,436.9;421.5,365.7;421.5,452.7;433.4,456.7;453.2,436.9;366.1,421.1;314.7,397.3;342.4,349.9
143#472.6,597.0;462.7,529.9;432.7,539.3;378.1,548.8;370.5,636.9;379.8,732.2;402.5,542.5;408.2,429.1;408.2,435.4;417.7,365.4;420.4,453.6;436.2,438.9;450.6,434.7;365.1,422.8;315.1,405.1;341.3,359.0
144#472.3,606.7;468.3,535.8;432.0,542.8;378.2,550.0;363.0,627.2;377.7,722.7;403.4,545.2;406.8,429.2;406.8,434.0;413.9,365.1;419.4,454.5;438.9,421.1;448.0,432.6;364.1,424.5;315.4,412.9;340.3,368.0
145#471.9,616.5;473.8,541.6;431.4,546.4;378.2,551.1;355.6,617.5;375.7,713.3;404.2,548.0;405.3,429.4;405.3,432.5;410.1,364.8;418.3,455.3;441.7,403.2;445.5,430.4;363.2,426.2;315.8,420.8;339.2,377.1
146#471.6,626.2;479.4,547.5;430.7,549.9;378.3,552.3;348.1,607.8;373.6,703.8;405.1,550.7;403.9,429.5;403.9,431.1;406.3,364.5;417.3,456.2;444.4,385.4;442.9,428.3;362.2,427.9;316.1,428.6;338.2,386.1
147#471.3,635.9;485.0,553.4;430.0,553.4;378.4,553.4;340.6,598.1;371.5,694.4;405.9,553.4;402.5,429.6;402.5,429.6;402.5,364.2;416.2,457.1;447.2,367.6;440.3,426.1;361.2,429.6;316.5,436.4;337.1,395.2
148#463.2,609.3;484.0,563.6;434.1,542.8;384.2,546.9;334.4,588.5;367.6,679.9;405.0,546.9;400.9,434.7;400.9,426.4;392.5,364.1;392.5,318.3;434.1,355.7;438.3,430.6;359.3,434.7;317.7,447.2;338.5,401.5
149#471.0,657.6;475.1,564.6;426.6,540.4;390.2,552.5;325.6,576.8;357.9,665.7;406.4,552.5;398.3,431.3;398.3,427.2;386.2,366.6;386.2,302.0;422.6,350.5;434.7,427.2;361.9,435.3;321.5,455.5;337.7,411.1
150#469.9,670.6;478.0,581.8;429.6,545.5;385.2,549.5;312.5,565.7;352.9,654.5;405.4,545.5;397.3,428.4;393.2,428.4;377.1,363.8;381.1,287.1;413.4,347.7;429.6,424.4;356.9,436.5;324.6,464.7;336.7,416.3
151#469.3,678.8;473.4,588.6;432.4,551.7;379.1,551.7;305.4,551.7;342.3,641.9;403.7,547.6;391.4,432.8;387.3,428.7;375.0,367.2;383.2,289.4;407.8,350.8;424.2,424.6;350.5,436.9;321.8,473.8;338.2,424.6
152#469.5,692.6;465.9,600.0;430.3,543.0;387.6,546.6;302.2,539.5;334.2,624.9;409.0,543.0;384.1,432.7;384.1,429.1;369.8,365.0;382.3,295.6;401.9,340.1;419.7,422.0;344.9,443.4;320.0,475.4;337.8,436.2
153#469.6,700.2;459.1,609.8;420.9,540.3;372.2,540.3;295.7,526.3;327.0,613.3;400.0,540.3;379.2,429.0;375.7,429.0;361.8,366.4;372.2,436.0;396.6,345.6;410.5,422.0;340.9,442.9;313.1,477.7;334.0,446.4
154#459.8,666.9;455.9,605.7;415.1,540.8;366.3,540.8;292.5,520.3;318.1,606.8;394.0,540.5;373.8,428.9;370.6,428.7;357.6,366.2;371.6,428.5;395.3,349.8;406.1,422.6;335.2,441.8;305.6,469.9;325.5,436.4
155#450.0,633.6;452.7,601.6;409.3,541.3;360.5,541.3;289.3,514.3;309.1,600.3;387.9,540.7;368.4,428.9;365.6,428.3;353.3,366.0;371.0,421.1;394.0,354.0;401.6,423.3;329.6,440.6;298.0,462.0;317.1,426.5
156#440.3,600.3;449.6,597.4;403.6,541.8;354.6,541.8;286.2,508.4;300.2,593.8;381.9,540.9;363.0,428.9;360.5,428.0;349.1,365.8;370.3,413.6;392.7,358.2;397.1,423.9;323.9,439.4;290.5,454.2;308.6,416.5
157#430.5,567.0;446.4,593.3;397.8,542.3;348.7,542.3;283.0,502.4;291.2,587.3;375.9,541.1;357.6,428.8;355.5,427.6;344.8,365.6;369.7,406.2;391.4,362.4;392.7,424.6;318.3,438.3;282.9,446.3;300.1,406.6
158#420.7,533.7;443.2,589.2;392.0,542.8;342.8,542.8;279.8,496.4;282.3,580.8;369.9,541.3;352.1,428.8;350.4,427.3;340.6,365.3;369.1,398.7;390.1,366.7;388.2,425.2;312.6,437.1;275.4,438.5;291.6,396.6
159#410.9,500.4;440.0,585.1;386.2,543.2;337.0,543.2;276.6,490.4;273.4,574.2;363.8,541.5;346.7,428.7;345.3,427.0;336.3,365.1;368.5,391.2;388.7,370.9;383.8,425.9;306.9,436.0;267.8,430.7;283.2,386.6
160#401.1,467.1;436.8,581.0;380.4,543.7;331.1,543.7;273.4,484.4;264.4,567.7;357.8,541.7;341.3,428.6;340.3,426.6;332.1,364.9;367.9,383.8;387.4,375.1;379.4,426.6;301.3,434.8;260.2,422.8;274.7,376.7
161#391.4,433.8;433.7,576.8;374.7,544.2;325.2,544.2;270.3,478.5;255.5,561.2;351.8,541.9;335.9,428.6;335.2,426.3;327.8,364.7;367.2,376.3;386.1,379.3;374.9,427.2;295.6,433.7;252.7,415.0;266.2,366.7
162#381.6,400.5;430.5,572.7;368.9,544.7;319.4,544.7;267.1,472.5;246.5,554.7;345.7,542.1;330.5,428.6;330.2,425.9;323.6,364.5;366.6,368.9;384.8,383.5;370.4,427.9;290.0,432.5;245.2,407.1;257.8,356.8
163#371.8,367.2;427.3,568.6;363.1,545.2;313.5,545.2;263.9,466.5;237.6,548.2;339.7,542.3;325.1,428.5;325.1,425.6;319.3,364.3;366.0,361.4;383.5,387.7;366.0,428.5;284.3,431.4;237.6,399.3;249.3,346.8
164#419.6,641.5;422.5,557.9;373.4,549.2;304.3,549.2;263.9,474.3;235.1,557.9;338.9,549.2;321.6,428.2;321.6,425.3;318.7,367.6;364.8,364.7;379.2,390.7;359.0,428.2;281.2,431.0;238.0,390.7;232.2,341.7
165#408.7,627.7;405.8,545.4;357.6,542.6;300.9,542.6;258.4,483.0;232.8,565.3;326.4,542.6;320.8,426.3;317.9,426.3;315.1,369.6;369.0,366.8;383.2,395.1;357.6,420.7;275.4,429.2;241.4,386.6;230.0,335.6
166#397.2,615.4;394.3,537.5;365.5,543.3;299.1,551.9;255.9,491.4;229.9,575.0;330.9,546.2;316.4,430.8;316.4,430.8;313.6,367.3;365.5,378.9;391.4,401.9;359.7,430.8;276.1,427.9;238.6,387.5;235.7,335.6
167#389.0,596.9;383.6,533.9;361.7,542.2;295.9,553.1;254.9,498.4;227.5,580.5;328.8,544.9;315.1,429.9;315.1,427.2;315.1,369.7;367.1,386.1;386.3,405.3;356.2,432.6;276.8,429.9;235.7,397.0;233.0,345.0
168#383.8,590.8;370.5,524.3;365.2,542.9;298.7,550.9;256.2,503.0;229.6,585.4;333.3,545.6;317.3,431.3;314.6,428.6;317.3,367.5;370.5,391.4;370.5,396.7;357.2,431.3;274.8,428.6;232.2,407.3;232.2,351.5
169#378.8,588.9;373.5,526.3;363.1,544.5;300.5,547.1;253.5,505.4;230.0,594.1;331.8,544.5;316.1,432.3;316.1,429.7;318.7,369.7;373.5,398.4;368.3,401.0;357.9,432.3;277.0,429.7;230.0,411.5;227.4,361.9
170#372.7,582.3;289.1,524.1;362.5,546.9;301.7,549.4;248.5,511.4;230.8,600.0;337.2,549.4;319.5,432.9;319.5,427.8;319.5,372.1;382.8,405.0;360.0,410.1;354.9,432.9;278.9,430.3;230.8,417.7;228.3,367.0
171#359.7,579.0;311.4,512.9;364.8,543.4;303.8,551.1;245.4,518.0;227.6,607.0;334.3,548.5;319.1,434.2;319.1,426.6;321.6,370.7;380.0,413.8;395.3,444.3;359.7,434.2;278.4,431.6;230.1,424.0;230.1,373.2
172#337.1,580.8;280.1,523.8;361.5,542.8;309.9,548.2;244.8,526.5;228.5,618.8;334.4,545.5;318.1,428.8;318.1,426.0;326.2,366.3;388.7,423.3;383.2,469.5;358.8,434.2;280.1,428.8;231.2,431.5;228.5,388.0
173#338.3,591.0;282.4,532.4;370.2,540.4;314.3,545.7;245.1,535.1;229.1,622.9;343.6,543.1;319.6,431.3;319.6,423.3;327.6,364.7;330.3,460.5;362.2,473.8;359.6,431.3;282.4,428.6;231.8,436.6;229.1,394.0
174#302.7,590.6;302.7,529.4;369.2,534.7;318.6,540.0;246.8,542.7;228.2,630.5;342.6,537.4;323.9,428.3;323.9,423.0;329.3,364.5;342.6,465.6;387.8,476.2;366.5,431.0;284.0,428.3;233.5,444.3;230.8,401.7
175#324.1,586.0;303.2,530.9;371.3,533.5;318.9,533.5;250.8,544.0;229.8,635.8;342.5,533.5;326.8,428.7;326.8,418.2;332.0,360.6;342.5,460.2;394.9,478.5;371.3,428.7;282.2,426.1;235.0,449.7;229.8,413.0
176#323.2,598.8;308.2,533.9;378.1,531.4;323.2,531.4;253.3,543.9;230.9,633.7;350.7,531.4;328.2,424.1;328.2,414.1;331.9,360.4;345.7,464.0;400.6,481.5;375.6,426.6;283.3,424.1;235.8,454.0;230.9,419.1
177#324.6,610.8;319.5,537.4;382.8,529.8;322.0,529.8;256.2,542.4;230.9,633.5;349.9,532.3;329.6,423.5;329.6,410.8;333.4,361.4;347.4,453.8;387.9,464.0;375.2,420.9;286.6,423.5;236.0,458.9;230.9,426.0
178#324.5,623.7;327.2,548.4;381.0,521.5;327.2,521.5;257.3,537.7;238.5,626.4;348.7,521.5;329.9,422.1;329.9,408.7;336.6,361.6;354.1,454.4;399.8,462.4;378.3,419.4;284.2,422.1;238.5,462.4;230.5,432.9
179#323.0,629.2;330.9,552.1;378.8,520.1;328.3,517.5;256.4,533.4;245.8,623.9;352.2,520.1;333.6,419.1;330.9,405.8;334.9,367.2;354.9,445.7;392.1,461.6;378.8,416.4;283.0,421.7;240.5,469.6;232.5,440.3
180#327.2,631.5;324.5,564.2;378.3,521.2;329.9,518.5;259.9,523.9;254.5,618.1;354.1,521.2;332.6,418.9;332.6,402.8;333.9,366.4;356.8,445.8;429.5,437.7;381.0,413.5;286.8,421.6;243.8,470.0;233.0,445.8
181#324.0,642.3;324.0,564.6;376.7,517.5;329.6,512.0;263.0,520.3;268.6,617.3;349.0,514.7;335.1,417.7;335.1,403.8;333.7,360.8;357.3,453.7;385.0,453.7;382.3,412.1;288.0,423.2;249.1,475.9;232.5,453.7
182#326.4,648.0;329.2,557.3;380.2,517.7;332.1,520.5;261.3,497.9;281.1,599.8;354.7,520.5;334.9,418.6;334.9,407.2;336.3,360.5;349.1,444.0;383.0,455.4;380.2,410.1;289.6,421.4;249.9,478.0;233.0,458.2
183#324.0,654.0;336.4,567.0;373.7,520.5;327.1,523.6;265.0,498.7;286.7,585.7;351.9,523.6;336.4,421.1;336.4,411.8;341.1,348.1;361.2,452.1;379.9,455.2;379.9,411.8;289.8,421.1;249.4,480.1;233.9,464.6
184#323.1,665.5;335.8,579.7;373.9,522.6;323.1,519.4;272.3,503.5;294.5,573.4;348.5,519.4;335.8,417.8;335.8,411.4;343.8,343.1;412.0,354.3;377.1,452.7;380.3,411.4;288.2,420.9;250.1,481.3;231.0,474.9
185#324.3,672.2;347.5,586.0;367.4,519.6;314.3,516.3;287.8,506.4;297.8,562.8;340.9,516.3;337.6,416.8;337.6,410.2;349.2,342.2;422.1,348.9;440.4,380.4;384.0,410.2;291.1,423.5;251.3,483.2;231.4,483.2
186#326.3,683.5;350.1,595.1;360.2,527.2;309.3,517.0;309.3,503.4;339.9,568.0;336.5,520.4;339.9,415.1;339.9,408.3;345.0,338.7;426.5,338.7;438.4,371.0;384.0,404.9;292.3,418.5;244.8,483.1;231.2,483.1
187#325.5,692.7;353.0,603.3;359.9,527.6;308.3,513.9;311.7,500.1;363.3,572.3;332.4,520.7;339.2,410.7;339.2,407.2;344.4,340.2;420.1,333.3;439.0,362.5;383.9,400.4;291.1,417.6;249.8,479.5;222.3,500.1
188#329.1,694.7;356.7,611.9;356.7,522.2;308.4,508.4;342.9,542.9;373.9,570.5;332.5,511.8;336.0,404.8;339.4,401.4;344.6,337.5;434.3,330.6;443.0,370.3;384.3,394.5;291.1,411.7;253.2,470.4;222.1,501.5
189#331.3,699.2;352.4,614.9;355.9,520.1;306.7,506.1;243.5,509.6;391.0,558.7;331.3,509.6;338.3,397.2;338.3,397.2;347.1,332.2;431.4,332.2;443.7,372.6;384.0,390.2;289.2,407.7;250.5,463.9;226.0,506.1
190#334.4,698.8;345.3,611.4;356.2,513.1;308.9,498.5;261.6,502.2;378.1,585.9;330.7,505.8;338.0,389.3;338.0,393.0;339.8,322.0;434.5,329.2;443.6,382.0;385.4,382.0;287.1,400.2;250.6,451.2;232.4,491.2
191#337.1,692.1;348.0,604.7;355.3,506.5;304.3,491.9;249.7,502.8;238.8,553.8;329.8,499.2;337.1,386.3;337.1,386.3;342.6,319.0;431.8,335.3;450.0,382.7;384.4,379.0;289.8,393.6;246.1,444.6;238.8,484.6
192#336.4,683.5;356.6,598.4;352.8,500.7;306.0,488.8;288.9,505.8;275.2,560.1;329.4,493.7;337.5,382.0;337.5,380.9;346.0,317.2;427.4,341.5;446.0,387.1;384.0,377.1;290.9,387.9;242.5,432.6;251.6,463.6
193#335.7,674.8;365.1,592.0;350.4,494.9;307.6,485.8;328.0,508.7;311.5,566.5;329.0,488.2;337.9,377.6;337.9,375.4;349.4,315.5;423.1,347.8;442.0,391.4;383.7,375.2;292.1,382.2;238.9,420.7;264.3,442.5
194#335.0,666.2;373.7,585.7;347.9,489.1;309.3,482.7;367.2,511.7;347.9,572.8;328.6,482.7;338.3,373.3;338.3,370.0;352.8,313.7;418.7,354.0;438.0,395.8;383.3,373.3;293.2,376.5;235.3,408.7;277.1,421.5
195#343.7,656.3;383.0,574.4;347.0,486.0;307.7,479.5;366.6,509.0;347.0,574.4;324.1,482.8;340.5,371.5;340.5,368.2;355.2,307.6;422.3,368.2;428.8,397.7;386.3,371.5;294.6,374.7;239.0,394.4;268.4,397.7
196#350.5,642.5;399.5,553.8;347.5,486.6;307.7,477.4;371.9,504.9;344.4,584.4;326.1,483.5;341.4,370.3;344.4,358.1;355.1,313.7;427.0,376.4;430.1,404.0;387.2,370.3;298.5,367.3;252.7,376.4;313.8,400.9
197#362.1,630.9;412.4,546.1;346.4,480.1;308.7,480.1;374.7,505.3;346.4,590.1;327.6,480.1;343.3,367.1;346.4,357.7;354.3,312.1;434.4,382.8;428.1,411.0;387.3,367.1;299.3,363.9;299.3,407.9;330.7,414.2
198#373.3,615.8;417.2,530.1;351.8,478.0;311.2,478.9;371.3,510.1;344.8,595.8;331.6,478.9;345.1,364.0;347.4,356.1;355.6,303.8;430.2,392.6;427.2,414.6;387.8,364.9;302.4,359.0;294.9,377.4;329.0,380.3
199#384.6,600.8;422.1,514.1;357.2,475.9;313.6,477.6;367.9,515.0;343.1,601.6;335.5,477.6;346.9,361.0;348.4,354.5;356.8,295.5;426.0,402.4;426.4,418.3;388.4,362.8;305.4,354.0;290.4,346.9;327.3,346.5
200#395.8,585.7;426.9,498.2;362.7,473.7;316.1,476.4;364.5,519.8;341.4,607.3;339.5,476.4;348.7,357.9;349.5,352.9;358.1,287.1;421.9,412.2;425.6,421.9;388.9,360.6;308.4,349.1;285.9,316.4;325.6,312.6
201#407.0,570.6;431.8,482.2;368.1,471.6;318.6,475.1;361.1,524.6;339.8,613.0;343.4,475.1;350.5,354.8;350.5,351.3;359.3,278.8;417.7,422.0;424.7,425.6;389.4,358.4;311.5,344.2;281.5,285.9;323.9,278.8
202#406.0,582.2;432.7,492.9;374.0,468.2;323.5,471.9;359.3,528.6;340.3,617.9;349.5,471.9;355.6,350.5;354.9,347.5;364.5,275.9;409.5,386.8;423.9,408.5;394.3,355.0;315.4,340.8;290.3,280.6;327.4,266.4
203#405.1,593.8;433.6,503.6;380.0,464.9;328.4,468.7;357.4,532.5;340.8,622.7;355.6,468.7;360.6,346.3;359.3,343.8;369.6,273.0;401.2,351.6;423.1,391.4;399.3,351.5;319.3,337.3;299.2,275.4;330.8,254.1
204#404.1,605.4;434.5,514.3;385.9,461.5;333.3,465.5;355.6,536.5;341.3,627.6;361.7,465.5;365.7,342.0;363.7,340.0;374.8,270.1;393.0,316.4;422.3,374.3;404.2,348.1;323.2,333.9;308.0,270.1;334.3,241.7
205#403.2,616.9;435.4,524.9;391.9,458.2;338.2,462.4;353.7,540.4;341.9,632.4;367.7,462.4;370.8,337.7;368.1,336.2;380.0,267.3;384.7,281.3;421.6,357.3;409.1,344.7;327.0,330.5;316.9,264.9;337.8,229.4
206#402.2,628.5;436.3,535.6;397.8,454.8;343.1,459.2;351.9,544.4;342.4,637.3;373.8,459.2;375.9,333.4;372.5,332.4;385.2,264.4;376.5,246.1;420.8,340.2;414.0,341.3;330.9,327.1;325.7,259.6;341.3,217.0
207#401.3,640.1;437.2,546.3;403.8,451.5;348.0,456.0;350.0,548.3;342.9,642.1;379.9,456.0;380.9,329.2;376.9,328.7;390.3,261.5;368.2,210.9;420.0,323.1;419.0,337.8;334.8,323.6;334.6,254.4;344.7,204.7
208#400.3,651.7;438.1,557.0;409.7,448.1;352.9,452.8;348.2,552.3;343.4,647.0;386.0,452.8;386.0,324.9;381.3,324.9;395.5,258.6;360.0,175.7;419.2,306.0;423.9,334.4;338.7,320.2;343.4,249.1;348.2,192.3
209#454.6,475.3;438.2,409.4;417.6,450.6;355.8,454.7;351.7,553.5;343.5,652.3;388.8,454.7;388.8,327.0;388.8,327.0;409.3,265.3;403.2,197.4;421.7,310.6;425.8,335.3;351.7,314.7;347.6,244.7;353.8,197.4
210#452.9,474.4;443.8,542.0;416.8,442.8;362.7,451.8;358.2,551.0;349.2,659.1;389.8,451.8;398.8,325.7;394.3,325.7;416.8,267.1;511.4,325.7;470.9,339.2;434.8,334.7;358.2,321.2;353.7,262.6;353.7,195.0
211#453.0,522.4;444.3,547.5;423.2,444.7;369.7,453.3;359.9,553.3;354.1,659.1;396.5,452.4;404.2,329.3;400.8,328.4;422.2,269.8;493.6,311.5;474.7,328.5;439.4,336.1;363.6,322.3;351.5,264.2;349.7,211.6
212#453.0,570.5;444.8,553.0;429.5,446.6;376.8,454.8;361.7,555.6;359.0,659.2;403.2,452.9;409.5,333.0;407.2,331.2;427.7,272.6;475.8,297.3;478.5,317.8;444.0,337.5;369.0,323.4;349.3,265.8;345.7,228.2
213#453.1,618.5;445.3,558.5;435.9,448.4;383.8,456.2;363.4,558.0;363.9,659.2;409.8,453.4;414.9,336.6;413.7,333.9;433.1,275.3;458.1,283.1;482.4,307.1;448.6,338.9;374.4,324.6;347.2,267.3;341.7,244.9
214#453.2,666.6;445.8,564.0;442.2,450.3;390.8,457.7;365.2,560.3;368.8,659.3;416.5,454.0;420.2,340.3;420.2,336.7;438.5,278.0;440.3,268.9;486.2,296.4;453.2,340.3;379.8,325.7;345.0,268.9;337.7,261.5
215#462.2,662.7;444.4,560.4;448.8,453.6;395.4,458.0;368.7,560.4;373.2,658.3;422.1,453.6;422.1,337.9;422.1,342.4;444.4,280.1;462.2,244.5;488.9,297.9;457.7,346.8;382.1,333.5;346.5,280.1;350.9,226.7
216#467.9,660.9;439.0,557.6;451.4,454.3;401.8,462.5;368.7,561.7;377.0,656.8;426.6,458.4;430.7,342.7;430.7,342.7;443.1,280.7;463.8,239.4;492.7,289.0;467.9,346.8;385.3,334.4;343.9,289.0;352.2,235.2
217#478.2,653.4;426.7,554.8;461.0,460.5;409.6,460.5;371.0,550.5;383.8,649.1;435.3,460.5;431.0,340.5;431.0,344.7;443.9,284.7;478.2,237.6;491.0,289.0;469.6,353.3;392.4,336.2;345.3,301.9;353.8,246.1
218#483.9,652.2;428.3,559.4;461.7,466.7;417.1,466.7;365.2,544.6;391.2,641.1;439.4,466.7;435.7,347.9;432.0,351.6;446.8,284.8;485.8,257.0;495.1,292.3;472.8,351.6;391.2,340.5;346.6,307.1;352.2,257.0
219#488.5,636.6;418.7,577.3;464.1,465.6;422.2,472.6;359.4,535.4;397.8,633.2;443.2,465.6;436.2,347.0;436.2,353.9;446.7,291.1;493.8,268.4;502.5,294.6;478.1,350.5;397.8,347.0;348.9,315.5;354.2,268.4
220#434.1,563.9;395.9,508.4;465.3,473.8;427.1,477.2;354.3,529.2;399.4,615.9;447.9,473.8;441.0,349.0;441.0,355.9;447.9,290.0;484.3,246.7;506.9,297.0;482.6,352.4;402.9,352.4;350.9,328.2;354.3,272.7
221#437.9,571.8;385.9,506.8;467.1,477.6;428.1,487.3;350.1,523.1;398.9,601.1;450.9,480.8;444.4,357.3;444.4,360.6;444.4,295.6;491.5,261.5;519.1,302.1;483.4,357.3;405.4,357.3;353.4,337.8;353.4,282.6
222#436.6,581.0;391.8,501.1;468.5,478.7;430.2,481.9;347.1,517.1;407.8,597.0;452.6,481.9;446.2,360.5;446.2,360.5;446.2,296.6;495.7,279.0;522.8,303.0;481.3,360.5;407.8,360.5;353.5,347.7;353.5,293.4
223#438.3,588.7;394.8,495.7;472.4,483.3;441.4,486.4;342.1,511.2;407.2,588.7;456.9,486.4;447.6,362.3;447.6,362.3;444.5,297.2;508.0,292.5;528.2,306.5;487.9,359.2;407.2,365.4;354.5,356.1;354.5,303.4
224#448.1,597.6;400.0,504.1;474.1,481.4;443.5,484.0;340.1,501.1;403.2,579.3;458.8,484.0;447.5,363.4;447.5,362.8;441.1,297.0;504.9,298.7;529.5,312.8;487.6,359.0;407.9,367.2;353.9,363.6;354.6,313.7
225#457.8,606.5;405.1,512.6;475.8,479.5;445.7,481.5;338.1,491.0;399.2,569.8;460.7,481.5;447.4,364.5;447.4,363.3;437.7,296.8;501.9,304.9;530.7,319.0;487.3,358.9;408.7,368.9;353.4,371.0;354.6,324.0
226#467.6,615.4;410.3,521.0;477.5,477.5;447.8,479.1;336.0,480.8;395.2,560.4;462.7,479.1;447.4,365.6;447.4,363.8;434.2,296.7;498.9,311.2;532.0,325.2;487.0,358.7;409.4,370.7;352.9,378.5;354.6,334.4
227#477.3,624.3;415.5,529.4;479.2,475.6;449.9,476.7;334.0,470.7;391.2,551.0;464.6,476.7;447.3,366.7;447.3,364.3;430.8,296.5;495.8,317.4;533.3,331.5;486.7,358.5;410.1,372.5;352.3,385.9;354.7,344.7
228#487.1,633.2;420.6,537.9;480.9,473.7;452.1,474.2;332.0,460.6;387.2,541.5;466.5,474.2;447.2,367.8;447.2,364.8;427.4,296.3;492.8,323.6;534.5,337.8;486.4,358.4;410.9,374.2;351.8,393.4;354.8,355.0
229#496.8,642.1;425.8,546.3;482.6,471.8;454.2,471.8;330.0,450.5;383.2,532.1;468.4,471.8;447.1,368.9;447.1,365.3;424.0,296.1;489.7,329.8;535.8,344.0;486.1,358.2;411.6,376.0;351.2,400.8;354.8,365.3
230#443.8,657.3;426.3,559.2;485.8,471.6;450.8,471.6;328.1,443.6;377.2,527.7;464.8,471.6;447.3,366.5;443.8,366.5;428.0,301.7;443.8,401.5;524.4,342.0;482.3,359.5;408.7,373.5;349.2,405.0;349.2,380.5
231#442.9,661.2;431.8,562.1;483.2,466.6;457.5,466.6;321.7,440.9;369.4,525.4;472.2,470.3;446.5,363.8;446.5,363.8;422.7,292.2;508.9,338.1;549.3,334.4;486.9,352.8;406.1,374.8;347.4,411.5;347.4,385.8
232#444.6,666.6;441.0,568.6;480.9,470.6;451.8,459.7;321.2,448.8;361.1,532.3;466.4,467.0;448.2,361.8;444.6,358.1;428.3,294.6;535.3,336.4;488.1,401.7;484.5,350.9;408.3,369.0;346.6,405.3;343.0,387.2
233#443.6,669.0;447.2,569.6;482.7,470.2;447.2,463.2;319.4,463.2;351.3,541.2;464.9,466.7;447.2,360.2;443.6,353.1;431.2,298.1;461.4,399.3;493.3,402.8;489.8,353.1;408.1,363.8;344.2,406.4;330.1,399.3
234#441.5,669.2;452.1,573.9;483.9,471.4;445.0,460.9;321.4,475.0;353.2,559.7;466.2,464.4;445.0,354.9;445.0,351.4;436.2,293.1;459.1,393.8;494.5,407.9;487.4,351.4;409.7,358.4;346.1,397.3;342.6,404.4
235#441.0,666.1;458.9,579.9;480.5,472.1;433.8,457.7;318.8,486.5;354.7,572.7;455.3,464.9;448.1,353.5;448.1,353.5;435.6,290.6;451.7,425.4;487.7,400.2;487.7,346.3;408.6,357.1;343.9,389.4;376.3,364.3
236#442.6,667.5;460.6,573.7;478.6,472.6;428.1,465.4;319.8,497.9;355.9,580.9;453.4,472.6;449.8,357.1;449.8,349.9;440.8,286.7;431.7,450.9;482.3,393.2;489.5,357.1;413.7,357.1;348.7,375.1;374.0,349.9
237#445.0,666.5;459.6,575.6;477.7,470.1;434.1,462.8;321.4,502.8;357.7,593.8;455.9,466.5;452.3,353.7;452.3,353.7;443.2,279.2;434.1,379.2;477.7,386.5;488.6,350.1;412.3,353.7;350.5,361.0;379.5,335.5
238#445.7,665.2;456.9,572.1;479.3,467.8;434.6,464.0;330.3,512.5;356.3,601.9;456.9,467.8;453.2,348.6;453.2,348.6;447.6,272.2;460.6,352.3;464.4,382.1;486.7,348.6;419.7,348.6;356.3,344.9;393.6,311.3
239#445.2,665.7;452.6,566.0;478.5,462.6;437.9,458.9;334.4,518.0;356.6,610.3;456.3,458.9;456.3,348.1;456.3,351.8;461.9,272.4;498.8,265.0;498.8,272.4;489.6,344.4;423.1,348.1;375.1,333.3;408.3,292.7
240#443.5,661.0;447.9,556.9;486.9,461.5;439.2,457.1;343.8,526.6;356.8,622.0;460.9,457.1;465.2,340.0;465.2,340.0;465.2,275.0;495.6,205.5;499.9,266.3;495.6,344.4;426.2,340.0;382.8,318.3;421.8,270.6
241#446.3,654.0;438.0,553.8;488.0,462.0;442.1,453.6;354.5,532.9;358.7,628.9;463.0,462.0;467.2,336.8;467.2,340.9;471.3,270.0;498.5,205.3;500.6,270.0;504.7,340.9;433.8,336.8;400.4,307.5;433.8,249.1
242#450.2,647.8;432.2,549.0;490.6,454.7;445.7,450.3;369.3,540.1;355.9,634.4;468.1,454.7;472.6,333.5;472.6,333.5;477.1,270.7;499.6,212.3;504.0,270.7;508.5,338.0;436.7,333.5;409.8,297.6;441.2,248.2
243#456.2,629.8;427.3,539.0;489.2,456.5;443.8,448.3;386.0,543.2;353.0,638.1;468.6,452.4;476.8,332.7;476.8,332.7;476.8,262.5;501.6,213.0;514.0,270.8;509.9,336.8;439.7,332.7;414.9,303.8;443.8,254.3
244#458.8,617.3;413.6,534.5;488.9,451.7;447.5,448.0;394.8,553.4;353.4,639.9;470.0,451.7;477.6,335.1;477.6,331.3;485.1,263.5;505.8,231.6;519.0,271.1;515.2,338.8;443.7,331.3;413.6,312.5;443.7,271.1
245#461.4,602.6;419.7,534.4;495.5,451.0;457.6,447.3;397.0,549.6;366.7,636.7;472.8,451.0;484.2,333.6;484.2,329.8;495.5,265.4;508.8,233.2;518.3,284.3;518.3,341.2;450.1,329.8;415.9,322.2;442.5,280.5
246#465.4,583.5;420.3,528.0;496.6,451.8;458.5,451.8;396.1,541.9;378.7,639.0;475.8,451.8;486.2,337.4;486.2,333.9;498.3,269.8;472.3,399.8;510.5,385.9;524.3,340.8;451.5,333.9;413.4,330.4;444.6,288.8
247#468.0,568.1;425.9,519.6;500.3,461.4;461.5,454.9;390.3,539.0;387.1,636.1;484.1,458.2;490.6,338.5;490.6,325.6;505.2,294.8;493.8,425.8;513.2,400.0;526.2,341.7;455.0,338.5;416.2,335.3;446.9,301.3
248#476.5,557.4;428.3,506.0;505.4,461.1;473.3,454.6;386.6,538.1;399.4,631.2;489.3,461.1;492.6,342.2;492.6,332.6;502.2,274.8;489.3,377.6;524.7,400.0;527.9,345.5;457.2,339.0;415.5,342.2;441.2,303.7
249#343.6,572.4;414.1,512.5;502.2,456.1;477.5,456.1;385.9,533.6;403.5,628.8;488.1,456.1;495.2,343.2;495.2,336.2;500.5,267.5;488.1,371.4;526.9,396.1;530.4,346.8;459.9,343.2;414.1,353.8;442.3,311.5
250#343.2,585.2;419.9,512.1;503.9,457.4;482.0,461.0;387.0,530.4;423.6,621.7;489.3,461.0;496.6,347.8;496.6,340.5;511.2,278.4;503.9,388.0;533.1,406.2;533.1,351.4;456.4,344.1;412.6,358.7;441.8,322.2
251#350.4,588.7;415.6,506.3;511.8,461.6;487.8,465.1;388.2,523.4;432.8,616.1;501.5,461.6;498.1,348.3;498.1,338.0;511.8,279.6;504.9,375.8;529.0,392.9;535.8,348.3;456.8,348.3;419.1,368.9;446.5,338.0
252#521.1,602.4;440.1,500.3;517.6,458.1;492.9,461.6;387.3,521.4;440.1,609.4;503.5,461.6;496.4,349.0;500.0,341.9;514.0,282.1;500.0,370.1;524.6,387.7;535.2,349.0;461.2,345.4;422.5,373.6;454.2,341.9
253#478.4,533.9;445.6,492.2;526.1,459.4;490.3,462.4;389.0,513.0;439.7,599.4;511.2,462.4;502.2,346.2;502.2,340.3;512.7,279.2;496.3,358.1;529.0,384.9;543.9,349.2;463.5,346.2;424.8,382.0;448.6,355.2
254#488.2,536.3;444.2,480.6;532.2,460.1;494.1,463.0;391.4,507.0;444.2,592.0;511.6,463.0;505.8,345.8;505.8,339.9;516.0,276.9;511.6,372.2;541.0,398.6;546.8,348.7;461.8,345.8;429.6,386.8;450.1,363.4
255#495.6,528.0;448.0,474.9;537.5,458.1;498.4,460.9;394.9,494.4;442.4,581.1;518.0,460.9;506.8,346.2;506.8,337.8;516.6,280.5;512.4,374.2;543.1,388.2;548.7,346.2;462.0,346.2;434.1,393.8;450.8,365.8
256#498.1,540.3;450.8,473.6;539.8,457.0;506.4,459.7;398.0,487.5;445.3,573.7;523.1,459.7;509.2,345.8;509.2,337.4;518.9,280.5;514.7,373.6;545.3,384.7;550.9,345.8;467.5,348.6;434.1,401.4;450.8,373.6
257#502.9,557.4;456.1,472.2;544.1,455.7;513.9,458.5;398.4,477.7;442.4,560.2;527.6,458.5;508.4,345.8;511.1,334.8;518.0,281.2;519.4,376.0;549.6,384.3;555.1,343.1;469.9,348.6;439.7,406.3;453.4,384.3
258#508.5,571.6;456.9,502.7;545.9,456.7;514.3,459.6;399.4,468.2;442.5,551.5;531.5,459.6;511.4,344.8;511.4,333.3;521.5,277.3;522.9,373.5;548.7,376.4;554.5,341.9;471.2,347.6;442.5,407.9;454.0,385.0
259#515.6,581.9;457.9,501.1;550.3,454.9;515.6,460.7;400.2,460.7;440.6,547.3;532.9,457.8;512.8,345.3;515.6,333.8;522.8,277.5;524.3,377.1;556.0,385.7;556.0,339.6;469.5,348.2;446.4,408.8;455.1,397.2
260#517.6,589.1;460.4,507.8;550.8,453.6;517.6,459.6;403.2,453.6;436.3,537.9;532.7,459.6;514.6,345.2;514.6,333.1;522.1,268.4;529.7,375.3;562.8,387.3;556.8,336.1;472.4,348.2;448.4,414.4;463.4,390.4
261#519.2,596.3;460.8,510.2;553.0,457.9;525.4,461.0;405.5,445.6;433.1,534.8;537.7,457.9;516.1,341.1;519.2,331.9;526.9,268.9;534.6,374.9;565.3,381.1;559.2,335.0;473.1,347.3;448.5,414.9;466.9,390.3
262#561.3,604.2;469.4,512.3;555.0,455.3;526.5,458.4;409.2,436.2;520.1,604.2;539.1,455.3;520.1,341.1;520.1,328.5;528.0,263.5;536.0,372.8;567.7,376.0;561.3,334.8;475.7,344.3;450.4,414.0;466.2,395.0
263#563.9,613.2;478.0,520.5;553.6,451.7;522.6,458.6;478.0,523.9;519.2,609.8;536.4,455.2;522.6,341.8;522.6,328.1;531.2,264.5;536.4,386.5;567.3,379.6;563.9,334.9;478.0,345.2;450.5,410.5;474.5,403.6
264#435.0,508.5;483.8,525.9;550.1,449.2;525.7,459.6;480.3,525.9;522.2,620.1;539.6,456.1;529.1,337.5;529.1,327.1;537.9,262.5;543.1,389.9;567.5,379.4;571.0,334.0;483.8,344.5;448.9,407.3;469.8,407.3
265#438.1,509.4;420.7,418.9;549.4,450.2;521.6,457.1;486.8,540.7;521.6,627.7;532.0,453.7;532.0,335.3;532.0,328.4;533.8,264.0;535.5,387.5;563.3,380.6;573.8,331.8;490.3,338.8;441.5,401.5;476.3,408.4
266#527.9,631.1;500.1,537.5;552.2,454.2;521.0,450.7;496.7,547.9;524.4,634.6;534.8,450.7;534.8,332.8;534.8,325.9;536.6,268.6;531.4,384.8;573.0,381.4;576.5,329.3;493.2,336.3;437.7,395.2;434.2,482.0
267#529.1,636.3;508.2,538.8;553.5,455.2;518.6,448.2;407.2,409.9;431.6,500.5;532.6,451.7;539.5,329.8;539.5,326.3;544.8,268.9;605.7,308.9;647.5,333.3;584.8,329.8;497.7,333.3;435.1,382.0;424.6,469.1
268#528.9,637.0;522.0,543.9;553.0,450.8;522.0,443.9;408.2,402.6;432.3,499.1;535.7,450.8;546.1,330.2;546.1,326.7;544.4,269.9;611.6,292.3;649.5,330.2;587.5,330.2;501.3,333.6;428.9,371.5;466.8,344.0
269#527.3,640.2;534.3,559.2;559.0,453.5;516.7,443.0;411.1,400.7;432.2,492.3;537.8,450.0;548.4,330.3;548.4,326.8;543.1,268.7;611.8,302.1;650.5,337.3;590.7,330.3;506.2,330.3;425.2,351.4;449.8,326.8
270#529.8,650.6;551.0,569.2;561.6,452.5;508.5,445.4;413.0,395.9;430.7,487.9;536.8,452.5;551.0,332.2;551.0,328.7;542.1,266.8;618.2,332.2;653.6,349.9;597.0,328.7;508.5,328.7;427.2,339.3;452.0,303.9
271#534.4,646.0;555.9,563.5;563.1,463.1;520.0,448.7;419.6,391.3;433.9,488.2;538.0,452.3;555.9,330.3;555.9,330.3;536.2,263.9;620.5,355.4;645.6,362.6;599.0,330.3;509.3,330.3;426.7,330.3;444.7,283.7
272#551.0,645.8;551.0,555.7;561.8,465.6;518.6,451.2;428.5,386.4;439.3,483.7;543.8,454.8;554.6,332.3;554.6,335.9;538.4,262.0;612.3,364.8;641.1,372.0;597.9,335.9;507.8,328.7;428.5,321.5;437.5,269.3
273#566.4,651.0;555.9,556.0;573.5,461.1;531.3,450.6;432.8,387.3;446.9,482.2;548.9,457.6;552.4,334.6;552.4,338.1;547.1,266.0;573.5,383.8;608.6,387.3;594.6,338.1;510.2,327.5;432.8,309.9;427.6,273.0
274#576.8,652.5;555.0,554.1;569.6,463.0;525.8,448.4;442.0,386.5;460.2,488.5;547.7,452.1;555.0,339.1;555.0,342.7;545.9,268.0;584.1,382.8;613.3,382.8;595.1,339.1;514.9,331.8;438.4,309.9;422.0,268.0
275#471.6,505.3;507.3,433.7;571.7,458.8;535.9,455.2;450.1,390.8;589.6,655.5;553.8,455.2;561.0,340.7;557.4,347.9;555.6,274.6;618.2,369.4;621.8,394.4;600.3,347.9;518.1,333.6;439.4,319.3;426.9,281.7
276#595.8,653.3;556.8,557.4;574.5,461.4;531.9,454.3;457.3,390.4;478.6,482.7;553.2,461.4;563.9,347.7;560.3,347.7;565.6,282.0;606.5,383.3;642.0,379.7;602.9,354.8;521.2,337.1;439.5,330.0;423.5,282.0
277#604.5,648.1;546.7,559.8;580.7,468.0;536.5,457.8;461.7,396.7;465.1,532.6;556.9,464.6;567.1,352.5;563.7,352.5;568.8,289.6;597.7,400.0;624.9,423.8;607.9,362.7;522.9,345.7;441.3,335.5;432.8,296.4
278#606.7,648.5;549.3,557.3;583.1,466.1;539.2,462.7;468.3,398.6;478.4,537.0;559.5,469.5;566.2,358.0;566.2,358.0;578.0,295.6;593.2,401.9;623.6,432.3;610.1,364.8;525.7,347.9;444.6,344.5;436.2,295.6
279#606.1,653.2;555.2,558.2;585.8,480.2;538.3,470.0;467.0,412.4;477.2,548.1;562.0,473.4;568.8,364.9;568.8,361.5;584.1,298.7;595.9,412.4;629.9,439.5;609.5,375.0;528.1,354.7;446.7,347.9;436.5,303.8
280#607.2,656.0;556.5,561.4;583.5,483.6;536.2,473.5;472.0,429.5;478.7,554.6;559.9,480.2;573.4,368.7;573.4,365.3;581.9,299.4;610.6,416.0;630.9,443.0;610.6,378.8;529.5,358.5;448.3,361.9;438.2,317.9
281#607.0,663.7;569.0,567.1;586.3,487.7;541.4,473.9;472.4,439.4;472.4,567.1;565.6,480.8;572.5,373.8;572.5,370.4;588.0,306.5;638.1,436.0;638.1,449.8;613.9,384.2;531.1,363.5;448.3,370.4;437.9,325.5
282#608.9,673.0;581.8,578.0;591.9,483.0;541.1,476.3;473.2,445.7;473.2,571.2;568.2,479.6;575.0,374.5;575.0,374.5;586.9,304.9;615.7,428.8;642.8,449.1;619.1,391.4;530.9,367.7;452.8,377.9;439.3,337.2
283#608.4,675.3;588.2,584.6;591.6,487.2;547.9,477.1;477.4,450.2;517.7,540.9;568.1,483.8;574.8,379.7;574.8,376.3;583.2,310.8;605.0,490.5;642.0,450.2;618.5,393.1;531.1,369.6;453.9,386.4;437.1,346.1
284#605.4,681.5;592.0,587.7;592.0,490.6;541.8,480.5;481.5,463.8;515.0,544.1;568.6,487.2;575.3,380.0;575.3,376.7;587.0,311.4;608.8,470.5;649.0,453.7;618.8,396.8;531.7,373.3;458.0,396.8;441.3,356.6
285#607.0,684.9;591.0,585.8;600.6,493.0;539.8,483.4;488.6,470.6;514.2,557.0;568.6,489.8;578.2,387.4;578.2,371.4;589.4,337.8;629.4,496.2;651.8,461.0;623.0,397.0;533.4,377.8;456.6,406.6;443.8,368.2
286#602.1,682.8;589.4,584.2;595.8,495.1;538.5,485.6;490.8,479.2;516.2,565.1;567.1,491.9;579.9,386.9;579.9,374.2;591.0,340.8;630.8,501.5;649.9,463.3;624.4,399.7;532.1,377.4;459.0,415.6;446.2,377.4
287#599.6,682.9;590.0,586.7;599.6,496.9;541.8,484.1;493.7,490.5;516.2,577.1;567.5,493.7;580.3,391.1;580.3,375.1;591.6,341.4;631.6,487.3;650.9,452.0;625.2,403.9;532.2,378.3;461.7,420.0;445.6,384.7
288#594.3,684.3;587.8,589.8;594.3,498.5;542.2,485.5;496.6,498.5;519.4,589.8;568.3,492.0;581.3,390.9;581.3,374.6;592.7,340.4;630.2,488.7;656.3,452.9;626.9,404.0;535.7,377.9;467.2,423.5;444.4,397.5
289#590.3,688.9;587.0,592.2;597.0,498.9;540.3,485.6;497.0,502.3;523.7,595.6;570.3,495.6;583.6,392.3;583.6,375.7;608.6,337.3;623.6,502.3;650.3,459.0;627.0,405.6;533.7,379.0;470.4,425.6;443.7,405.6
290#585.7,690.6;585.7,596.3;595.8,498.7;538.5,488.6;498.1,518.9;474.5,667.0;568.8,495.3;585.7,390.9;585.7,377.4;607.5,335.4;622.7,505.4;636.2,461.6;632.8,404.4;535.2,380.8;474.5,417.9;440.9,417.9
291#581.5,690.6;585.0,600.7;591.9,507.3;540.0,490.1;495.1,531.5;477.8,673.3;564.2,497.0;585.0,389.8;588.4,379.4;610.9,329.3;623.0,517.7;633.4,472.8;633.4,403.6;533.1,379.4;477.8,414.0;439.8,417.5
292#578.9,697.9;585.8,604.1;592.8,506.8;533.7,489.4;498.9,541.5;523.3,628.4;561.5,499.8;582.3,392.1;589.3,378.2;615.3,331.3;627.5,531.1;627.5,475.5;631.0,402.5;533.7,378.2;478.1,409.5;439.9,426.9
293#579.4,699.6;582.9,611.9;589.9,506.6;533.7,496.0;498.6,552.2;523.2,643.5;561.8,499.6;582.9,390.8;586.4,380.2;609.2,329.3;632.0,545.2;632.0,464.5;632.0,401.3;533.7,376.7;467.0,411.8;467.0,411.8
294#578.0,703.1;581.6,610.0;588.8,509.7;535.0,495.4;502.8,559.9;520.7,660.1;560.1,499.0;581.6,391.6;585.2,380.9;608.4,325.4;595.9,484.7;628.1,463.2;628.1,402.3;535.0,380.9;470.6,402.3;467.0,402.3
295#578.0,709.4;581.7,610.9;585.3,512.4;526.9,505.1;508.7,578.1;523.3,669.3;556.1,508.8;581.7,395.7;585.3,384.7;605.4,324.5;592.6,475.9;625.4,461.3;625.4,403.0;534.2,381.1;464.9,399.3;468.6,395.7
296#582.3,713.6;582.3,615.2;586.0,513.1;531.3,509.5;516.7,589.7;524.0,684.4;560.5,509.5;582.3,396.5;586.0,385.6;606.0,332.7;593.3,487.6;622.4,462.1;626.1,407.5;535.0,385.6;451.1,396.5;476.6,374.7
297#583.0,721.9;586.7,621.1;590.5,524.0;530.7,516.5;519.5,602.4;523.3,695.8;560.6,516.5;583.0,400.8;583.0,397.0;599.8,331.7;597.9,490.4;624.1,464.3;627.8,408.2;534.5,389.6;459.8,385.8;489.6,356.0
298#583.1,728.0;586.9,633.4;586.9,523.8;534.0,523.8;522.6,618.3;526.4,709.1;560.5,523.8;579.4,402.8;579.4,402.8;596.4,329.0;594.5,497.3;621.0,467.1;624.7,410.3;530.2,395.2;462.1,376.3;490.5,336.6
299#586.0,740.9;589.9,636.0;589.9,527.2;539.4,527.2;523.8,628.2;527.7,725.4;562.7,527.2;578.3,410.6;578.3,410.6;586.0,336.7;593.8,484.4;621.0,465.0;624.9,418.3;531.6,402.8;477.2,371.7;498.6,323.1
300#591.1,740.7;591.1,643.6;586.7,542.0;538.1,542.0;524.9,643.6;524.9,745.1;564.6,542.0;569.0,418.4;569.0,418.4;582.3,347.8;577.9,449.3;604.3,449.3;617.6,427.3;529.3,409.6;494.0,361.1;498.4,312.5
301#592.4,751.0;596.9,648.6;587.9,546.2;539.0,550.6;525.6,657.5;525.6,755.5;565.7,546.2;565.7,425.9;565.7,425.9;570.1,359.1;579.0,452.6;596.9,452.6;605.8,434.8;530.1,421.5;507.8,359.1;494.4,301.2
302#593.1,765.1;602.0,659.0;588.7,548.5;540.1,552.9;526.9,659.0;522.4,765.1;566.6,552.9;562.2,438.0;562.2,438.0;562.2,367.3;579.9,446.8;602.0,451.2;602.0,442.4;526.9,433.6;518.0,362.8;509.2,314.2
