1#919.3,897.9;914.2,813.6;931.4,703.4;883.2,710.3;872.8,823.9;891.8,897.9;907.3,706.8;893.5,576.0;890.1,565.6;886.6,500.2;914.2,627.6;900.4,551.9;927.9,569.1;855.6,579.4;817.7,582.9;821.2,534.7
2#919.4,898.3;914.2,813.8;931.5,703.5;883.2,710.4;872.8,820.7;884.9,898.3;907.3,706.9;893.5,575.8;890.1,565.5;886.6,500.0;914.2,627.6;900.4,551.7;928.0,568.9;852.1,575.8;817.6,582.7;821.1,534.4
3#888.1,896.6;884.3,805.1;922.4,709.8;869.1,709.8;850.0,805.1;880.5,888.9;895.8,709.8;880.5,561.2;880.5,549.8;880.5,485.0;914.8,485.0;930.1,504.1;918.6,557.4;838.6,561.2;808.1,584.1;815.7,534.6
4#886.9,857.2;863.3,776.4;903.7,688.8;849.8,692.1;816.1,779.7;883.5,843.8;873.4,692.1;866.7,540.5;866.7,533.8;863.3,466.4;900.4,469.8;937.4,496.7;907.1,537.2;826.3,543.9;799.3,577.6;812.8,530.4
5#869.7,777.9;859.2,711.5;883.7,662.6;831.3,662.6;782.3,749.9;862.7,830.3;855.7,662.6;841.7,526.3;841.7,515.8;840.0,444.2;894.2,459.9;925.6,477.4;887.2,515.8;796.3,529.8;785.8,582.2;817.3,564.7
6#867.5,769.7;843.4,700.8;871.0,631.9;815.8,635.3;746.9,711.1;829.6,780.1;843.4,635.3;826.2,507.8;826.2,497.4;827.9,426.7;857.2,435.4;871.0,542.2;867.5,497.4;777.9,511.2;764.1,559.5;795.1,538.8
7#866.4,762.9;824.3,671.7;855.8,622.7;796.2,626.2;701.6,661.2;778.7,748.9;827.8,622.7;810.3,489.4;810.3,478.9;805.0,410.5;824.3,528.0;855.8,531.5;855.8,482.4;764.7,492.9;733.1,531.5;757.7,521.0
8#864.1,762.9;821.9,664.5;839.5,615.2;772.7,608.2;667.3,604.7;720.0,706.6;804.4,615.2;790.3,471.1;790.3,464.1;792.1,392.0;797.3,509.8;839.5,513.3;832.5,467.6;748.1,471.1;695.4,495.7;727.0,492.2
9#862.8,767.4;820.3,669.7;816.1,597.5;752.4,589.0;637.7,559.3;654.7,661.2;786.4,593.2;773.6,453.1;773.6,448.8;769.4,380.8;756.6,325.6;807.6,380.8;816.1,453.1;726.9,457.3;675.9,448.8;714.1,397.8
10#858.8,760.2;816.6,661.7;788.4,573.2;728.1,565.2;619.5,512.9;595.4,613.4;756.3,569.2;752.2,436.5;752.2,432.5;748.2,364.1;720.1,295.7;768.3,352.0;792.5,432.5;712.0,440.5;651.7,408.3;659.8,336.0
11#849.2,762.8;800.2,655.1;766.0,567.0;697.4,562.1;604.5,488.7;555.5,576.8;731.7,567.0;731.7,430.0;731.7,425.1;721.9,351.7;707.2,297.8;736.6,371.3;770.9,430.0;687.7,425.1;633.8,385.9;624.0,332.1
12#826.5,756.8;782.1,651.8;737.7,563.0;665.0,550.9;580.2,470.1;519.7,546.8;701.4,554.9;701.4,425.7;701.4,421.7;693.3,349.0;703.4,314.7;733.6,357.1;741.7,425.7;661.0,425.7;612.5,409.6;620.6,349.0
13#795.2,744.3;759.0,635.5;702.5,566.9;630.0,550.8;565.5,466.2;488.9,530.7;670.3,554.9;674.3,429.9;674.3,425.9;670.3,349.3;698.5,333.1;726.7,369.4;718.6,421.8;630.0,429.9;601.7,417.8;617.9,365.4
14#740.6,739.2;737.0,620.4;679.4,570.0;603.8,555.6;557.0,465.7;481.4,530.4;639.8,562.8;654.2,440.5;657.8,433.3;654.2,354.1;697.4,354.1;719.0,400.9;701.0,429.7;607.4,436.9;557.0,476.5;614.6,372.1
15#675.7,712.4;720.2,613.1;648.3,582.3;576.4,568.6;525.1,476.1;484.0,551.5;614.1,575.4;627.8,441.9;631.2,441.9;634.6,366.6;692.9,373.4;703.1,424.8;675.7,441.9;579.9,438.5;542.2,489.8;490.8,537.8
16#622.9,711.0;680.3,613.0;622.9,579.3;562.0,572.5;504.6,481.3;487.7,575.9;589.1,575.9;606.0,440.7;606.0,440.7;617.8,371.5;690.4,393.4;693.8,447.5;649.9,447.5;562.0,440.7;504.6,488.0;487.7,572.5
17#604.1,733.1;631.7,626.0;600.6,577.6;531.5,563.8;486.6,494.7;486.6,594.9;566.1,570.7;586.8,442.9;586.8,439.4;592.0,382.4;683.6,411.8;683.6,467.1;635.2,446.3;535.0,439.4;503.9,487.8;483.2,539.6
18#608.3,742.8;597.3,647.0;582.5,580.7;516.2,565.9;468.3,499.6;475.6,610.1;549.4,569.6;567.8,440.6;567.8,436.9;569.6,372.4;682.0,436.9;667.3,477.5;619.4,444.3;516.2,436.9;479.3,503.3;460.9,569.6
19#575.0,742.2;585.6,653.6;567.9,575.6;500.5,561.5;461.5,536.6;479.2,635.9;532.4,568.5;553.7,437.4;553.7,430.3;566.1,375.4;670.7,448.0;649.4,490.6;603.3,444.5;504.1,426.8;450.9,529.6;472.1,575.6
20#539.5,740.0;574.9,633.8;553.7,577.2;482.9,559.5;458.1,563.0;479.4,651.5;521.8,566.6;539.5,439.2;539.5,435.6;559.0,373.7;674.0,463.9;638.6,499.3;589.1,446.2;490.0,425.0;429.8,407.3;481.1,380.8
21#523.3,718.5;568.2,612.3;547.8,567.4;474.3,555.2;462.0,559.2;474.3,669.5;511.0,567.4;535.5,436.7;535.5,436.7;551.9,359.1;670.3,477.6;629.5,506.1;584.5,449.0;486.5,424.5;429.4,395.9;457.9,334.6
22#520.6,692.1;565.3,598.9;546.7,569.1;475.9,554.2;464.7,595.2;475.9,688.4;505.7,565.4;535.5,438.7;535.5,435.0;557.9,364.2;669.7,498.3;628.7,520.7;587.7,449.9;490.8,423.8;438.6,386.5;438.6,326.9
23#535.6,660.4;570.9,579.1;546.2,572.0;479.0,565.0;457.8,603.8;472.0,706.3;514.4,572.0;542.6,441.3;542.6,437.8;563.8,367.1;666.3,519.0;623.9,529.6;588.6,459.0;493.2,423.6;436.6,391.8;436.6,342.4
24#557.6,637.0;580.6,575.7;557.6,568.0;492.5,568.0;465.7,629.3;473.3,728.9;526.9,568.0;546.1,445.4;549.9,437.8;576.7,372.7;672.5,537.4;626.5,541.2;595.9,460.8;496.3,426.3;438.8,414.8;438.8,365.0
25#582.7,624.5;589.9,592.1;575.4,574.0;514.1,577.6;474.4,660.6;470.8,750.8;543.0,574.0;561.0,447.8;561.0,444.2;588.1,373.8;680.1,556.0;636.8,548.8;611.5,469.4;514.1,426.1;442.0,433.4;438.4,390.1
26#612.0,626.8;612.0,578.5;586.0,574.8;522.9,578.5;496.9,678.8;470.9,767.9;556.3,578.5;574.8,448.6;574.8,448.6;599.0,379.9;675.1,574.8;649.1,541.4;626.8,467.1;526.6,433.7;448.6,456.0;441.2,415.2
27#614.5,632.0;633.6,586.2;606.9,571.0;538.3,582.4;507.8,677.7;481.1,780.7;576.4,578.6;584.0,452.8;584.0,452.8;605.0,382.3;683.2,582.4;679.3,536.7;633.6,460.4;534.5,441.4;465.8,479.5;446.8,437.6
28#621.7,678.9;603.7,610.6;625.3,578.3;564.2,578.3;510.3,660.9;510.3,775.9;592.9,578.3;589.3,456.1;592.9,452.5;612.7,389.6;693.5,549.5;707.9,520.8;639.6,463.3;539.0,448.9;474.3,495.6;449.2,456.1
29#620.5,699.4;597.8,608.8;636.7,576.4;575.1,579.6;510.4,650.9;536.3,751.3;604.3,579.6;601.0,459.8;601.0,450.1;618.9,409.6;633.4,527.8;649.6,518.1;652.9,463.1;542.8,459.8;484.5,514.9;448.8,479.2
30#617.4,714.2;594.3,618.3;650.5,585.3;587.7,585.3;515.0,628.3;554.7,727.4;617.4,585.3;604.2,466.3;600.9,453.1;612.5,401.9;617.4,509.3;640.6,502.7;650.5,463.0;548.0,466.3;495.2,529.1;452.2,499.4
31#621.6,739.4;594.9,636.2;651.5,592.9;591.6,589.6;508.4,612.9;558.3,702.8;621.6,589.6;604.9,466.5;604.9,459.8;609.9,401.6;689.8,401.6;731.4,436.5;661.5,459.8;548.3,469.8;505.1,539.7;441.8,526.4
32#618.6,762.6;597.6,661.4;653.5,591.6;587.2,588.1;503.4,595.1;552.3,678.9;618.6,591.6;601.1,469.5;601.1,459.0;602.9,394.4;674.4,445.0;719.8,410.1;657.0,455.5;548.8,476.5;506.9,546.3;447.5,542.8
33#620.5,784.9;605.8,677.5;644.9,599.4;576.6,594.6;503.3,570.2;537.5,658.0;610.7,599.4;605.8,462.8;605.8,457.9;596.1,389.6;693.7,321.2;703.5,384.7;649.8,448.1;557.0,477.4;508.2,545.8;449.7,560.4
34#615.0,801.7;615.0,691.9;634.1,596.4;576.8,591.6;519.5,553.4;519.5,639.4;610.3,596.4;600.7,457.9;600.7,457.9;595.9,386.3;705.8,314.6;686.7,376.7;648.5,438.8;548.2,477.0;500.4,543.9;443.1,582.1
35#621.8,810.3;621.8,703.1;621.8,596.0;568.2,579.5;506.4,542.4;502.3,616.6;601.2,587.7;601.2,451.7;601.2,455.9;588.8,381.7;710.4,354.9;700.1,377.6;650.6,431.1;543.5,472.4;489.9,525.9;448.7,571.3
36#634.4,803.5;622.1,705.2;613.9,594.6;552.5,582.4;486.9,529.1;495.1,611.0;585.2,586.5;589.3,455.4;589.3,459.5;583.2,375.5;722.4,367.3;716.3,406.2;646.7,439.0;532.0,471.8;474.7,520.9;421.4,545.5
37#638.5,803.4;619.7,697.7;600.8,595.7;540.3,580.6;472.3,520.1;483.7,614.6;574.3,584.3;585.7,455.9;585.7,459.7;583.8,382.3;727.3,382.3;721.6,425.7;646.1,448.4;525.2,463.5;457.2,508.8;419.5,505.0
38#640.2,804.6;618.4,699.3;596.6,597.7;538.6,583.1;455.0,535.9;480.5,634.0;571.2,586.8;578.5,456.1;578.5,452.4;587.6,392.5;718.3,399.8;720.1,448.8;633.0,445.2;520.4,456.1;444.2,485.1;422.4,470.6
39#628.3,800.1;613.2,687.4;598.2,585.9;534.3,574.6;440.4,552.1;481.7,649.8;568.2,582.2;575.7,450.6;575.7,446.9;585.1,377.4;722.2,413.1;710.9,461.9;632.0,450.6;519.3,446.9;429.1,446.9;442.3,384.9
40#618.0,798.1;605.7,683.2;597.5,580.6;531.8,568.3;441.5,568.3;478.5,666.8;564.6,576.5;572.8,441.1;572.8,441.1;579.0,361.1;716.5,428.8;700.1,478.0;630.3,449.3;519.5,432.9;453.8,404.2;472.3,352.9
41#608.6,778.0;584.6,662.8;603.8,581.3;541.4,571.7;450.2,581.3;479.0,686.8;575.0,576.5;579.8,432.5;584.6,432.5;589.4,355.7;714.2,442.1;695.0,490.1;632.6,442.1;536.6,422.9;493.4,374.9;498.2,317.3
42#602.5,738.1;552.3,641.5;610.3,579.6;548.4,564.2;467.2,595.1;482.7,711.0;579.3,568.0;594.8,428.9;590.9,425.0;606.4,355.4;718.5,459.8;691.4,494.6;641.2,440.5;548.4,413.4;521.4,355.4;534.9,330.3
43#593.9,693.3;548.6,610.9;614.5,569.7;556.9,557.3;482.7,610.9;482.7,726.2;585.7,565.6;606.3,425.5;606.3,421.4;622.8,347.3;717.5,475.0;692.8,507.9;647.5,437.9;565.1,409.0;532.2,367.9;563.0,312.2
44#601.3,654.1;559.2,603.5;622.4,561.4;555.0,561.4;504.4,633.0;483.4,738.3;588.7,561.4;618.2,422.4;622.4,418.2;643.4,346.5;719.3,489.8;689.8,506.6;664.5,435.0;576.0,405.5;533.9,388.7;559.2,333.9
45#595.3,640.2;609.8,582.2;635.2,553.2;573.6,549.5;526.4,647.5;479.3,745.4;602.6,549.5;635.2,415.3;635.2,411.7;658.8,341.0;718.6,513.3;700.5,509.6;678.7,433.5;588.1,400.8;537.3,400.8;562.7,350.1
46#607.1,669.1;621.7,585.2;650.9,545.0;588.8,537.7;534.1,632.6;493.9,749.4;621.7,541.4;639.9,417.2;643.6,417.2;660.0,342.4;723.9,526.8;712.9,508.5;691.0,435.5;596.1,402.6;537.7,417.2;563.3,369.8
47#599.4,684.5;625.6,583.4;659.3,545.9;606.9,538.4;528.2,617.1;520.8,740.6;633.1,542.2;644.3,414.9;644.3,414.9;657.4,338.1;722.9,538.4;726.7,512.2;693.0,429.9;595.6,392.4;547.0,433.6;558.2,388.7
48#705.5,578.5;638.3,564.3;680.8,543.1;613.5,543.1;532.2,606.8;553.4,720.0;648.9,539.6;645.4,412.2;648.9,408.7;647.1,346.8;723.2,550.2;740.9,490.0;694.9,419.3;599.4,405.2;560.5,451.1;564.0,405.2
49#681.4,622.4;646.3,559.2;684.9,534.6;621.7,534.6;547.9,587.3;572.5,692.7;649.8,534.6;642.8,411.6;642.8,404.6;648.0,343.1;720.1,503.0;758.7,467.8;691.9,415.1;597.1,408.1;569.0,467.8;569.0,432.7
50#664.4,635.5;648.4,562.1;683.5,533.3;629.3,533.3;559.0,565.3;587.8,667.4;658.0,533.3;642.0,412.1;645.2,399.3;650.0,340.3;725.0,450.4;709.0,482.3;689.9,412.1;597.3,412.1;575.0,482.3;591.0,450.4
51#667.5,651.6;652.5,561.6;697.5,534.5;637.5,531.5;574.5,546.6;598.5,645.6;664.5,528.5;643.5,414.5;643.5,396.5;645.0,352.9;712.5,465.5;721.5,495.5;691.5,411.5;595.5,417.5;583.5,495.5;589.5,465.5
52#667.3,676.9;651.6,589.1;695.5,535.7;629.6,535.7;585.7,526.3;607.6,620.4;657.8,535.7;645.3,416.4;645.3,397.6;637.4,355.2;717.5,535.7;714.3,485.5;689.2,407.0;595.1,419.6;573.1,488.6;570.0,476.1
53#668.3,694.5;657.5,603.7;688.3,532.9;620.6,536.0;596.0,520.6;602.1,591.4;651.4,532.9;642.1,415.9;642.1,403.6;642.1,339.0;746.8,326.6;737.6,372.8;697.6,406.7;592.9,422.1;568.3,495.9;586.7,486.7
54#662.9,712.6;662.9,612.4;674.0,534.5;610.9,530.8;599.8,519.7;666.6,701.4;644.3,534.5;636.9,412.1;636.9,415.9;631.3,336.1;742.6,343.5;740.7,360.2;696.2,401.0;585.0,423.3;566.4,497.5;562.7,527.1
55#665.2,733.4;665.2,623.6;665.2,536.5;604.7,536.5;657.7,616.0;665.2,722.0;635.0,536.5;627.4,407.8;627.4,411.6;614.1,337.8;759.9,373.8;733.4,385.1;676.6,392.7;578.2,419.2;555.5,494.9;555.5,532.8
56#667.2,741.9;663.2,636.1;659.1,538.5;598.1,542.5;651.0,632.0;663.2,672.7;626.6,538.5;614.4,404.2;614.4,404.2;604.2,324.9;760.8,379.8;732.3,392.0;667.2,396.1;565.5,412.3;541.1,501.8;549.3,538.5
57#671.2,760.3;659.5,643.2;647.8,522.1;581.4,522.1;651.7,635.4;663.4,725.2;616.5,522.1;604.8,401.1;600.9,377.7;597.0,444.1;640.0,487.0;741.5,389.4;655.6,397.2;554.1,408.9;526.7,490.9;546.2,529.9
58#674.6,737.5;658.7,630.2;638.8,526.8;579.2,526.8;575.2,518.9;591.1,582.5;611.0,526.8;591.1,395.7;591.1,383.8;581.2,322.1;742.1,411.6;710.3,407.6;638.8,391.7;543.4,399.7;511.6,471.2;551.3,487.1
59#680.4,725.2;664.1,602.9;623.3,517.3;562.2,521.4;607.0,562.1;607.0,635.5;594.8,517.3;586.7,390.9;586.7,382.8;588.7,311.4;737.5,419.4;704.9,419.4;639.6,386.8;537.7,395.0;501.1,452.1;554.0,464.3
60#684.4,697.4;680.7,580.3;620.2,512.3;556.0,512.3;620.2,561.5;605.1,648.3;586.2,512.3;582.4,383.9;582.4,380.1;584.3,310.3;733.5,440.6;692.0,429.2;631.6,380.1;537.1,387.7;518.2,436.8;563.6,436.8
61#684.9,676.5;696.2,564.3;613.9,500.7;554.0,504.5;621.4,549.3;602.6,654.1;583.9,504.5;580.2,381.0;580.2,377.3;589.6,304.4;707.4,452.1;684.9,437.1;632.6,381.0;535.3,384.8;475.5,407.2;509.1,407.2
62#687.8,645.6;705.8,541.7;612.6,491.6;551.7,502.3;612.6,559.6;598.3,663.5;580.4,498.7;580.4,380.5;580.4,376.9;582.2,314.3;695.0,455.8;677.1,434.3;630.5,380.5;533.8,376.9;487.3,366.2;523.1,348.3
63#695.1,624.1;718.0,517.0;611.0,494.1;549.8,494.1;611.0,578.2;595.7,685.3;584.2,497.9;580.4,375.5;580.4,379.4;578.5,308.6;698.9,459.7;683.6,436.7;626.3,379.4;534.5,375.5;492.4,337.3;524.9,316.3
64#689.0,592.6;722.9,494.9;621.4,502.4;565.0,513.6;595.1,592.6;598.8,701.5;591.3,509.9;580.1,370.8;580.1,374.6;574.4,316.4;700.3,438.5;689.0,427.2;625.2,378.4;535.0,370.8;521.8,323.9;561.3,427.2
65#683.8,570.9;719.0,474.3;626.8,505.1;560.9,518.2;587.2,610.4;596.0,720.2;596.0,513.8;582.9,368.9;582.9,377.7;571.9,296.5;692.6,430.4;710.2,421.6;631.1,377.7;543.3,364.6;517.0,311.9;528.0,287.7
66#674.0,552.5;713.2,461.2;630.6,504.7;569.8,526.4;578.4,626.4;587.1,726.3;600.2,513.4;587.1,365.6;587.1,370.0;580.6,298.2;700.1,409.1;708.8,404.7;639.3,374.3;543.7,356.9;508.9,322.2;519.8,298.2
67#673.1,555.7;711.9,460.9;630.0,499.7;561.1,521.2;574.0,624.6;578.3,732.4;595.5,508.3;595.5,366.1;591.2,370.4;584.8,299.3;655.9,383.4;703.3,374.7;647.2,370.4;543.8,357.5;500.7,340.3;541.7,299.3
68#674.5,583.3;709.9,484.4;630.3,497.2;561.8,511.5;559.6,611.4;574.4,709.4;597.8,502.9;594.2,366.4;590.2,369.3;579.3,297.5;640.4,392.2;683.9,393.6;644.2,369.3;543.1,359.5;504.8,363.5;539.3,329.0
69#676.0,610.9;708.0,507.9;630.6,494.6;562.4,501.8;545.3,598.1;570.5,686.5;600.1,497.5;592.9,366.7;589.1,368.1;573.9,295.6;625.0,401.1;664.6,412.4;641.1,368.1;542.3,361.5;509.0,386.7;536.9,358.8
70#677.4,638.5;706.0,531.4;630.9,492.1;563.1,492.1;530.9,584.9;566.6,663.5;602.4,492.1;591.6,367.0;588.1,367.0;568.4,293.8;609.5,409.9;645.2,431.3;638.1,367.0;541.6,363.5;513.1,409.9;534.5,388.5
71#674.6,654.5;692.8,545.3;627.2,487.0;565.3,483.4;510.7,552.5;554.4,629.0;594.5,487.0;583.5,366.9;579.9,363.2;559.9,292.2;605.4,406.9;641.8,421.5;627.2,359.6;532.6,370.5;518.0,425.1;521.6,406.9
72#673.2,672.8;673.2,557.9;630.1,489.6;569.0,486.1;497.2,522.0;536.7,604.6;597.8,489.6;576.2,363.9;572.6,360.3;549.3,293.9;597.8,407.0;640.9,421.4;619.3,360.3;525.9,374.7;518.7,435.8;464.9,392.7
73#669.0,688.1;661.5,579.5;627.8,489.7;567.9,485.9;489.3,497.2;523.0,583.3;597.8,489.7;564.2,358.6;560.4,354.9;536.1,285.6;586.6,399.8;611.0,285.6;609.1,343.7;519.2,373.6;496.8,429.8;470.5,418.5
74#674.7,696.4;651.3,587.2;616.2,489.7;557.6,481.9;475.7,462.4;506.9,559.9;588.9,485.8;557.6,353.2;553.7,349.3;526.4,283.0;592.8,283.0;624.0,306.4;604.5,337.6;510.8,368.8;467.9,431.2;499.1,458.5
75#683.9,689.6;652.0,585.7;600.0,493.7;540.0,489.7;472.0,449.7;488.0,545.7;568.0,489.7;548.0,353.8;544.0,353.8;520.0,285.8;580.0,281.8;594.0,275.8;604.0,337.8;496.0,365.8;452.1,405.8;488.0,389.8
76#674.9,681.6;652.2,572.1;580.5,496.7;531.5,496.7;471.1,440.1;467.3,542.0;554.1,496.7;535.2,364.6;535.2,364.6;510.7,291.0;595.6,326.9;618.3,360.8;588.1,349.5;482.4,372.2;437.1,387.2;448.5,379.7
77#663.9,657.1;649.2,554.4;575.8,499.3;517.2,499.3;476.8,466.3;454.8,543.3;542.8,499.3;524.5,371.0;520.8,371.0;509.8,301.3;586.8,326.9;575.8,385.6;572.2,371.0;473.1,374.6;436.5,371.0;454.8,323.3
78#649.2,627.2;639.0,545.4;567.4,507.9;502.6,521.5;468.5,473.8;448.1,555.6;533.3,514.7;512.8,381.8;512.8,381.8;506.0,313.6;594.6,364.7;601.5,405.6;560.6,381.8;468.5,385.2;441.3,361.3;431.0,317.0
79#626.6,598.7;615.0,522.9;556.7,514.1;489.7,514.1;469.3,493.8;440.1,584.1;521.7,514.1;510.1,391.8;507.1,383.0;507.1,321.8;597.5,383.0;606.2,426.7;553.8,394.7;463.4,388.8;431.4,368.4;434.3,333.5
80#610.2,586.1;596.9,508.6;554.1,511.2;489.9,508.6;463.2,513.9;436.4,604.8;514.0,508.6;508.6,401.6;508.6,390.9;506.0,334.8;524.7,444.4;556.8,447.1;551.4,404.3;468.5,396.3;431.1,401.6;428.4,358.8
81#593.5,582.1;588.0,519.4;552.6,524.9;490.0,522.2;454.6,524.9;435.6,625.6;522.7,524.9;509.1,407.8;509.1,399.6;510.4,341.1;520.0,437.8;563.5,459.5;552.6,413.3;465.5,405.1;424.7,424.1;422.0,388.8
82#581.3,590.4;581.3,510.1;557.2,536.9;493.0,536.9;452.8,544.9;436.8,646.6;525.1,536.9;511.7,413.8;511.7,397.7;507.7,364.3;592.0,456.6;600.0,480.7;557.2,416.5;466.2,413.8;423.4,443.2;423.4,411.1
83#555.4,594.3;581.9,505.8;558.4,526.5;493.5,526.5;458.2,567.7;431.6,665.0;525.9,526.5;517.1,414.5;517.1,408.6;512.7,357.0;549.5,458.7;602.6,491.1;561.3,414.5;472.9,414.5;428.7,464.6;422.8,441.0
84#538.1,628.0;544.2,558.0;571.6,524.5;501.5,521.4;461.9,576.2;434.5,679.7;535.0,524.5;522.8,414.8;522.8,405.7;518.3,358.5;562.4,478.8;611.1,494.0;565.5,411.8;477.2,414.8;449.8,460.5;422.4,463.6
85#533.4,658.0;548.3,571.4;569.2,514.6;512.5,511.6;464.7,577.3;431.8,684.8;542.3,514.6;527.4,413.1;524.4,398.2;519.9,363.8;581.1,484.8;608.0,466.8;569.2,410.1;482.6,413.1;446.8,469.8;428.8,475.8
86#534.0,674.3;540.3,582.0;578.5,518.3;514.9,518.3;470.3,572.4;444.8,677.5;546.7,518.3;534.0,413.2;530.8,403.7;519.6,360.7;597.6,476.9;648.6,461.0;578.5,413.2;489.4,416.4;448.0,476.9;425.7,499.2
87#535.8,684.4;543.1,591.6;574.9,520.1;511.4,518.2;483.4,577.7;443.1,662.7;543.1,518.2;534.5,411.5;531.8,401.6;525.5,360.2;607.3,465.9;649.8,453.3;580.2,410.2;488.8,415.5;447.7,477.1;429.1,504.9
88#537.7,694.4;545.8,601.3;571.3,522.0;507.8,518.0;496.5,583.1;441.3,647.9;539.6,518.0;535.0,409.8;532.9,399.5;531.4,359.7;616.9,454.9;650.9,445.6;581.8,407.2;488.2,414.6;447.4,477.3;432.6,510.6
89#539.5,704.5;548.6,611.0;567.7,523.8;504.3,517.9;509.7,588.4;439.6,633.0;536.0,517.9;535.6,408.1;533.9,397.4;537.2,359.1;626.6,443.9;652.1,437.9;583.5,404.1;487.6,413.6;447.2,477.4;436.0,516.2
90#541.3,714.6;551.4,620.6;564.1,525.7;500.8,517.8;522.8,593.7;437.9,618.2;532.4,517.8;536.1,406.4;535.0,395.3;543.1,358.6;636.3,432.9;653.3,430.2;585.2,401.1;487.0,412.7;446.9,477.6;439.4,521.9
91#543.2,724.6;554.1,630.2;560.5,527.5;497.2,517.6;535.9,599.1;436.1,603.4;528.9,517.6;536.6,404.7;536.0,393.2;549.0,358.1;645.9,421.9;654.4,422.5;586.8,398.1;486.4,411.8;446.6,477.8;442.9,527.6
92#545.0,734.7;556.9,639.9;556.9,529.4;493.7,517.5;549.0,604.4;434.4,588.6;525.3,517.5;537.1,403.0;537.1,391.1;554.9,357.6;655.6,410.9;655.6,414.8;588.5,395.1;485.8,410.9;446.3,478.0;446.3,533.3
93#538.7,732.8;576.2,620.3;542.1,514.7;501.2,504.4;559.2,559.0;436.5,620.3;521.7,504.4;531.9,392.0;530.2,380.0;593.2,698.7;538.7,726.0;559.2,664.6;584.7,386.9;484.2,398.8;446.7,463.6;473.9,467.0
94#549.7,700.2;604.7,593.6;539.4,507.7;501.6,504.2;584.1,555.8;556.6,638.3;522.2,507.7;532.5,387.4;536.0,377.1;561.8,344.4;646.0,432.1;628.8,435.5;584.1,390.8;484.4,390.8;450.0,442.4;494.7,445.8
95#568.1,682.4;629.0,585.8;553.8,510.6;510.8,510.6;586.0,567.9;550.2,678.8;532.3,510.6;539.5,388.9;543.0,374.5;559.2,333.4;639.7,446.1;632.6,439.0;582.4,388.9;492.9,388.9;496.5,446.1;568.1,467.6
96#597.8,651.0;656.5,563.0;568.5,508.0;517.2,519.0;586.8,570.3;557.5,662.0;542.8,515.3;542.8,387.0;542.8,379.7;559.3,326.5;649.1,460.3;627.2,434.7;583.2,387.0;498.8,387.0;509.8,442.0;542.8,460.3
97#630.1,623.8;677.5,539.9;582.7,507.1;524.4,518.1;586.3,587.4;553.5,682.2;553.5,510.8;549.9,383.2;549.9,379.5;551.7,326.6;648.3,470.7;644.7,448.8;590.0,386.8;506.1,383.2;513.4,434.2;549.9,459.7
98#653.3,596.5;687.6,512.6;588.5,508.8;539.0,516.4;577.1,600.3;554.2,703.2;561.9,512.6;558.0,383.1;558.0,383.1;563.8,316.4;657.1,459.3;657.1,451.7;600.0,383.1;516.1,379.3;481.8,413.6;481.8,383.1
99#668.6,574.4;687.3,488.7;605.2,503.6;553.0,514.8;568.0,611.7;553.0,723.6;575.4,503.6;575.4,380.5;571.7,373.1;573.5,319.0;672.3,451.4;672.3,447.6;612.7,380.5;538.1,376.8;485.9,399.2;485.9,395.4
100#677.2,548.9;681.8,461.9;617.7,498.6;567.4,516.9;562.8,622.1;553.7,727.4;594.9,503.1;590.3,375.0;590.3,365.8;594.9,288.0;668.1,434.5;695.5,434.5;631.5,379.6;549.1,375.0;517.1,402.5;480.5,411.6
101#671.3,550.3;679.5,476.7;631.6,503.8;577.3,517.3;566.4,622.5;557.8,726.5;606.0,506.8;604.3,378.5;604.3,375.0;609.3,299.1;671.7,405.2;706.9,415.6;647.3,381.6;561.2,377.2;532.1,381.3;509.6,378.9
102#665.3,551.8;677.3,491.6;645.5,509.0;587.2,517.7;570.1,623.0;561.8,725.6;617.2,510.5;618.2,382.1;618.2,384.2;623.6,310.1;675.3,375.9;718.2,396.7;663.1,383.6;573.3,379.5;547.0,360.0;538.7,346.1
103#659.4,553.2;675.0,506.4;659.4,514.2;597.1,518.1;573.7,623.4;565.9,724.7;628.3,514.2;632.2,385.6;632.2,393.4;638.0,321.2;678.9,346.6;729.6,377.8;678.9,385.6;585.4,381.7;562.0,338.8;567.8,313.4
104#653.1,585.3;677.4,512.4;669.3,512.4;604.5,520.5;584.3,613.7;580.2,719.0;636.9,516.5;645.0,395.0;645.0,403.1;645.0,330.1;699.7,316.0;726.0,362.5;693.6,390.9;596.4,395.0;560.0,362.5;578.2,316.0
105#658.4,608.8;650.9,548.7;680.9,514.9;617.1,511.2;583.3,612.5;594.6,706.4;647.1,514.9;654.6,398.5;654.6,406.0;650.9,334.7;716.6,321.6;729.7,361.0;703.4,391.0;605.8,398.5;560.8,376.0;575.8,338.5
106#659.9,628.5;638.6,550.4;688.3,522.0;631.5,525.5;574.7,603.7;606.6,688.9;659.9,522.0;663.4,404.8;663.4,408.4;651.0,339.1;729.1,339.1;748.6,376.4;713.1,401.3;613.7,401.3;564.0,397.7;574.7,365.8
107#660.9,645.7;641.3,564.0;696.8,528.1;644.6,531.3;569.4,586.9;618.4,668.6;670.7,528.1;667.4,407.2;667.4,407.2;656.0,350.0;727.9,356.5;762.2,387.5;716.5,403.9;621.7,403.9;572.7,413.7;569.4,384.3
108#662.3,662.6;636.9,586.5;706.7,532.6;649.6,519.9;560.8,561.1;617.9,634.1;681.3,529.4;675.0,408.9;671.8,399.4;654.3,353.4;735.2,374.0;773.3,393.0;719.4,405.7;627.4,405.7;579.8,427.9;573.5,402.5
109#663.4,681.0;646.4,598.1;707.1,532.5;653.6,518.9;557.1,541.2;611.9,619.5;683.8,526.5;673.1,407.5;671.0,399.9;653.5,346.7;736.5,385.6;779.9,396.9;716.9,404.1;627.2,405.4;577.5,438.2;570.7,416.2
110#664.4,699.5;656.0,609.7;707.6,532.5;657.7,517.9;553.3,521.3;605.8,604.9;686.2,523.7;671.3,406.2;670.2,400.5;652.8,340.0;737.7,397.1;786.5,400.9;714.4,402.6;627.1,405.1;575.1,448.6;567.8,429.8
111#665.5,717.9;665.5,621.3;708.0,532.4;661.7,516.9;549.6,501.4;599.8,590.3;688.7,520.8;669.4,404.8;669.4,401.0;652.0,333.3;739.0,408.7;793.1,404.8;711.9,401.0;626.9,404.8;572.8,458.9;565.0,443.5
112#664.7,727.8;677.3,627.0;710.9,526.1;677.3,500.9;547.1,509.3;580.7,601.8;694.1,513.5;673.1,400.1;668.9,391.7;650.0,343.4;736.1,395.9;786.5,391.7;715.1,395.9;631.1,400.1;572.3,463.1;563.9,471.5
113#666.4,720.3;688.1,615.8;709.7,514.8;659.2,504.0;543.8,532.8;579.9,626.6;684.5,507.6;677.3,392.2;677.3,381.4;664.6,339.9;756.6,377.8;785.4,374.2;724.1,388.6;630.4,395.8;576.3,442.7;605.1,431.9
114#666.8,719.0;689.1,615.1;707.7,511.1;655.7,492.5;555.5,548.2;581.5,648.5;681.7,500.0;681.7,388.6;681.7,388.6;676.1,319.9;765.2,327.3;759.7,358.9;726.3,381.2;637.1,392.3;585.2,425.7;603.7,414.6
115#672.3,712.0;687.9,614.6;711.3,505.5;652.8,497.7;567.1,556.2;582.7,661.4;680.1,505.5;687.9,380.8;691.8,384.7;685.9,316.5;763.9,316.5;748.3,324.3;730.7,373.0;648.9,380.8;609.9,388.6;652.8,365.3
116#677.5,702.1;677.5,599.4;717.9,511.3;659.2,496.6;585.8,570.0;582.1,676.5;688.5,504.0;695.9,379.2;699.6,375.5;697.7,322.3;695.9,390.2;721.6,430.6;736.3,382.9;655.5,371.9;637.2,375.5;666.5,346.2
117#682.2,682.6;667.0,587.3;716.5,495.9;667.0,484.4;613.6,575.9;583.1,686.4;689.8,492.1;708.9,370.1;708.9,370.1;708.9,301.5;743.2,297.7;754.6,320.6;750.8,366.3;663.1,373.9;674.6,396.8;686.0,381.6
118#692.0,655.8;667.3,585.3;730.8,497.1;670.8,483.0;632.0,578.2;596.7,673.5;699.0,490.1;720.2,373.7;720.2,370.1;718.4,308.4;716.7,419.5;748.4,437.1;762.5,373.7;674.3,366.6;656.7,398.3;684.9,401.9
119#697.2,620.7;665.8,571.9;746.0,498.6;690.2,488.2;630.9,571.9;616.9,676.5;718.1,495.1;725.1,380.0;725.1,376.5;726.8,308.5;725.1,418.4;753.0,435.8;766.9,383.5;683.2,373.0;655.3,411.4;686.7,401.0
120#707.4,596.2;669.3,537.3;749.0,506.1;700.5,499.2;627.7,575.4;634.6,662.1;724.7,502.6;724.7,384.8;728.2,381.3;740.3,313.7;728.2,422.9;762.9,433.3;766.3,388.2;686.6,377.8;658.9,426.4;690.1,422.9
121#714.0,584.0;687.8,528.1;760.0,508.4;710.8,501.9;628.7,574.1;658.2,659.5;733.7,508.4;727.2,393.5;730.5,387.0;743.6,324.6;737.0,426.4;766.6,439.5;773.1,393.5;684.5,390.2;661.5,446.1;691.1,436.2
122#715.7,584.8;706.2,537.4;772.6,508.9;715.7,505.8;633.5,569.0;671.5,644.8;747.3,505.8;731.5,398.3;731.5,385.7;742.6,343.0;750.5,448.9;778.9,448.9;778.9,398.3;684.1,398.3;668.3,461.5;693.6,452.0
123#722.6,605.5;691.9,535.8;781.1,510.7;728.1,507.9;641.7,560.9;680.7,633.4;750.4,507.9;733.7,399.1;736.5,393.5;743.5,341.9;758.8,435.4;783.9,443.7;781.1,399.1;686.3,401.9;675.1,471.6;691.9,457.7
124#729.0,630.8;697.0,566.8;784.2,511.6;731.9,505.8;647.6,549.4;685.4,622.1;761.0,508.7;740.6,407.0;740.6,389.6;747.9,350.3;766.8,453.5;792.9,459.3;790.0,407.0;688.3,407.0;682.5,476.7;702.8,459.3
125#730.4,657.0;703.9,574.5;792.3,515.5;742.2,506.7;653.8,539.1;689.2,612.8;765.8,509.6;745.2,406.5;745.2,397.6;749.6,349.0;777.6,456.6;812.9,468.4;792.3,406.5;695.1,409.4;683.3,477.2;703.9,474.3
126#734.7,672.9;709.5,590.8;791.6,518.1;731.6,508.6;655.7,527.6;684.2,606.6;763.2,514.9;750.5,410.6;750.5,404.3;755.3,349.0;788.5,454.9;835.9,461.2;794.8,410.6;703.1,410.6;687.3,477.0;706.3,480.2
127#738.9,691.8;718.7,601.1;789.3,527.2;742.2,517.1;654.9,513.7;678.4,594.4;769.1,520.4;762.4,416.3;759.0,406.2;767.4,350.8;772.5,460.0;796.0,449.9;806.1,416.3;715.4,412.9;685.1,473.4;705.3,466.7
128#738.5,705.5;735.1,614.6;792.4,527.0;741.8,513.6;654.3,500.1;677.9,584.3;765.4,523.7;772.2,412.6;772.2,402.4;777.2,360.4;866.4,419.3;883.3,442.9;822.7,419.3;725.0,412.6;674.5,463.1;704.8,449.6
129#741.2,710.5;760.4,614.6;795.6,525.0;738.0,512.2;651.6,486.6;677.2,573.0;766.8,521.8;779.6,413.0;779.6,400.2;781.2,369.8;875.6,445.0;885.2,451.4;830.8,419.4;728.4,409.8;670.8,451.4;702.8,435.4
130#754.0,722.5;777.2,633.3;790.4,524.1;737.5,510.9;654.8,474.5;678.0,563.8;764.0,520.8;787.1,418.3;787.1,415.0;792.1,363.8;876.4,448.1;876.4,471.2;836.7,428.2;744.1,408.4;671.4,431.6;687.9,424.9
131#776.3,723.4;779.7,627.5;796.2,531.6;733.4,515.1;667.2,472.1;697.0,558.1;766.4,521.7;792.9,422.5;796.2,415.9;811.1,387.8;872.2,472.1;859.0,488.6;835.9,432.4;749.9,409.3;670.5,478.7;700.3,541.5
132#803.8,710.8;781.7,628.9;800.6,531.1;747.1,521.7;674.5,471.2;718.7,553.2;772.3,524.8;803.8,430.3;808.5,409.8;802.2,403.5;870.0,493.3;847.9,502.8;841.6,436.6;764.4,409.8;743.9,487.0;728.1,546.9
133#821.7,692.9;779.5,629.7;803.6,533.4;755.4,515.4;683.2,473.2;818.6,695.9;782.5,527.4;806.6,434.1;812.6,428.1;829.2,402.5;866.8,509.3;848.7,509.3;848.7,449.1;764.5,419.0;692.2,422.1;665.1,425.1
134#823.1,704.2;782.9,623.9;804.5,540.5;755.1,521.9;718.0,497.2;745.8,565.2;782.9,531.2;813.8,444.7;813.8,435.4;843.2,403.0;872.5,521.9;850.9,515.8;854.0,457.1;773.6,423.1;693.3,426.2;742.7,555.9
135#823.2,709.4;803.8,625.2;810.3,534.5;761.7,518.3;703.3,511.8;755.2,586.3;787.6,524.7;820.0,440.5;820.0,440.5;857.2,393.5;871.8,534.5;865.3,511.8;855.6,453.5;781.1,424.3;722.8,440.5;683.9,443.7
136#829.5,718.4;813.1,626.9;816.4,532.1;760.8,509.2;718.3,525.5;760.8,600.7;787.0,522.3;819.7,447.1;819.7,443.8;860.5,389.9;855.6,528.8;875.3,509.2;858.9,460.2;783.7,424.2;711.8,456.9;679.1,466.7
137#827.3,718.0;817.7,619.3;817.7,526.9;757.2,511.0;731.7,542.8;760.4,616.1;785.9,517.3;820.9,440.9;820.9,444.1;862.3,389.9;846.4,517.3;887.8,507.8;859.2,456.8;779.5,428.2;709.4,469.6;693.5,460.0
138#822.5,715.0;822.5,624.8;822.5,524.4;759.0,511.1;738.9,561.2;765.7,631.4;785.7,521.1;819.2,440.9;822.5,437.5;857.6,385.7;852.6,537.8;886.0,501.0;859.3,450.9;779.0,424.1;708.8,470.9;688.8,477.6
139#816.4,714.7;819.7,624.0;819.7,526.6;762.6,509.8;745.8,577.0;769.3,647.5;789.5,523.2;823.1,435.9;826.4,429.2;858.3,383.8;849.9,533.3;883.5,506.4;863.4,449.3;779.4,422.4;712.2,466.1;692.1,486.3
140#813.2,712.1;820.2,617.6;816.8,519.6;764.2,512.6;746.8,593.1;771.2,666.6;792.2,519.6;827.2,432.1;827.2,425.1;857.0,377.9;844.8,537.1;876.2,505.6;869.2,442.6;778.2,418.1;708.2,456.6;722.2,460.1
141#817.0,711.5;820.6,615.4;824.1,519.2;767.2,515.7;752.9,604.7;770.7,683.0;792.1,519.2;827.7,433.8;827.7,423.1;850.8,371.5;841.9,512.1;877.6,501.4;870.4,437.3;777.9,419.5;706.6,448.0;749.4,440.9
142#822.5,708.2;825.9,620.6;822.5,519.5;772.0,516.2;761.9,617.3;772.0,701.5;795.6,519.5;825.9,428.6;829.3,421.8;844.4,366.2;842.7,489.2;873.1,496.0;873.1,435.3;782.1,418.5;711.3,435.3;758.5,421.8
143#829.8,706.9;833.2,622.3;829.8,517.4;775.6,517.4;772.2,629.1;772.2,717.1;802.7,514.0;823.0,429.4;823.0,422.6;841.6,363.4;836.5,476.8;867.0,483.5;867.0,432.8;772.2,419.2;731.6,415.8;758.7,378.6
144#839.1,713.7;839.1,627.7;831.9,512.9;781.7,516.5;778.1,642.0;774.5,731.7;810.4,512.9;814.0,426.9;806.8,412.5;817.6,484.2;853.4,634.8;860.6,466.3;849.8,426.9;770.9,437.6;788.9,484.2;796.0,487.8
