1#432.6,745.3;470.9,741.5;497.7,680.2;467.1,691.7;470.9,787.4;501.5,867.9;482.4,687.9;455.6,588.3;455.6,584.4;444.1,519.3;424.9,542.3;459.4,553.8;486.2,576.8;424.9,592.1;386.6,580.6;379.0,542.3
2#427.8,749.3;424.1,666.6;480.5,681.6;454.2,692.9;454.2,783.2;491.8,862.1;465.4,685.4;446.6,580.1;450.4,576.4;450.4,508.7;424.1,550.0;454.2,561.3;484.2,580.1;416.6,587.6;382.7,576.4;379.0,542.5
3#471.7,833.3;427.8,745.5;468.1,668.7;431.5,668.7;435.1,774.7;475.4,847.9;449.8,668.7;438.8,566.2;435.1,566.2;453.4,504.0;413.2,544.3;442.5,555.3;471.7,566.2;405.9,566.2;373.0,573.5;376.6,540.6
4#456.0,802.6;413.7,735.7;448.9,647.6;413.7,654.6;396.1,749.8;456.0,820.2;431.3,651.1;427.8,556.0;427.8,552.5;438.4,485.5;399.6,545.4;438.4,545.4;463.0,556.0;396.1,556.0;364.4,573.6;371.4,538.4
5#414.2,738.2;377.0,666.7;437.0,632.4;402.7,641.0;359.8,718.2;434.2,792.6;419.9,635.2;417.0,546.5;417.0,532.2;418.4,473.6;394.1,529.4;417.0,540.8;451.4,540.8;382.7,549.4;356.9,566.6;371.2,532.2
6#410.3,731.3;377.1,664.8;424.1,620.6;385.4,628.9;319.0,687.0;382.6,753.4;407.5,623.3;399.2,529.2;399.2,518.2;400.6,458.7;385.4,526.5;421.4,545.8;435.2,523.7;366.0,532.0;343.9,554.1;360.5,526.5
7#409.4,725.4;369.9,649.3;409.4,609.8;367.1,609.8;285.3,649.3;338.8,719.8;389.6,609.8;384.0,511.1;384.0,502.6;382.6,444.8;392.4,539.3;431.9,536.5;420.6,511.1;350.1,513.9;319.1,542.1;336.0,533.6
8#409.1,725.2;373.4,656.9;394.2,597.4;355.6,594.5;302.1,603.4;290.2,686.6;376.4,594.5;367.5,499.4;367.5,487.5;371.9,426.6;352.6,499.4;394.2,508.3;403.1,493.5;334.8,502.4;290.2,517.2;317.0,502.4
9#409.7,724.2;378.4,655.5;375.3,577.4;334.7,574.3;237.9,568.1;247.3,655.5;353.4,574.3;353.4,483.7;353.4,477.5;355.0,410.4;447.1,486.9;447.1,493.1;384.7,480.6;319.1,483.7;266.0,483.7;294.1,483.7
10#395.9,711.6;368.6,643.7;353.8,567.8;310.8,562.6;222.8,542.6;213.5,620.6;331.5,563.6;333.5,469.6;332.5,465.9;332.8,400.2;405.7,452.8;407.6,466.1;364.6,467.3;299.1,471.6;250.6,467.7;275.5,457.1
11#382.1,699.1;358.8,632.0;332.2,558.2;286.8,550.9;207.7,517.0;179.6,585.8;309.7,552.8;313.5,455.6;311.6,454.4;310.5,390.0;364.2,418.6;368.1,439.1;344.6,454.0;279.1,459.4;235.2,451.7;257.0,430.5
12#368.4,686.5;349.0,620.2;310.6,548.7;262.9,539.2;192.5,491.5;145.8,550.9;287.8,542.1;293.6,441.5;290.7,442.8;288.2,379.8;322.8,384.4;328.6,412.0;324.5,440.7;259.0,447.2;219.8,435.7;238.4,403.9
13#354.6,673.9;339.2,608.4;289.1,539.1;239.0,527.5;177.4,465.9;111.9,516.0;266.0,531.4;273.7,427.4;269.8,431.2;266.0,369.6;281.4,350.3;289.1,385.0;304.5,427.4;239.0,435.1;204.4,419.7;219.8,377.3
14#317.6,658.1;307.7,568.9;261.4,525.9;215.2,519.3;165.6,449.9;106.1,506.1;238.3,519.3;251.5,426.8;251.5,420.2;251.5,357.4;281.3,350.8;291.2,390.5;287.9,426.8;215.2,423.5;205.3,413.6;225.1,370.6
15#109.7,513.5;152.6,451.0;191.7,474.4;189.7,488.1;140.9,445.1;109.7,513.5;193.6,482.2;226.9,419.7;232.7,404.1;244.4,359.2;264.0,372.9;267.9,413.9;264.0,421.7;193.6,411.9;174.1,435.4;142.9,445.1
16#230.8,523.2;258.1,535.0;224.9,497.9;178.0,493.9;123.3,439.3;109.7,517.4;201.5,495.9;215.1,408.0;217.1,390.4;222.9,347.5;277.6,370.9;283.5,408.0;250.3,410.0;178.0,404.1;193.6,413.9;199.5,398.2
17#211.0,627.8;219.7,549.0;211.0,493.5;161.3,481.8;108.8,438.0;111.7,522.7;187.6,490.6;202.2,397.2;202.2,391.3;209.5,328.5;275.2,373.8;278.1,408.8;243.1,400.1;164.3,394.2;111.7,470.2;105.9,508.1
18#209.5,621.7;203.7,543.5;197.9,485.5;151.6,476.8;102.3,442.0;108.1,529.0;174.8,482.6;192.1,387.0;192.1,378.3;193.6,321.8;273.3,381.2;267.5,413.1;235.6,389.9;151.6,378.3;119.7,384.1;154.5,384.1
19#187.0,605.2;201.0,540.7;187.0,481.7;139.3,470.5;102.8,450.9;108.4,535.1;164.6,476.1;184.2,380.7;184.2,369.5;191.2,311.9;274.0,391.9;262.8,414.4;226.3,383.5;144.9,369.5;91.6,361.0;139.3,363.9
20#166.4,584.3;195.0,512.9;180.7,467.2;132.2,458.7;106.5,464.4;109.3,547.2;157.9,464.4;177.9,373.0;180.7,361.6;190.7,305.9;266.4,398.7;252.1,415.8;220.7,378.7;217.8,378.7;77.9,338.7;97.9,344.4
21#107.9,557.1;105.0,464.3;125.3,452.6;183.4,455.5;195.0,484.6;157.2,557.1;151.4,455.5;177.5,365.6;177.5,354.0;189.2,295.9;90.5,290.1;87.6,327.8;136.9,351.1;215.3,377.2;247.2,420.7;264.6,409.1
22#108.6,565.0;105.6,482.3;126.3,455.7;185.4,458.7;194.2,473.5;164.7,532.5;155.9,458.7;179.5,358.3;179.5,349.4;194.2,293.3;79.1,272.6;93.8,314.0;138.1,343.5;217.9,373.0;244.4,423.3;265.1,417.3
23#111.1,580.3;108.1,489.9;144.3,447.6;189.6,450.7;195.6,474.8;180.5,504.9;168.4,447.6;183.5,354.2;186.5,345.1;204.6,287.8;81.0,284.8;93.1,321.0;144.3,339.1;225.7,369.2;240.8,408.4;255.9,441.6
24#110.3,593.0;116.8,512.1;158.9,450.5;197.7,450.5;120.0,515.3;204.2,482.9;175.0,450.5;194.5,346.9;197.7,337.2;217.1,285.4;84.4,298.3;94.1,334.0;155.6,334.0;230.1,359.9;246.3,402.0;256.0,434.3
25#109.3,590.9;134.5,518.4;203.9,442.7;162.9,449.0;137.7,524.7;109.3,594.0;188.1,449.0;203.9,341.8;207.0,335.5;225.9,275.6;84.1,313.5;103.0,345.0;241.7,354.5;162.9,335.5;99.8,345.0;84.1,307.2
26#260.1,487.7;251.0,433.4;223.9,442.5;175.6,445.5;148.4,505.8;127.3,593.3;202.7,442.5;208.8,339.9;211.8,324.8;228.4,287.0;263.1,472.6;266.1,415.3;248.0,348.9;169.5,333.8;112.2,354.9;88.1,327.8
27#223.7,518.1;203.0,456.3;235.4,429.7;194.2,432.7;144.1,497.5;150.0,585.9;208.9,432.7;214.8,338.4;214.8,329.6;225.1,275.1;259.0,420.9;297.3,400.3;256.1,344.3;170.6,332.6;120.6,362.0;91.1,335.5
28#228.5,551.5;216.5,470.5;246.5,431.5;195.5,434.5;144.5,488.5;171.5,569.5;222.5,431.5;222.5,341.5;222.5,329.5;224.0,271.0;303.5,371.5;309.5,374.5;267.5,341.5;177.5,338.5;129.5,377.5;96.5,356.5
29#242.8,590.9;230.3,506.4;252.2,440.6;202.1,437.4;139.4,481.3;180.2,556.5;227.2,440.6;224.0,340.3;224.0,334.0;231.9,269.8;324.3,346.6;330.5,359.1;271.0,340.3;180.2,343.4;139.4,387.3;101.8,377.9
30#252.3,621.5;249.1,535.0;258.7,451.8;201.0,451.8;136.9,471.0;181.8,544.7;233.0,451.8;229.8,352.5;226.6,346.1;231.4,283.6;300.3,298.0;329.1,342.9;271.5,349.3;185.0,355.7;143.4,400.5;104.9,400.5
31#258.9,639.3;255.5,553.1;265.8,470.3;210.6,466.8;141.6,470.3;179.6,542.7;241.7,466.8;234.8,363.3;234.8,359.9;241.7,297.8;291.7,285.7;314.1,325.4;272.7,359.9;189.9,366.8;145.1,415.1;103.7,422.0
32#262.1,656.9;255.6,568.5;268.7,489.9;216.3,483.3;150.8,473.5;180.3,548.8;242.5,486.6;239.2,381.8;239.2,375.2;242.5,313.0;293.3,301.5;298.2,319.5;278.5,375.2;196.6,385.1;154.1,434.2;108.2,444.0
33#264.6,677.6;261.1,589.7;271.7,508.7;222.4,494.6;155.5,484.1;183.7,561.5;247.0,505.2;240.0,403.1;240.0,392.6;243.5,332.7;243.5,438.3;285.7,445.4;278.7,399.6;197.8,410.2;155.5,455.9;116.8,466.5
34#265.3,690.8;262.0,608.4;271.9,529.3;222.4,519.4;159.8,506.2;189.5,575.5;248.8,522.7;242.2,427.1;242.2,413.9;247.2,352.9;248.8,466.7;285.1,466.7;281.8,420.5;199.4,430.4;156.5,476.5;113.6,489.7
35#261.2,715.4;264.5,626.5;271.1,540.9;218.4,537.6;162.4,527.7;198.6,590.3;244.7,537.6;244.7,445.4;244.7,432.2;251.3,372.9;257.9,501.4;281.0,488.2;284.3,445.4;205.2,448.7;155.8,494.8;109.7,491.5
36#265.4,735.3;268.4,645.4;268.4,570.5;217.5,561.6;172.5,543.6;202.5,612.5;244.4,564.6;247.4,468.7;247.4,453.7;257.9,404.3;253.4,516.6;274.4,507.6;283.4,462.7;208.5,468.7;157.6,513.6;115.6,504.6
37#274.7,748.7;271.4,670.6;268.2,592.6;222.6,582.8;170.6,569.8;203.1,634.9;245.4,589.3;248.6,488.5;248.6,478.8;261.7,420.2;248.6,517.8;277.9,530.8;281.2,488.5;212.9,488.5;157.6,524.3;144.6,508.0
38#283.2,761.9;276.8,679.2;273.6,615.7;219.6,609.3;168.7,583.9;210.1,657.0;245.0,609.3;248.2,510.7;251.4,501.2;260.9,443.9;254.6,536.2;283.2,552.1;283.2,510.7;216.4,510.7;152.8,529.8;159.2,504.4
39#288.9,785.6;279.8,707.0;273.8,637.5;225.4,628.5;168.0,601.3;213.3,676.8;249.6,634.5;249.6,531.8;252.6,525.7;260.2,466.8;252.6,495.5;267.7,516.7;282.8,534.8;216.4,531.8;159.0,525.7;195.2,483.4
40#292.7,801.8;286.1,723.3;276.3,654.7;227.3,651.4;175.0,631.8;214.2,700.4;250.2,654.7;250.2,550.0;250.2,546.8;260.0,487.9;281.2,463.4;286.1,497.7;282.9,553.3;214.2,546.8;181.5,520.6;220.7,484.7
41#299.3,819.2;292.9,741.9;276.8,677.5;228.5,674.3;177.0,651.8;218.9,725.8;251.0,674.3;251.0,564.9;251.0,568.1;257.5,510.2;281.6,473.2;286.5,519.8;283.2,571.3;218.9,561.7;199.5,526.3;222.1,497.3
42#307.6,823.5;301.4,748.7;279.6,695.8;236.0,692.7;183.1,667.8;223.5,748.7;257.8,695.8;251.6,583.7;251.6,583.7;254.7,527.7;260.9,627.3;285.8,627.3;285.8,586.8;220.4,577.5;208.0,543.3;220.4,515.2
43#315.2,832.4;312.2,747.2;282.9,706.1;235.9,709.1;186.0,685.6;224.2,767.8;259.4,709.1;253.5,600.5;256.5,600.5;253.5,541.8;262.3,632.8;288.8,647.4;288.8,600.5;221.2,597.5;221.2,541.8;231.5,528.5
44#321.5,832.0;324.4,756.6;289.6,713.1;237.3,713.1;193.8,704.4;225.7,785.6;263.5,713.1;260.5,614.5;257.6,611.6;257.6,553.6;269.3,646.4;295.4,663.8;292.5,614.5;225.7,611.6;225.7,553.6;238.8,543.5
45#330.5,824.1;327.8,736.9;293.5,721.0;243.3,721.0;201.0,721.0;230.0,803.0;267.0,721.0;264.4,625.9;264.4,623.3;260.4,566.5;275.0,657.6;298.7,660.3;296.1,625.9;230.0,623.3;222.1,578.3;239.3,561.2
46#337.8,817.1;335.2,728.8;295.1,731.5;249.6,731.5;209.5,736.9;233.6,819.7;271.0,731.5;268.3,635.2;268.3,629.9;264.3,572.4;279.0,664.7;300.4,662.0;300.4,629.9;236.2,637.9;230.9,619.2;238.9,584.4
47#338.8,802.0;338.8,727.1;307.7,734.8;261.2,734.8;217.2,747.7;235.3,830.5;284.5,734.8;271.5,636.5;271.5,636.5;267.7,578.4;267.7,578.4;310.3,605.5;305.2,634.0;235.3,641.7;227.6,595.2;236.6,583.5
48#340.0,792.1;348.4,713.7;320.4,733.3;270.0,741.7;225.2,761.3;236.4,845.3;295.2,733.3;275.6,640.9;275.6,635.3;265.8,586.3;310.6,591.9;331.6,618.5;312.0,635.3;239.2,643.7;216.8,632.5;222.4,612.9
49#336.4,776.4;336.4,728.0;326.3,735.7;275.3,745.8;229.4,771.3;237.0,852.9;303.3,738.2;280.4,646.4;277.8,638.8;268.9,586.5;224.3,631.2;323.7,669.4;308.4,638.8;247.2,654.1;231.9,643.9;234.5,628.6
50#242.1,854.6;236.8,775.5;294.8,738.6;334.3,728.1;239.4,775.5;242.1,854.6;313.2,736.0;281.6,646.4;279.0,641.2;273.7,588.5;223.6,643.8;223.6,651.7;250.0,654.3;310.6,643.8;329.0,680.7;339.6,759.7
51#249.6,852.5;263.1,766.0;333.4,741.7;292.9,749.8;233.4,779.5;252.3,857.9;311.8,744.4;284.8,655.2;284.8,647.1;278.0,599.8;222.6,655.2;349.6,620.0;322.6,644.4;252.3,663.3;211.8,671.4;225.3,652.5
52#263.7,851.1;235.1,780.9;289.7,752.3;331.3,736.7;242.9,778.3;263.7,851.1;310.5,741.9;287.1,656.0;287.1,650.8;283.2,597.5;227.3,666.4;216.9,684.6;255.9,666.4;318.3,648.2;344.3,617.0;340.4,597.5
53#276.7,845.8;240.7,778.9;292.1,753.2;330.7,740.3;240.7,781.5;276.7,850.9;310.2,742.9;289.6,660.6;289.6,655.4;281.9,604.0;225.3,676.0;235.6,694.0;261.3,670.9;323.0,650.3;341.0,616.9;339.7,582.1
54#287.2,845.8;263.5,774.8;295.1,759.0;329.3,751.1;247.8,782.7;292.5,851.0;313.5,753.8;289.8,667.0;289.8,661.8;281.9,609.2;229.4,688.0;245.1,698.6;260.9,669.6;316.1,661.8;342.4,695.9;347.7,719.6
55#289.8,853.8;257.2,783.6;304.8,758.5;317.4,753.5;254.7,786.1;297.3,858.9;319.9,753.5;289.8,673.3;289.8,665.8;282.3,613.1;227.1,698.4;244.7,698.4;262.2,673.3;317.4,665.8;345.0,635.7;337.4,598.0
56#290.6,848.5;266.7,782.2;301.2,753.0;319.8,750.3;261.4,790.1;295.9,864.4;314.5,753.0;287.9,676.1;287.9,668.1;282.6,615.1;224.3,713.2;242.8,715.9;258.8,684.0;319.8,668.1;348.9,646.9;341.0,609.8
57#332.3,789.3;320.1,725.9;339.6,757.6;303.0,764.9;264.0,784.4;286.0,864.9;320.1,757.6;288.4,679.6;286.0,672.3;283.5,618.7;227.5,718.6;247.0,725.9;251.8,689.4;251.8,689.4;349.3,650.4;334.7,618.7
58#327.7,789.5;308.5,722.2;332.5,755.9;291.6,770.3;262.8,775.1;274.8,854.4;308.5,763.1;286.8,678.9;284.4,671.7;284.4,618.8;318.1,724.6;351.7,654.9;315.7,671.7;250.8,688.5;245.9,739.0;229.1,717.4
59#323.4,799.1;311.6,720.5;335.2,755.9;286.1,767.7;256.6,761.8;270.4,834.5;309.7,763.7;282.2,679.2;282.2,665.5;283.1,621.3;307.7,712.6;331.3,714.6;315.6,671.4;248.8,687.1;244.8,736.2;233.0,724.4
60#321.0,809.3;332.7,748.7;322.9,750.7;276.1,762.4;254.6,756.6;266.3,815.1;297.6,756.6;280.0,674.5;280.0,660.9;286.8,616.9;315.1,717.5;322.9,701.9;313.2,666.7;244.8,680.4;237.0,723.4;235.1,737.0
61#313.1,816.9;326.8,748.6;311.2,744.6;270.2,752.5;254.5,725.1;258.4,775.9;291.6,748.6;278.0,668.5;279.9,654.8;288.7,608.9;303.4,650.9;320.9,686.1;313.1,660.7;242.8,674.3;231.1,719.3;242.8,703.6
62#311.2,816.8;323.6,740.1;305.0,736.0;257.3,742.2;255.2,721.4;251.1,756.7;282.2,738.0;278.0,659.3;278.0,646.8;285.3,602.3;329.8,642.7;331.9,671.7;315.3,653.1;238.7,661.3;228.3,704.9;257.3,694.5
63#307.0,818.0;318.0,734.2;298.2,723.2;256.3,725.4;258.5,705.6;234.2,743.1;276.1,725.4;273.9,646.0;276.1,635.0;279.4,589.8;331.2,643.8;329.0,663.7;309.2,643.8;238.6,646.0;214.4,679.1;245.2,676.9
64#307.4,817.2;314.2,747.7;296.2,709.6;249.2,707.4;224.6,709.6;224.6,736.5;273.8,709.6;271.6,631.2;271.6,620.0;279.4,580.8;329.8,640.2;320.9,655.9;305.2,631.2;238.0,629.0;204.4,655.9;226.8,655.9
65#305.4,810.6;308.0,753.8;292.5,694.5;248.6,691.9;225.4,717.7;217.7,743.5;271.9,694.5;269.3,617.1;269.3,606.7;273.2,553.9;326.1,640.3;318.3,655.8;305.4,614.5;235.7,614.5;197.0,627.4;225.4,614.5
66#304.9,797.6;304.9,732.3;288.6,683.3;247.7,680.5;239.6,707.8;220.5,732.3;266.8,683.3;266.8,598.9;264.1,590.7;269.5,539.0;302.2,650.6;315.8,650.6;302.2,601.6;231.4,598.9;198.7,596.1;209.6,563.5
67#306.5,784.3;303.7,713.0;290.0,663.7;246.2,663.7;238.0,658.2;235.2,721.3;268.1,663.7;265.4,584.2;265.4,576.0;265.4,526.7;314.7,655.5;317.4,633.6;298.3,589.7;232.5,581.5;202.3,570.5;207.8,529.4
68#301.3,764.5;308.9,696.1;288.6,653.1;248.1,655.6;232.9,650.5;237.9,716.4;268.3,653.1;265.8,574.5;265.8,564.4;265.8,516.3;321.5,637.9;313.9,622.7;298.7,577.1;235.4,566.9;205.0,561.9;210.1,528.9
69#295.7,738.7;306.3,662.7;289.4,639.5;247.2,637.4;234.5,650.0;236.6,715.5;268.3,639.5;268.3,565.6;266.2,552.9;267.2,518.1;316.8,635.3;314.7,609.9;302.1,567.7;234.5,559.3;207.0,563.5;213.4,531.8
70#290.9,711.9;305.9,647.7;290.9,636.9;250.2,632.7;235.2,651.9;237.4,718.3;269.5,634.8;269.5,555.6;269.5,544.9;266.3,507.4;284.5,585.6;305.9,589.9;303.7,557.7;237.4,553.5;207.4,564.2;209.6,534.2
71#289.4,687.3;301.5,624.5;297.5,630.6;252.9,630.6;232.6,648.8;236.7,721.8;273.2,630.6;271.1,545.4;271.1,535.3;270.1,499.8;281.3,573.8;305.6,573.8;303.6,547.5;240.7,543.4;208.3,565.7;212.3,539.4
72#292.2,661.3;294.9,600.2;302.9,621.4;257.7,621.4;231.1,656.0;236.5,725.0;279.0,618.8;276.3,539.1;273.6,531.1;273.6,480.7;302.9,557.7;348.0,557.7;308.2,539.1;241.8,539.1;215.2,565.7;209.9,544.4
73#287.7,655.2;298.9,592.7;303.3,611.5;258.0,612.5;231.8,651.6;235.4,719.4;279.8,610.8;277.1,530.2;275.3,522.9;275.3,472.3;299.5,560.6;336.2,555.8;308.8,529.2;243.7,532.1;218.4,565.9;209.1,547.0
74#283.1,649.0;303.0,585.1;303.8,601.7;258.4,603.6;232.5,647.3;234.3,713.9;280.7,602.7;277.8,521.2;276.9,514.8;276.9,463.9;296.2,563.4;324.5,554.0;309.3,519.4;245.5,525.0;221.5,566.1;208.4,549.5
75#278.6,642.9;307.0,577.6;304.2,591.8;258.7,594.7;233.2,642.9;233.2,708.3;281.5,594.7;278.6,512.3;278.6,506.6;278.6,455.5;292.8,566.3;312.7,552.1;309.9,509.5;247.4,518.0;224.7,566.3;207.6,552.1
76#275.3,653.1;304.4,574.6;304.4,583.3;263.6,580.4;231.6,612.4;237.5,685.1;284.0,583.3;278.2,507.7;278.2,496.1;272.4,446.6;318.9,435.0;321.8,464.1;310.2,499.0;246.2,510.6;222.9,568.8;208.4,557.2
77#276.4,654.8;300.2,579.4;298.7,576.8;258.6,573.4;232.4,605.7;235.4,671.5;278.4,575.8;271.2,499.6;271.2,488.5;264.3,440.4;318.9,439.4;320.8,466.5;303.6,491.4;238.9,503.4;216.6,559.5;206.5,553.6
78#277.5,656.5;295.9,584.3;293.1,570.2;253.6,566.4;233.2,599.0;233.3,657.9;272.9,568.3;264.3,491.4;264.3,480.8;256.1,434.1;318.8,443.9;319.8,469.0;296.9,483.7;231.6,496.2;210.4,550.1;204.5,550.0
79#278.5,658.1;291.7,589.1;287.4,563.6;248.6,559.3;234.0,592.4;231.3,644.4;267.3,560.8;257.3,483.2;257.3,473.2;248.0,427.9;318.8,448.4;318.9,471.4;290.3,476.1;224.2,488.9;204.1,540.8;202.6,546.3
80#279.6,659.8;287.5,593.9;281.7,557.1;243.6,552.3;234.8,585.7;229.2,630.8;261.7,553.3;250.3,475.1;250.3,465.6;239.9,421.7;318.8,452.8;317.9,473.8;283.7,468.5;216.9,481.7;197.8,531.5;200.6,542.7
81#280.7,661.5;283.2,598.8;276.1,550.5;238.6,545.3;235.6,579.0;227.1,617.2;256.2,545.8;243.4,466.9;243.4,457.9;231.7,415.4;318.7,457.2;316.9,476.3;277.0,460.8;209.6,474.5;191.6,522.1;198.7,539.1
82#281.8,663.2;279.0,603.6;270.4,544.0;233.6,538.3;236.4,572.3;225.0,603.6;250.6,538.3;236.4,458.8;236.4,450.3;223.6,409.2;318.7,461.7;315.9,478.7;270.4,453.2;202.3,467.3;185.3,512.8;196.7,535.5
83#280.1,648.0;283.4,586.4;264.8,537.6;228.3,534.7;235.9,569.0;226.0,609.4;245.2,534.0;233.8,454.0;233.8,446.3;222.2,402.6;308.5,464.3;309.1,479.8;267.5,450.5;200.1,460.4;188.8,503.3;203.4,519.7
84#278.4,632.9;287.9,569.1;259.1,531.1;223.1,531.0;235.4,565.7;226.9,615.2;239.8,529.7;231.3,449.2;231.3,442.2;220.8,395.9;298.2,466.9;302.3,480.9;264.6,447.8;198.0,453.4;192.2,493.8;210.1,503.9
85#276.8,617.7;292.4,551.9;253.5,524.7;217.8,527.4;234.9,562.4;227.9,621.1;234.3,525.4;228.8,444.4;228.8,438.2;219.5,389.2;288.0,469.6;295.5,482.0;261.7,445.0;195.8,446.5;195.7,484.4;216.8,488.0
86#275.1,602.5;296.8,534.6;247.9,518.3;212.6,523.8;234.4,559.1;228.9,626.9;228.9,521.1;226.2,439.6;226.2,434.2;218.1,382.6;277.8,472.2;288.7,483.1;258.8,442.3;193.6,439.6;199.1,474.9;223.5,472.2
87#277.5,580.1;305.6,523.9;249.4,518.3;210.1,526.7;224.1,566.0;226.9,644.7;226.9,521.1;224.1,436.8;221.3,433.9;215.7,383.4;271.9,464.9;288.8,484.5;255.0,439.6;190.4,433.9;165.1,408.7;180.5,370.7
88#276.7,566.8;300.8,509.4;246.5,518.5;207.3,527.5;216.4,578.8;225.4,654.3;225.4,524.5;222.4,434.0;219.4,434.0;216.4,379.7;288.8,476.2;288.8,473.2;255.6,437.0;189.2,431.0;168.1,391.8;175.6,357.0
89#275.2,552.9;301.2,491.0;249.1,513.8;206.8,523.6;213.3,588.7;223.1,660.2;226.4,523.6;223.1,429.2;223.1,435.7;219.8,377.2;275.2,487.8;291.4,465.0;255.6,435.7;190.6,422.7;167.8,393.4;169.4,346.2
90#273.8,567.2;295.9,504.2;247.9,517.5;205.9,525.7;203.1,582.0;216.9,651.4;225.9,525.7;220.5,432.5;220.5,436.9;216.7,380.4;263.9,467.4;280.0,453.6;252.3,436.9;189.3,427.6;166.7,407.9;169.1,364.9
91#272.3,581.4;290.7,517.4;246.7,521.2;205.0,527.8;192.8,575.3;210.7,642.6;225.3,527.8;218.0,435.9;218.0,438.1;213.7,383.6;252.7,447.0;268.7,442.2;248.9,438.1;188.0,432.6;165.6,422.3;168.7,383.6
92#270.9,595.7;285.4,530.6;245.4,525.0;204.1,529.8;182.6,568.6;204.5,633.9;224.8,529.8;215.4,439.2;215.4,439.4;210.6,386.9;241.4,426.6;257.3,430.7;245.6,439.4;186.7,437.5;164.4,436.8;168.3,402.4
93#269.5,610.0;280.2,543.8;244.2,528.7;203.2,531.9;172.3,561.9;198.3,625.1;224.3,531.9;212.8,442.5;212.8,440.6;207.5,390.1;230.2,406.2;245.9,419.3;242.3,440.6;185.4,442.4;163.3,451.3;168.0,421.1
94#268.0,624.2;274.9,557.0;243.0,532.4;202.3,534.0;162.1,555.2;192.1,616.3;223.7,534.0;210.3,445.9;210.3,441.8;204.5,393.3;218.9,385.8;234.6,407.9;238.9,441.8;184.1,447.4;162.2,465.7;167.7,439.8
95#266.6,638.5;269.7,570.2;241.8,536.1;201.4,536.1;151.8,548.5;185.9,607.5;223.2,536.1;207.7,449.2;207.7,443.0;201.4,396.5;207.7,365.4;223.2,396.5;235.6,443.0;182.8,452.3;161.1,480.2;167.3,458.5
96#265.9,655.3;260.3,587.8;240.6,534.3;201.1,531.5;144.9,534.3;173.0,593.4;220.9,531.5;201.1,447.1;201.1,447.1;189.9,396.4;198.3,469.6;220.9,399.2;226.5,444.3;178.6,458.3;158.9,489.3;153.3,469.6
97#265.3,658.7;247.9,595.2;233.5,531.7;196.0,534.6;141.2,508.7;158.5,580.8;216.2,531.7;193.1,451.0;190.2,448.1;178.7,396.2;197.5,380.3;216.2,390.4;219.1,436.6;167.2,462.5;135.4,514.4;155.6,575.0
98#267.6,659.0;250.1,594.9;223.9,536.7;183.2,533.8;133.7,507.6;145.3,568.7;203.5,533.8;183.2,452.2;183.2,449.3;171.5,396.9;199.2,378.0;206.5,394.0;212.3,440.6;154.0,461.0;130.7,510.5;145.3,557.1
99#264.7,652.9;251.2,588.3;210.9,534.5;173.2,534.5;132.8,491.4;130.1,558.7;192.0,534.5;178.6,453.7;175.9,451.1;165.1,397.2;194.7,397.2;208.2,410.7;208.2,443.0;146.3,461.8;132.8,504.9;132.8,547.9
100#252.5,637.3;247.4,576.3;206.7,535.6;163.5,535.6;130.4,507.7;117.7,553.4;183.8,535.6;171.1,456.8;168.6,451.7;158.4,403.4;204.2,408.5;209.2,416.1;199.1,449.2;140.6,467.0;127.9,515.3;120.2,550.9
101#239.8,613.9;239.8,550.0;200.1,539.0;153.9,541.2;123.0,503.8;107.6,554.4;173.7,539.0;162.7,459.7;162.7,453.1;153.9,404.6;207.8,401.3;211.1,435.5;193.5,455.3;136.2,461.9;101.0,442.1;101.0,413.4
102#99.4,567.5;119.0,506.9;144.4,538.2;185.4,532.3;224.4,528.4;226.4,592.9;165.8,532.3;158.0,458.1;158.0,452.2;152.2,407.3;99.4,407.3;111.1,436.6;130.7,458.1;187.3,454.2;210.8,450.3;208.8,422.9
103#94.3,575.3;117.8,508.9;141.2,522.6;180.3,514.7;211.5,508.9;213.5,575.3;160.7,514.7;156.8,454.2;156.8,450.3;152.9,407.3;94.3,419.0;102.1,440.5;129.5,452.2;184.2,456.1;211.5,464.0;209.6,434.7
104#96.1,584.2;113.6,515.8;141.0,527.6;180.0,519.7;195.7,517.8;201.5,560.8;162.5,527.6;156.6,457.2;156.6,449.4;154.6,406.5;96.1,426.0;98.0,449.4;129.3,455.3;183.9,457.2;211.3,469.0;209.3,441.6
105#97.0,591.1;112.6,526.6;149.7,534.5;188.8,530.6;114.5,522.7;97.0,587.2;167.3,530.6;157.5,452.4;157.5,446.6;157.5,403.6;95.0,434.9;98.9,454.4;128.2,452.4;186.8,452.4;214.1,472.0;208.3,454.4
106#172.2,560.5;142.9,525.3;185.9,527.3;148.7,523.4;113.6,527.3;94.1,599.5;166.3,525.3;162.4,449.1;160.5,441.3;157.5,413.0;94.1,441.3;209.3,478.4;193.7,451.1;131.2,447.2;98.0,460.9;94.1,445.2
107#150.9,576.9;135.3,524.1;191.9,520.2;147.0,516.3;117.7,537.8;94.2,610.1;168.5,518.3;164.6,440.1;164.6,432.3;161.6,404.0;186.0,487.0;213.4,485.1;195.8,442.1;135.3,438.2;104.0,463.6;98.1,449.9
108#165.2,581.2;167.5,531.0;197.1,517.4;153.8,510.5;117.3,540.2;96.8,606.3;178.9,510.5;167.5,435.3;165.2,430.8;162.9,382.9;192.6,476.3;213.1,464.9;197.1,433.0;135.6,437.6;103.7,464.9;96.8,455.8
109#163.4,592.4;170.0,531.0;202.8,509.2;163.4,502.6;117.4,531.0;102.1,598.9;183.1,504.8;170.0,432.5;170.0,423.8;164.5,376.7;189.7,465.4;218.2,452.2;202.8,430.3;139.3,432.5;110.9,469.7;102.1,465.4
110#165.1,602.2;169.8,537.0;204.7,506.7;172.1,502.1;118.6,516.0;116.2,585.9;188.4,504.4;172.1,427.6;172.1,425.2;165.1,376.4;190.7,460.2;209.4,453.2;209.4,427.6;139.5,432.2;113.9,478.8;102.3,476.5
111#166.5,608.4;173.3,545.0;205.0,506.5;168.7,504.2;121.1,504.2;130.2,569.9;186.9,506.5;173.3,427.2;173.3,420.4;167.6,373.9;193.6,461.2;211.8,461.2;209.5,422.6;141.5,429.4;114.4,479.3;103.0,488.3
112#167.3,618.6;181.1,556.5;201.8,503.7;162.7,494.5;132.9,494.5;142.1,549.6;181.1,501.4;176.5,425.6;174.2,418.7;166.2,371.6;197.2,483.0;213.3,453.2;213.3,418.7;142.1,430.2;119.1,473.9;100.7,499.1
113#168.4,626.5;186.7,558.4;197.2,503.5;155.3,495.6;160.5,482.5;113.4,513.9;176.2,500.9;176.2,419.7;173.6,414.5;169.7,360.8;199.8,474.7;210.3,445.9;210.3,411.9;142.2,422.3;121.3,466.8;100.3,493.0
114#172.8,628.3;185.9,568.0;196.4,502.5;157.1,492.0;164.9,481.5;107.3,523.4;178.0,492.0;172.8,410.7;172.8,405.5;166.2,354.4;233.1,368.8;240.9,387.1;209.5,402.9;138.7,416.0;117.8,460.5;99.4,494.6
115#181.3,618.4;189.0,559.5;196.7,492.9;153.2,482.7;150.6,464.7;199.2,559.5;176.2,485.2;171.1,403.3;171.1,398.2;167.2,350.8;232.5,382.8;242.8,395.6;206.9,393.0;135.2,408.4;112.2,449.4;101.9,508.3
116#184.8,612.0;201.2,549.0;189.5,472.1;156.8,465.1;203.5,504.7;201.2,560.7;173.2,467.4;170.8,395.1;170.8,388.1;174.3,342.7;238.5,390.5;238.5,402.1;205.8,390.5;138.2,397.5;107.9,434.8;114.9,455.8
117#190.4,596.1;215.7,535.3;190.4,469.5;157.5,466.9;195.5,502.4;190.4,553.1;175.2,466.9;172.7,388.4;175.2,380.8;173.9,331.4;205.6,418.8;233.5,411.2;208.1,385.9;139.7,390.9;109.3,421.3;139.7,413.7
118#205.8,578.1;231.9,512.8;195.4,468.5;161.4,465.9;192.7,499.8;190.1,565.0;177.1,465.9;177.1,385.0;174.5,377.1;175.8,326.3;208.4,424.1;234.5,424.1;211.0,387.6;143.2,385.0;117.1,400.6;158.8,416.3
119#223.2,558.2;244.7,499.3;193.7,456.4;161.6,459.1;193.7,499.3;191.1,577.0;175.0,456.4;177.7,384.1;177.7,376.0;179.0,326.4;204.5,426.9;233.9,429.6;209.8,384.1;148.2,384.1;153.5,413.5;172.3,421.6
120#239.5,539.0;255.7,479.5;198.9,452.4;166.4,457.8;190.8,509.2;190.8,585.0;179.9,455.1;179.9,379.4;179.9,376.7;178.6,326.6;220.5,430.8;239.5,422.7;212.4,382.1;152.9,376.7;161.0,414.6;182.6,436.2
121#251.2,520.0;256.2,458.0;206.6,455.5;171.9,465.4;184.3,517.5;189.3,594.3;186.8,460.5;186.8,381.2;186.8,371.3;183.1,325.4;238.9,455.5;243.8,420.8;216.5,381.2;157.1,378.7;157.1,408.4;174.4,428.3
122#261.7,508.5;258.7,443.7;215.4,459.1;175.3,462.2;181.5,527.0;187.6,604.2;193.8,462.2;190.7,375.7;190.7,369.6;193.8,317.1;258.7,490.0;255.6,419.0;224.7,378.8;159.8,369.6;162.9,326.3;183.0,300.1
123#262.3,495.7;255.6,428.8;218.8,455.6;182.0,465.6;182.0,535.9;185.3,612.9;202.1,458.9;198.7,375.2;198.7,371.9;202.1,318.3;259.0,482.3;262.3,435.5;228.8,375.2;168.6,371.9;125.1,385.3;118.4,388.6
124#240.8,487.6;250.6,425.7;227.8,461.5;188.6,471.3;185.4,539.8;182.1,608.3;208.2,464.8;204.9,380.0;204.9,376.7;211.5,321.3;257.1,477.8;257.1,435.4;234.3,376.7;175.6,380.0;149.5,393.0;123.4,402.8
125#246.2,487.1;240.4,436.3;240.4,457.8;195.4,465.6;189.6,543.7;182.8,570.1;216.9,459.7;216.9,375.8;216.9,373.8;221.8,327.9;263.8,366.0;281.4,371.9;244.3,377.7;187.6,373.8;182.8,327.9;119.3,418.7
126#190.9,617.9;190.9,549.3;198.6,473.1;244.3,465.5;190.9,549.3;231.6,508.7;221.4,470.5;224.0,381.6;221.4,384.1;229.1,333.3;169.3,327.0;178.2,346.0;254.5,384.1;196.0,381.6;178.2,346.0;260.8,327.0
127#228.6,530.1;253.2,470.9;250.8,478.3;208.8,483.2;191.6,549.8;196.5,621.4;228.6,480.8;228.6,392.0;228.6,392.0;228.6,345.1;264.3,334.0;277.9,359.9;258.2,389.5;196.5,392.0;176.8,362.4;175.5,334.0
128#234.5,550.1;237.9,513.2;251.3,486.4;211.0,486.4;187.5,553.5;204.3,620.6;231.2,486.4;231.2,402.5;231.2,402.5;231.2,355.5;271.4,342.1;271.4,375.7;258.0,402.5;204.3,405.9;180.8,379.0;177.5,355.5
129#215.5,613.3;185.7,553.9;257.1,494.4;218.4,497.4;185.7,553.9;209.5,613.3;236.3,497.4;236.3,414.1;236.3,411.2;230.3,366.6;179.8,369.5;182.8,399.3;209.5,414.1;263.0,411.2;283.8,378.5;270.5,311.6
130#223.7,594.2;205.4,532.5;258.0,505.1;223.7,507.4;180.3,543.9;219.1,601.0;242.0,507.4;237.4,422.9;237.4,422.9;228.3,375.0;178.0,391.0;182.6,418.3;210.0,427.5;267.1,420.6;292.2,391.0;277.4,362.4
131#234.2,596.9;177.3,532.3;234.2,514.2;262.6,509.0;177.3,529.7;226.4,589.1;249.7,511.6;239.3,434.0;239.3,428.8;229.0,382.3;179.8,408.1;185.0,439.2;216.1,434.0;267.8,426.2;298.8,403.0;285.9,382.3
132#240.4,622.9;230.8,572.6;269.1,522.2;228.4,512.6;175.7,522.2;214.0,572.6;250.0,517.4;240.4,436.0;238.0,433.6;229.6,386.8;178.1,426.4;185.3,457.5;209.2,440.7;273.9,431.2;307.5,409.6;180.5,428.8
133#240.1,630.9;226.4,565.2;270.2,521.5;231.9,510.6;171.7,507.8;207.3,562.5;251.0,516.0;242.8,436.7;242.8,431.3;226.4,382.0;283.9,425.8;313.9,414.9;215.5,439.5;212.8,442.2;182.7,469.5;179.9,442.2
134#240.4,636.0;227.3,570.8;271.7,516.0;232.6,503.0;170.0,490.0;196.1,552.5;253.4,505.6;243.0,435.2;243.0,430.0;228.6,379.1;284.7,430.0;316.0,419.6;274.3,427.4;214.3,437.8;180.4,458.7;172.6,448.2
135#242.2,641.6;239.5,576.2;270.9,505.5;239.5,497.7;161.0,487.2;189.8,550.0;257.9,500.3;247.4,424.4;242.2,421.8;222.5,378.6;284.0,432.3;318.1,419.2;276.2,419.2;221.2,429.6;184.6,468.9;171.5,453.2
136#241.6,648.6;247.4,575.9;270.7,500.3;247.4,491.5;157.3,497.3;186.4,558.4;259.1,494.4;247.4,415.9;244.5,413.0;225.6,359.2;198.0,538.1;320.1,407.2;276.5,410.1;218.4,421.7;180.6,462.5;171.8,462.5
137#243.4,635.5;254.8,564.2;266.2,495.7;232.0,487.1;160.6,510.0;189.2,572.7;251.9,490.0;249.1,410.1;249.1,404.4;236.2,357.3;209.1,527.1;226.3,510.0;277.6,407.2;220.5,410.1;180.6,441.5;189.2,555.6
138#247.2,630.9;255.7,557.7;264.1,481.6;233.1,470.3;168.3,521.0;190.9,583.0;247.2,478.8;250.0,399.9;250.0,397.1;240.2,345.0;297.9,377.4;309.2,374.6;278.2,394.3;221.9,399.9;179.6,422.5;185.2,414.0
139#251.9,619.2;251.9,554.0;268.9,477.5;232.1,469.0;181.1,525.7;189.6,590.9;249.1,474.7;251.9,395.3;251.9,392.5;253.3,340.1;293.0,334.4;291.6,361.3;277.4,392.5;220.8,395.3;186.7,395.3;212.3,375.5
140#256.1,606.0;246.8,540.6;268.6,472.1;231.2,469.0;197.0,528.1;190.8,596.6;249.9,472.1;256.1,384.9;259.3,378.7;262.4,325.8;256.1,437.9;271.7,425.4;281.0,388.0;231.2,384.9;212.6,366.3;221.9,481.4
141#260.5,589.5;242.5,529.5;269.5,466.5;239.5,460.5;215.5,529.5;188.5,595.5;254.5,463.5;260.5,376.6;263.5,373.6;269.5,322.6;254.5,430.6;278.5,412.6;287.5,382.6;233.5,373.6;221.5,361.6;242.5,343.6
142#263.5,566.5;240.4,520.4;281.4,458.9;248.1,453.8;217.3,523.0;194.3,592.1;260.9,458.9;268.6,371.8;268.6,366.6;275.0,316.7;268.6,412.8;284.0,405.1;294.2,374.3;243.0,371.8;222.5,374.3;240.4,364.1
143#267.9,545.1;234.1,498.3;288.7,456.7;254.9,454.1;213.3,508.7;208.1,589.2;273.1,454.1;273.1,373.5;273.1,368.3;279.6,317.6;267.9,402.1;291.3,404.7;296.5,373.5;244.5,370.9;223.7,383.9;249.7,378.7
144#274.6,521.4;237.1,481.5;293.4,458.1;265.2,453.4;209.0,509.6;223.0,572.9;281.6,455.7;274.6,371.4;274.6,369.0;278.1,328.0;265.2,404.2;295.7,401.8;302.7,373.7;246.5,371.4;225.4,390.1;246.5,376.0
145#278.8,510.2;243.5,461.4;300.4,455.9;267.9,450.5;208.3,507.4;232.7,564.4;286.9,453.2;276.0,374.6;276.0,371.9;280.1,321.7;270.6,409.8;300.4,407.1;303.2,374.6;248.9,371.9;227.2,396.3;248.9,382.7
146#276.2,506.1;243.8,461.6;306.5,451.5;274.1,451.5;209.5,494.0;241.8,554.6;290.3,451.5;278.2,372.7;280.2,364.6;285.3,321.1;296.4,411.1;304.5,399.0;308.5,372.7;249.9,370.7;229.7,403.0;247.9,388.9
147#277.9,509.7;248.1,460.1;309.6,448.2;277.9,446.2;212.4,484.0;246.1,539.5;293.8,448.2;279.9,370.8;281.9,360.9;284.8,320.2;285.8,388.7;305.7,394.7;311.6,368.9;250.1,370.8;238.2,412.5;248.1,394.7
148#283.2,528.8;244.9,465.0;310.8,443.8;287.4,441.6;213.1,471.4;249.2,526.6;300.2,441.6;283.2,369.4;283.2,358.8;284.2,317.3;291.7,397.0;317.2,401.3;312.9,365.1;253.4,371.5;242.8,416.1;257.7,397.0
149#288.3,546.1;250.6,490.6;314.9,444.1;288.3,437.4;212.9,459.6;250.6,517.3;303.8,439.6;283.9,368.6;283.9,357.5;282.8,312.0;290.5,395.2;317.1,395.2;312.7,362.0;252.8,368.6;246.1,415.2;259.5,395.2
150#289.2,553.8;262.4,498.1;315.9,442.4;282.5,442.4;211.2,449.1;249.1,507.0;300.3,442.4;286.9,368.9;286.9,355.5;285.8,316.5;298.1,397.8;309.2,393.4;318.1,362.2;255.7,368.9;246.8,417.9;269.1,417.9
151#288.3,559.5;267.1,496.1;316.4,444.4;281.2,437.4;213.1,435.0;243.7,493.7;297.7,442.1;293.0,364.6;290.6,355.2;291.8,311.8;361.0,331.7;363.4,366.9;328.2,359.9;260.1,366.9;248.3,418.6;276.5,456.2
152#288.8,566.4;279.6,504.1;311.9,444.1;277.3,432.6;212.7,423.3;238.1,483.3;295.8,439.5;298.1,361.1;298.1,349.5;299.2,316.1;360.4,338.0;369.6,363.4;332.7,358.8;263.5,363.4;242.7,402.6;268.1,404.9
153#295.3,568.6;297.8,505.8;317.9,435.4;277.7,427.9;212.3,410.3;234.9,473.1;297.8,430.4;302.8,355.0;302.8,352.4;304.1,303.4;360.6,344.9;368.2,365.0;335.5,355.0;270.1,355.0;229.9,387.6;234.9,460.5
154#299.8,572.2;312.5,509.1;315.0,433.4;277.1,425.8;214.0,400.5;236.7,461.1;294.8,430.8;304.9,352.5;304.9,347.5;306.2,300.8;360.4,347.5;365.5,375.3;340.2,352.5;272.1,347.5;226.6,367.7;234.2,360.1
155#315.1,565.4;312.5,503.0;317.7,430.1;278.7,419.6;218.8,388.4;242.2,453.5;296.9,427.5;309.9,346.7;307.3,346.7;308.6,298.6;356.8,365.0;349.0,383.2;341.2,354.6;276.1,341.5;229.2,346.7;226.6,328.5
156#335.7,556.9;312.1,498.9;318.6,428.0;284.2,412.9;228.3,382.9;256.3,449.5;301.4,419.4;312.1,346.3;312.1,342.0;308.9,298.0;329.3,376.4;352.9,391.5;344.3,352.8;282.0,337.7;230.5,335.6;224.0,309.8
157#343.4,535.2;310.1,494.1;325.5,417.2;289.6,409.5;233.2,376.2;266.5,440.3;307.5,412.1;315.2,342.8;315.2,342.8;315.2,294.1;338.3,376.2;358.8,396.7;346.0,353.1;284.5,335.1;230.6,335.1;222.9,309.5
158#354.4,536.9;310.3,482.3;325.0,421.4;291.5,408.8;239.0,379.4;274.7,438.2;308.2,417.2;318.7,345.8;318.7,335.3;324.0,302.8;337.6,381.5;358.6,400.4;348.1,352.1;289.4,335.3;239.0,337.4;220.1,320.6
159#349.7,535.5;316.5,480.8;328.2,414.4;295.0,402.7;240.3,387.1;285.3,447.6;312.6,408.5;318.5,342.1;320.4,330.4;327.2,306.0;341.9,387.1;361.4,398.8;347.8,351.9;291.1,332.4;244.2,340.2;224.7,324.6
160#347.1,538.6;326.2,473.7;334.5,413.0;294.8,400.4;246.6,400.4;288.5,452.8;315.7,404.6;319.9,339.7;322.0,329.3;329.3,303.1;347.1,404.6;376.4,390.0;349.2,346.0;292.7,327.2;246.6,343.9;221.5,331.3
161#344.7,538.8;331.7,471.2;339.5,403.7;303.1,395.9;253.7,406.3;292.7,458.2;321.3,401.1;318.7,333.5;318.7,333.5;320.0,282.9;349.8,398.5;373.2,377.7;349.8,341.3;290.1,323.2;243.3,349.1;225.2,336.1
162#340.2,534.9;331.2,462.7;340.2,395.1;299.6,386.1;261.3,406.4;292.9,465.0;317.7,388.4;317.7,329.8;317.7,320.7;325.6,288.1;360.5,404.1;358.2,372.6;349.2,336.5;288.4,320.7;245.5,352.3;220.7,345.5
163#333.2,529.1;328.2,457.7;338.1,388.7;296.2,378.9;266.7,415.8;293.8,474.9;315.9,378.9;315.9,322.2;315.9,319.8;324.6,269.3;350.4,391.2;375.0,364.1;348.0,329.6;283.9,314.9;249.4,351.8;227.3,346.9
164#329.4,526.0;326.9,455.7;334.4,382.8;294.3,372.8;271.7,423.0;296.8,483.3;314.3,375.3;314.3,315.0;316.9,310.0;323.1,263.5;349.5,390.4;372.1,360.2;349.5,320.1;281.7,310.0;251.6,345.2;223.9,350.2
165#325.8,522.0;325.8,450.8;328.5,379.6;290.2,374.1;273.7,428.9;292.9,491.9;309.3,376.8;314.8,305.7;314.8,297.4;324.4,246.8;342.2,387.8;364.1,357.7;347.7,308.4;279.2,300.2;240.9,338.5;224.4,363.2
166#326.9,513.6;326.9,445.9;324.5,368.5;290.6,363.7;280.9,438.6;295.4,496.7;307.5,366.1;314.8,298.4;314.8,286.3;325.7,248.8;331.7,368.5;360.7,349.2;346.2,300.8;280.9,293.6;237.4,322.6;249.5,317.7
167#334.5,509.6;329.7,445.0;322.6,366.1;289.1,363.7;284.3,445.0;293.8,502.5;303.4,363.7;315.4,291.9;315.4,277.5;321.4,245.2;332.1,342.1;358.4,339.8;348.9,294.3;281.9,287.1;234.0,306.3;246.0,294.3
168#338.1,504.3;332.9,438.8;325.0,362.7;288.3,362.7;285.7,444.0;291.0,501.7;306.7,362.7;314.6,286.7;314.6,276.2;318.5,230.4;325.0,326.0;353.9,328.7;346.0,289.4;280.5,281.5;241.2,284.1;267.4,247.4
169#285.5,507.6;288.1,436.1;293.4,354.0;325.2,354.0;335.8,433.4;343.8,497.0;306.7,354.0;312.0,279.8;312.0,271.9;313.3,230.8;270.9,230.8;259.0,258.6;280.2,269.2;341.1,279.8;343.8,319.6;322.6,338.1
170#349.6,493.2;341.3,429.5;324.7,357.6;288.7,360.4;285.9,437.8;283.2,504.3;308.1,357.6;310.8,280.1;310.8,277.3;309.5,226.1;319.2,307.8;330.2,307.8;341.3,282.9;283.2,277.3;285.9,310.5;316.4,346.5
171#354.0,493.1;346.1,430.2;325.2,354.3;291.1,356.9;283.3,438.1;280.6,506.2;306.8,354.3;309.5,280.9;309.5,278.3;310.8,232.5;314.7,280.9;327.8,309.8;338.3,283.6;283.3,270.5;274.1,232.5;279.3,232.5
