1#713.8,770.3;724.3,693.8;797.3,697.3;769.5,707.7;769.5,805.1;786.9,895.6;783.4,704.2;745.1,610.3;745.1,610.3;727.7,551.2;682.5,565.1;745.1,596.4;773.0,603.4;713.8,617.3;672.1,599.9;651.2,565.1
2#713.8,770.4;724.3,693.7;797.5,697.2;769.6,707.7;769.6,805.3;787.0,895.9;783.5,704.2;745.2,610.1;745.2,610.1;724.3,550.8;682.4,564.7;745.2,596.1;773.1,603.1;713.8,617.0;672.0,599.6;651.0,564.7
3#713.9,767.0;724.3,698.1;786.3,701.5;751.8,711.8;762.2,808.3;782.8,894.4;769.1,704.9;738.1,605.0;738.1,605.0;727.7,543.0;748.4,642.9;779.4,636.0;769.1,601.6;707.1,608.5;665.7,601.6;651.9,563.7
4#713.2,765.1;714.0,697.8;771.4,688.7;737.0,698.0;736.2,790.6;770.3,873.1;754.6,692.0;727.5,591.4;728.3,589.9;716.6,530.1;737.5,605.9;771.7,604.5;760.9,585.8;695.7,598.0;659.2,599.8;651.2,560.5
5#712.5,763.1;703.8,697.6;756.5,675.9;722.2,684.2;710.2,772.9;757.9,851.8;740.1,679.1;716.9,577.9;718.5,574.8;705.5,517.3;726.7,568.8;764.0,573.1;752.6,570.0;684.2,587.4;652.7,598.0;650.4,557.2
6#711.9,761.2;693.5,697.3;741.7,663.1;707.4,670.4;684.3,755.2;745.4,830.4;725.7,666.3;706.3,564.3;708.6,559.6;694.3,504.4;715.9,531.8;756.3,541.6;744.4,554.1;672.8,576.9;646.1,596.1;649.7,554.0
7#711.2,759.3;683.2,697.0;726.8,650.3;692.6,656.6;658.3,737.5;733.0,809.1;711.2,653.4;695.7,550.7;698.8,544.5;683.2,491.6;705.0,494.7;748.6,510.2;736.1,538.3;661.4,566.3;639.6,594.3;649.0,550.7
8#708.2,751.8;666.0,687.1;716.6,636.5;680.0,642.1;623.8,709.6;702.5,777.1;699.7,639.3;677.2,543.7;677.2,535.3;667.4,483.2;689.9,477.6;722.2,571.8;708.2,538.1;640.7,552.1;623.8,583.1;637.8,554.9
9#702.9,743.1;652.0,676.1;702.9,617.2;670.7,619.8;593.0,678.8;673.4,745.8;686.8,619.8;660.0,528.7;657.3,518.0;650.6,468.4;673.4,552.8;705.6,568.9;694.9,520.7;625.2,536.8;593.0,566.2;611.8,552.8
10#702.4,741.9;649.4,668.2;684.7,609.3;652.3,609.3;552.2,638.8;614.0,703.6;670.0,609.3;643.5,515.1;643.5,509.2;634.6,450.3;649.4,441.4;702.4,559.2;678.8,509.2;611.1,521.0;563.9,541.6;587.5,535.7
11#705.0,745.5;659.6,666.1;663.4,598.1;633.1,598.1;519.7,601.8;568.8,677.5;648.2,598.1;633.1,503.5;629.3,496.0;618.0,439.2;739.0,496.0;731.4,507.3;663.4,492.2;602.9,507.3;542.4,507.3;553.7,484.6
12#706.0,741.7;664.2,662.3;643.3,587.2;597.4,587.2;497.2,562.1;522.2,641.4;622.4,587.2;609.9,486.9;609.9,486.9;597.4,424.3;576.5,374.2;622.4,420.1;643.3,482.8;576.5,495.3;522.2,470.2;530.6,428.5
13#689.8,732.9;650.8,652.8;617.2,584.5;569.9,582.8;482.0,548.6;488.8,622.6;595.5,582.8;589.6,485.4;589.6,483.7;578.5,419.7;572.2,381.2;610.9,426.8;624.0,482.3;555.1,492.6;511.0,471.1;520.7,428.8
14#673.6,724.0;637.4,643.3;591.1,581.9;542.5,578.5;466.8,535.1;455.4,603.9;568.7,578.5;569.2,483.9;569.2,480.4;559.6,415.0;568.0,388.2;599.4,433.4;604.8,481.9;533.8,489.8;499.8,472.1;510.8,429.1
15#657.5,715.2;624.0,633.9;565.0,579.2;515.0,574.1;451.6,521.7;422.0,585.1;541.8,574.1;548.9,482.4;548.9,477.2;540.7,410.4;563.7,395.3;587.9,440.1;585.5,481.4;512.4,487.1;488.6,473.1;500.9,429.3
16#641.3,706.3;610.6,624.4;538.9,576.5;487.6,569.7;436.4,508.2;388.6,566.3;515.0,569.7;528.6,480.9;528.6,474.0;521.8,405.7;559.4,402.3;576.4,446.7;566.2,480.9;491.0,484.3;477.4,474.0;491.0,429.6
17#445.5,561.9;436.1,517.0;492.8,554.8;473.9,557.1;417.2,514.6;384.1,583.1;483.4,557.1;507.0,491.0;507.0,483.9;502.3,431.9;561.3,424.8;568.4,472.1;542.4,491.0;481.0,491.0;440.8,519.3;457.4,538.2
18#432.4,580.3;446.0,546.4;509.4,575.8;461.9,575.8;396.2,535.0;384.9,605.2;489.0,575.8;489.0,503.3;486.8,496.6;484.5,442.2;554.7,446.8;556.9,494.3;529.8,503.3;452.8,503.3;452.8,537.3;391.7,596.2
19#498.3,721.8;529.3,639.1;477.6,597.8;431.1,600.4;379.4,546.1;382.0,628.8;454.4,597.8;467.3,509.9;467.3,502.2;466.0,446.6;552.6,473.8;552.6,512.5;508.6,509.9;428.5,509.9;438.9,530.6;472.5,538.4
20#494.7,742.1;494.7,657.3;470.1,605.3;418.1,602.5;368.9,564.2;382.5,646.3;445.5,602.5;456.4,515.0;456.4,506.8;449.6,458.9;552.2,493.1;544.0,531.4;497.5,515.0;415.4,515.0;379.8,567.0;434.5,553.3
21#495.3,752.3;481.3,673.5;456.0,617.3;411.0,606.0;363.2,577.9;380.0,665.1;433.5,611.6;444.7,518.8;444.7,507.6;446.1,469.6;551.6,513.2;534.7,544.1;489.7,521.6;402.5,510.4;368.8,516.0;427.8,552.6
22#470.1,749.5;475.5,663.5;440.5,604.4;397.5,593.7;368.0,604.4;381.4,682.4;419.0,601.7;437.8,518.4;437.8,510.4;447.2,460.6;548.0,529.2;526.5,556.0;483.5,523.8;394.8,507.7;341.1,505.0;368.0,510.4
23#447.6,731.6;470.4,650.6;434.9,610.1;384.3,605.0;371.6,617.7;379.2,701.3;412.1,607.5;434.9,518.9;434.9,511.3;438.7,459.3;546.4,544.2;521.1,564.5;472.9,526.5;394.4,508.7;343.7,493.5;372.9,464.4
24#440.1,713.7;468.0,635.5;437.3,610.4;387.0,599.2;375.9,638.3;381.5,719.3;412.2,607.6;431.7,521.1;434.5,515.5;440.1,456.9;540.5,565.8;512.6,574.1;473.6,529.5;392.6,515.5;342.4,490.4;348.0,437.4
25#443.5,692.7;467.5,629.6;437.5,614.6;389.4,608.6;371.4,653.6;383.4,737.7;413.5,614.6;437.5,527.5;437.5,521.5;449.5,464.4;545.6,587.5;512.6,590.6;479.5,539.5;398.4,515.5;353.4,485.4;344.4,437.4
26#460.4,676.7;466.5,630.4;457.3,624.2;408.0,624.2;370.9,673.6;386.4,763.0;432.6,624.2;448.0,528.6;448.0,525.5;463.5,470.0;549.8,602.6;515.9,596.5;488.1,544.0;411.0,516.3;349.4,500.9;346.3,460.8
27#480.3,678.6;477.2,623.3;465.0,629.5;422.0,629.5;382.1,694.0;385.1,783.0;443.5,629.5;461.9,534.3;461.9,534.3;483.4,476.0;554.0,620.3;523.3,608.0;501.8,549.7;422.0,522.0;354.4,519.0;348.3,476.0
28#497.3,673.0;491.0,625.6;478.3,628.8;434.1,631.9;399.4,714.0;380.4,793.0;456.2,631.9;472.0,537.2;472.0,534.0;497.3,477.2;557.3,638.3;538.3,603.5;513.1,546.7;430.9,524.6;364.6,534.0;352.0,502.4
29#511.5,700.2;511.5,666.8;496.3,630.2;450.7,639.4;414.1,721.5;389.8,797.6;475.0,636.3;481.1,539.0;481.1,539.0;500.9,479.6;560.2,651.5;560.2,602.9;520.6,548.1;438.5,532.9;374.6,554.2;353.3,520.7
30#506.7,718.3;471.4,659.5;512.6,641.8;471.4,644.8;421.4,709.5;415.5,806.6;495.0,644.8;489.1,547.6;489.1,544.7;502.3,490.2;553.8,624.2;586.2,597.7;533.2,550.6;444.9,544.7;386.1,574.1;356.6,547.6
31#506.6,742.3;481.5,675.4;520.6,650.4;484.3,655.9;417.4,706.1;439.7,795.3;506.6,650.4;492.7,558.4;492.7,550.0;502.4,504.0;556.8,569.5;604.2,589.0;534.5,561.2;445.3,555.6;392.4,594.6;358.9,575.1
32#506.3,769.7;478.7,689.5;525.7,664.6;484.2,661.8;415.1,706.0;456.6,789.0;506.3,661.8;492.5,567.8;495.3,562.2;502.2,502.8;517.4,592.7;531.2,601.0;536.8,567.8;448.3,570.5;401.2,614.8;357.0,601.0
33#512.5,797.3;470.4,710.3;523.8,676.5;487.3,673.7;408.6,699.0;459.2,777.7;506.9,673.7;498.5,578.2;498.5,572.6;504.1,513.7;521.0,617.6;532.2,609.1;543.4,575.4;453.6,581.1;408.6,628.8;360.9,626.0
34#512.1,828.2;479.4,741.9;527.0,691.3;485.3,679.4;405.0,691.3;449.6,762.7;509.1,685.4;500.2,587.2;500.2,578.3;506.2,518.8;518.1,619.9;547.8,631.8;541.9,581.3;452.6,590.2;411.0,640.8;363.4,649.7
35#504.9,823.1;488.7,751.9;521.2,689.4;483.7,679.4;396.3,671.9;436.3,741.9;503.7,686.9;498.7,589.5;498.7,579.5;503.7,522.0;503.7,602.0;541.2,634.5;541.2,582.0;453.7,592.0;411.3,644.5;363.8,661.9
36#516.3,846.5;503.0,771.3;514.8,688.7;479.4,679.9;393.9,659.2;423.4,727.1;500.1,685.8;497.1,585.5;497.1,582.5;497.1,523.6;593.0,480.8;570.8,523.6;538.4,573.7;455.8,594.3;405.7,641.5;361.5,671.0
37#521.3,875.3;514.0,783.3;506.6,691.3;469.8,683.9;403.5,643.4;407.2,713.3;491.9,687.6;495.6,584.5;495.6,584.5;495.6,521.9;596.8,501.6;576.6,521.9;536.1,569.8;451.4,591.9;396.2,628.7;348.3,661.8
38#530.6,873.4;512.7,783.8;505.5,697.7;466.0,679.8;394.3,636.8;394.3,704.9;484.0,690.5;491.1,579.4;491.1,586.6;489.3,520.2;596.9,513.0;591.5,536.3;534.2,572.2;444.5,590.1;394.3,615.2;344.1,640.3
39#540.8,866.9;515.6,777.1;497.7,690.9;451.0,680.1;375.6,626.3;389.9,712.5;476.1,683.7;483.3,579.6;486.9,579.6;492.3,516.7;578.5,523.9;594.7,558.0;533.6,572.4;440.2,586.8;379.1,608.3;325.3,611.9
40#532.2,855.3;515.2,774.0;498.3,682.5;457.6,672.3;366.1,645.2;396.6,726.6;474.6,682.5;484.7,574.1;484.7,574.1;493.2,518.2;601.7,518.2;596.6,563.9;525.4,567.3;437.3,577.5;386.5,587.6;349.2,577.5
41#521.4,847.5;505.8,761.0;494.4,673.2;446.3,661.8;364.1,653.3;400.9,735.5;471.8,670.3;483.1,565.5;483.1,559.8;494.4,500.3;596.5,523.0;593.6,576.8;528.4,565.5;440.6,565.5;366.9,559.8;355.6,525.8
42#510.5,827.8;487.6,743.1;499.3,668.2;452.8,660.6;370.9,665.5;400.3,750.2;477.5,666.2;488.9,559.7;488.9,555.9;500.3,497.9;598.2,540.1;591.5,585.6;529.7,563.6;449.0,556.8;388.2,538.5;378.3,511.5
43#499.7,808.1;469.4,725.2;504.2,663.1;459.2,659.3;377.8,677.7;399.7,765.0;483.1,662.2;494.6,553.9;494.6,552.0;506.1,495.5;600.0,557.1;589.3,594.3;530.9,561.6;457.3,548.1;409.6,517.3;401.0,497.3
44#488.8,788.4;451.2,707.3;509.1,658.1;465.7,658.1;384.6,689.9;399.1,779.7;488.8,658.1;500.4,548.1;500.4,548.1;512.0,493.1;601.7,574.2;587.2,603.1;532.2,559.7;465.7,539.4;430.9,496.0;423.7,483.0
45#489.5,759.2;456.6,696.4;513.4,663.5;474.5,657.5;396.8,708.3;399.8,798.0;495.5,654.5;513.4,549.8;513.4,549.8;531.3,493.0;606.1,588.7;579.2,615.6;543.3,561.8;480.5,537.9;438.6,502.0;452.1,473.6
46#488.9,758.5;464.0,693.6;521.1,663.0;482.7,659.0;413.6,721.7;400.2,807.4;503.4,657.0;523.0,553.6;523.0,552.6;542.6,496.5;609.8,607.4;585.1,624.4;556.4,565.4;486.7,541.8;440.5,518.9;449.5,488.4
47#488.2,757.8;471.5,690.8;528.8,662.5;490.9,660.5;430.4,735.1;400.7,816.9;511.3,659.5;532.7,557.4;532.7,555.5;554.0,500.1;613.5,626.1;591.1,633.1;569.5,569.1;492.9,545.8;442.4,535.7;446.9,503.2
48#487.6,757.1;478.9,688.0;536.5,662.0;499.1,662.0;447.2,748.5;401.1,826.3;519.2,662.0;542.3,561.2;542.3,558.3;565.3,503.6;617.2,644.8;597.0,641.9;582.6,572.7;499.1,549.7;444.3,552.6;444.3,518.0
49#518.4,760.6;515.6,693.7;549.0,668.6;512.8,668.6;443.2,738.3;426.5,824.6;532.3,668.6;546.2,565.6;546.2,562.8;561.6,505.7;593.6,668.6;607.5,632.4;585.2,573.9;507.3,557.2;451.5,571.2;446.0,535.0
50#576.7,696.5;568.9,655.1;563.7,670.6;517.1,673.2;447.2,725.0;449.8,818.2;540.4,670.6;543.0,569.6;545.6,564.4;557.3,511.3;600.0,665.4;620.7,624.0;587.0,574.8;506.8,561.8;457.5,587.7;447.2,556.6
51#593.4,715.4;580.6,653.8;572.9,671.7;524.2,671.7;452.3,715.4;467.7,802.6;547.2,671.7;549.8,571.6;549.8,563.9;553.7,516.5;557.5,612.7;634.5,610.1;588.3,574.2;508.8,566.5;465.1,602.4;454.9,571.6
52#589.8,729.6;526.7,679.2;579.7,666.5;529.2,666.5;458.6,699.4;483.8,782.6;554.4,666.5;549.4,570.7;549.4,563.1;558.2,513.9;562.0,608.5;594.8,618.6;584.7,568.1;511.6,568.1;471.2,616.1;453.5,588.3
53#548.4,748.5;526.5,678.0;579.9,663.4;538.6,658.6;465.8,678.0;490.1,758.2;558.1,661.0;545.9,566.3;548.4,559.0;549.6,509.2;562.9,597.8;589.7,595.4;582.4,561.4;509.5,568.7;470.6,617.3;456.0,600.3
54#547.7,763.5;530.3,683.8;577.6,653.9;537.7,651.4;478.0,658.9;495.4,733.6;557.7,653.9;545.2,561.8;545.2,554.3;548.9,500.8;560.1,591.6;587.5,586.7;582.6,556.8;505.4,566.7;473.0,619.0;463.0,604.1
55#547.6,775.6;534.9,695.3;568.6,654.7;525.7,649.8;476.2,651.5;493.2,715.4;547.8,652.5;537.3,559.6;537.3,553.5;537.6,497.2;554.8,600.1;580.7,590.4;575.2,551.9;496.6,567.2;469.6,620.6;457.5,621.5
56#547.5,787.7;539.6,706.8;559.7,655.5;513.8,648.1;474.3,644.2;491.0,697.3;537.8,651.2;529.3,557.5;529.3,552.8;526.2,493.7;549.5,608.7;573.8,594.0;567.9,547.1;487.8,567.8;466.1,622.1;451.9,638.9
57#547.4,799.8;544.2,718.3;550.7,656.3;501.8,646.5;472.5,636.8;488.8,679.1;527.9,649.8;521.4,555.3;521.4,552.0;514.9,490.1;544.2,617.2;567.0,597.7;560.5,542.2;479.0,568.3;462.7,623.7;446.4,656.3
58#547.4,811.3;547.4,730.1;541.2,648.9;494.3,642.7;469.3,655.2;488.1,683.3;516.2,645.8;506.8,555.3;503.7,549.0;499.0,488.1;538.1,639.6;553.7,592.7;544.3,542.8;463.1,564.6;450.6,620.8;441.2,667.7
59#553.7,819.4;544.5,727.2;535.3,644.2;486.1,638.0;464.6,674.9;489.2,708.7;510.7,638.0;495.3,548.9;495.3,539.7;484.6,485.9;519.9,635.0;541.4,598.1;538.4,539.7;452.3,558.1;440.0,610.4;440.0,659.6
60#556.9,813.3;544.1,730.3;525.0,637.6;477.0,634.4;470.6,682.3;480.2,711.1;502.6,637.6;486.6,541.7;486.6,538.5;481.8,473.0;608.0,548.1;582.5,544.9;531.4,532.2;441.9,551.3;419.5,608.8;451.5,634.4
61#558.7,808.9;548.8,723.8;516.1,638.7;470.3,635.4;512.8,664.9;489.9,727.1;489.9,635.4;480.1,540.5;480.1,537.2;478.5,476.6;601.2,547.0;565.2,560.1;519.4,533.9;437.5,547.0;404.8,596.1;444.1,602.7
62#562.8,801.8;556.9,705.3;501.3,635.0;463.3,632.1;507.2,661.4;492.5,740.4;477.9,632.1;477.9,541.4;477.9,532.6;476.4,490.2;586.2,561.9;565.7,579.5;518.9,541.4;434.0,544.3;393.1,579.5;422.3,570.7
63#563.5,786.0;563.5,692.3;496.6,641.5;451.1,641.5;510.0,668.2;488.6,761.9;475.2,641.5;477.8,545.2;475.2,537.1;473.8,490.3;592.9,582.6;560.8,590.6;518.0,545.2;432.4,545.2;389.5,555.9;389.5,555.9
64#562.8,767.2;573.5,684.3;490.6,641.5;450.5,641.5;498.7,686.9;488.0,777.8;471.9,641.5;471.9,547.9;471.9,542.5;473.3,490.4;592.2,606.7;557.5,598.7;512.0,547.9;434.5,545.2;442.5,588.0;482.6,582.7
65#564.5,750.0;579.5,670.3;494.9,643.0;447.6,645.4;494.9,700.2;489.9,792.3;470.0,645.4;467.5,548.4;467.5,538.5;466.3,504.9;569.5,618.1;547.1,593.2;504.8,550.9;430.2,548.4;437.6,593.2;467.5,588.2
66#562.8,752.6;574.9,671.7;494.5,641.7;447.4,643.6;482.7,698.6;483.1,789.3;469.7,643.9;465.3,547.7;465.3,538.3;462.3,503.1;557.5,612.3;540.9,592.0;502.4,549.3;428.3,548.3;432.7,592.6;460.2,583.3
67#561.0,755.2;570.3,673.2;494.2,640.5;447.1,641.7;470.6,697.1;476.4,786.2;469.4,642.3;463.2,546.9;463.2,538.0;458.3,501.3;545.5,606.6;534.8,590.8;500.1,547.7;426.3,548.1;427.8,592.0;452.9,578.5
68#559.3,757.7;565.7,674.6;493.8,639.2;446.9,639.9;458.4,695.5;469.6,783.2;469.1,640.8;461.0,546.2;461.0,537.8;454.3,499.5;533.6,600.8;528.6,589.7;497.7,546.0;424.4,548.0;423.0,591.5;445.6,573.6
69#557.6,760.3;561.1,676.1;493.5,637.9;446.6,638.1;446.3,693.9;462.9,780.2;468.8,639.3;458.9,545.5;458.9,537.5;450.3,497.7;521.6,595.1;522.5,588.5;495.3,544.4;422.4,547.9;418.1,590.9;438.3,568.8
70#555.8,762.9;556.4,677.5;493.1,636.7;446.4,636.2;434.1,692.4;456.1,777.1;468.4,637.7;456.7,544.7;456.7,537.3;446.4,495.9;509.6,589.3;516.3,587.3;493.0,542.8;420.5,547.7;413.2,590.3;431.0,563.9
71#554.1,765.5;551.8,679.0;492.8,635.4;446.1,634.4;422.0,690.8;449.4,774.1;468.1,636.2;454.6,544.0;454.6,537.0;442.4,494.1;497.6,583.6;510.2,586.1;490.6,541.2;418.5,547.6;408.3,589.7;423.7,559.1
72#552.4,768.0;547.2,680.4;492.4,634.1;445.9,632.6;409.8,689.2;442.6,771.1;467.8,634.7;452.4,543.3;452.4,536.8;438.4,492.3;485.7,577.8;504.0,585.0;488.2,539.5;416.6,547.5;403.5,589.2;416.4,554.2
73#550.6,770.6;542.6,681.9;492.1,632.9;445.6,630.7;397.7,687.7;435.9,768.0;467.5,633.1;450.3,542.5;450.3,536.5;434.4,490.5;473.7,572.1;497.9,583.8;485.9,537.9;414.6,547.3;398.6,588.6;409.1,549.4
74#548.9,773.2;538.0,683.3;491.7,631.6;445.4,628.9;385.5,686.1;429.1,765.0;467.2,631.6;448.1,541.8;448.1,536.3;430.4,488.7;461.7,566.3;491.7,582.6;483.5,536.3;412.7,547.2;393.7,588.0;401.8,544.5
75#548.7,790.9;526.3,706.8;484.2,631.1;439.4,628.3;369.3,664.7;417.0,740.4;461.8,631.1;436.6,538.6;436.6,538.6;415.6,481.1;453.4,575.0;484.2,577.8;470.2,533.0;402.9,544.2;386.1,591.9;397.3,566.6
76#549.5,802.9;513.9,725.3;478.3,637.9;442.7,631.4;352.1,644.3;400.7,718.8;462.1,634.6;423.3,537.5;423.3,537.5;400.7,479.3;421.7,464.7;454.1,471.2;458.9,524.6;390.9,550.5;368.3,586.1;339.2,586.1
77#552.6,805.4;511.8,724.0;467.0,638.4;426.3,638.4;344.9,626.2;381.5,699.5;446.7,638.4;414.1,540.7;414.1,540.7;381.5,483.7;434.5,459.3;463.0,491.8;454.8,524.4;377.4,552.9;344.9,601.8;316.4,597.7
78#537.8,794.6;508.8,713.5;454.8,643.9;412.5,646.6;341.2,620.6;362.9,695.4;433.2,644.8;404.3,548.4;403.4,546.6;377.2,489.8;436.7,474.4;453.0,501.4;444.0,535.7;367.4,557.4;331.4,586.4;319.5,623.9
79#523.1,783.8;505.9,703.0;442.6,649.4;398.6,654.8;337.5,614.9;344.4,691.2;419.8,651.2;394.6,556.0;392.8,552.4;373.0,495.8;439.0,489.5;443.1,511.1;433.2,547.0;357.3,561.8;317.8,571.0;322.7,650.2
80#508.3,773.0;502.9,692.5;430.4,654.9;384.8,663.0;333.8,609.3;325.8,687.1;406.3,657.6;384.8,563.7;382.1,558.3;368.7,501.9;441.2,504.6;433.1,520.7;422.4,558.3;347.3,566.3;304.3,555.6;325.8,676.4
81#488.3,751.4;490.8,679.6;419.1,651.5;367.8,661.7;326.8,620.7;314.0,695.0;390.9,654.0;375.5,569.5;373.0,564.3;367.8,510.5;439.6,533.6;444.7,559.2;416.5,566.9;337.1,569.5;303.8,546.4;301.2,497.7
82#468.3,729.5;466.0,664.8;415.2,671.7;362.1,674.1;322.8,630.2;313.6,706.4;387.5,671.7;373.6,572.5;369.0,567.9;366.7,517.1;438.3,542.5;433.6,572.5;408.2,572.5;334.4,567.9;304.4,547.1;299.7,505.5
83#448.2,714.3;446.3,653.8;409.2,651.8;344.7,642.1;319.3,642.1;309.6,722.1;379.9,647.9;370.1,575.7;370.1,567.9;363.3,523.9;440.4,546.4;413.1,622.5;409.2,575.7;336.9,571.8;299.8,562.0;296.9,523.9
84#432.4,706.6;420.7,657.7;408.9,665.6;360.1,663.6;315.2,653.8;313.2,733.9;385.5,665.6;371.8,579.6;371.8,567.9;365.0,525.9;438.2,565.9;438.2,599.1;408.9,579.6;336.7,573.8;297.6,575.7;297.6,538.6
85#365.0,713.3;342.7,670.8;415.7,664.7;369.0,664.7;314.3,660.6;312.3,745.8;393.4,664.7;377.2,577.5;375.1,567.4;370.1,525.8;442.0,581.6;435.9,616.0;413.6,579.5;340.7,573.5;296.1,581.6;296.1,551.2
86#397.1,714.1;415.8,660.1;413.8,660.1;363.9,660.1;314.0,670.5;311.9,755.7;388.8,660.1;378.4,572.8;378.4,562.4;375.3,524.0;438.7,591.5;442.9,622.7;413.8,577.0;343.1,568.6;293.2,589.4;297.4,560.3
87#393.9,728.5;391.7,674.8;406.7,651.1;363.8,644.7;320.8,679.1;312.2,767.1;387.4,649.0;378.8,565.2;378.8,556.6;379.9,519.0;439.0,603.9;447.6,629.6;415.3,569.5;342.3,563.0;297.2,597.4;295.0,573.8
88#393.9,741.1;391.3,674.6;414.3,643.9;370.8,638.8;322.2,690.0;306.9,771.8;391.3,638.8;381.1,556.9;381.1,551.8;382.4,501.9;419.5,595.3;457.8,605.5;419.5,559.5;342.7,556.9;304.3,592.7;294.1,577.4
89#393.0,748.0;390.5,677.3;420.8,636.9;377.8,636.9;322.3,679.8;304.6,765.7;398.0,636.9;382.9,553.5;382.9,543.4;384.2,501.8;448.5,586.4;476.3,588.9;420.8,553.5;342.5,553.5;302.1,599.0;297.0,586.4
90#391.1,756.6;386.1,682.4;420.7,633.0;378.7,633.0;319.4,667.6;316.9,749.2;398.5,633.0;383.6,551.5;383.6,539.1;384.9,500.9;403.4,586.1;428.1,586.1;428.1,549.0;341.6,554.0;307.1,603.4;297.2,600.9
91#392.7,764.9;390.0,688.9;418.3,630.2;375.4,629.0;337.2,666.5;339.6,742.3;396.2,629.6;382.4,546.5;382.4,536.6;383.2,494.0;415.5,567.4;438.4,572.3;427.3,542.7;339.6,550.4;306.4,599.8;296.6,607.6
92#394.4,773.2;393.9,695.4;415.9,627.4;372.1,625.0;355.1,665.5;362.2,735.4;393.9,626.2;381.2,541.5;381.2,534.1;381.4,487.1;427.7,548.7;448.7,558.6;426.5,536.3;337.5,546.7;305.7,596.1;296.1,614.4
93#396.0,781.5;397.7,701.8;413.4,624.7;368.9,621.0;372.9,664.4;384.9,728.6;391.6,622.8;380.1,536.5;380.1,531.5;379.7,480.2;439.8,530.0;459.0,544.8;425.6,530.0;335.5,543.1;305.1,592.5;295.5,621.1
94#397.7,789.8;401.6,708.3;411.0,621.9;365.6,617.0;390.8,663.4;407.5,721.7;389.3,619.4;378.9,531.5;378.9,529.0;377.9,473.3;452.0,511.3;469.3,531.1;424.8,523.6;333.4,539.4;304.4,588.8;295.0,627.9
95#399.3,798.1;405.5,714.8;408.6,619.1;362.3,613.0;408.6,662.3;430.2,714.8;387.0,616.0;377.7,526.5;377.7,526.5;376.2,466.4;464.1,492.6;479.6,517.3;424.0,517.3;331.4,535.8;303.7,585.2;294.4,634.6
96#404.7,787.1;420.3,699.9;405.9,612.1;361.0,608.3;409.5,656.1;423.5,716.6;384.6,610.5;377.6,521.5;377.6,520.8;376.1,461.5;465.7,506.3;473.0,524.1;421.8,514.6;334.1,528.5;312.6,574.3;310.8,609.2
97#410.2,776.1;435.1,685.0;403.2,605.1;359.7,603.5;410.5,650.0;416.8,718.5;382.1,605.0;377.5,516.6;377.5,515.1;376.1,456.7;467.3,520.1;466.3,530.9;419.6,512.0;336.9,521.2;321.6,563.4;327.1,583.8
98#415.6,765.2;449.9,670.1;400.4,598.1;358.3,598.8;411.4,643.8;410.2,720.3;379.7,599.6;377.4,511.6;377.4,509.5;376.0,451.8;468.9,533.8;459.7,537.7;417.4,509.3;339.6,514.0;330.6,552.5;343.5,558.3
99#421.0,754.2;464.7,655.2;397.7,591.1;357.0,594.1;412.3,637.7;403.5,722.2;377.3,594.1;377.3,506.7;377.3,503.8;375.9,447.0;470.5,547.5;453.0,544.5;415.2,506.7;342.4,506.7;339.5,541.6;359.9,532.9
100#445.4,705.3;475.3,633.5;403.5,591.6;364.6,594.6;409.5,648.5;403.5,735.3;379.6,594.6;379.6,501.9;379.6,495.9;378.1,461.5;472.3,558.7;460.4,540.8;415.5,501.9;343.7,501.9;349.7,543.8;397.5,573.7
101#450.1,689.4;473.3,620.3;412.3,588.3;372.3,592.0;406.8,653.1;400.1,738.8;388.3,591.4;388.3,497.3;387.7,493.4;389.4,454.9;473.1,567.2;468.4,527.9;424.0,497.8;352.0,496.7;353.5,522.3;392.4,544.1
102#454.8,673.5;471.2,607.1;421.0,585.0;380.0,589.3;404.1,657.8;396.6,742.3;397.0,588.1;397.0,492.7;395.8,491.0;400.6,448.3;473.9,575.8;476.4,515.1;432.5,493.8;360.3,491.5;357.3,500.8;387.4,514.4
103#459.4,657.7;469.2,593.9;429.8,581.6;387.7,586.6;401.5,662.4;393.2,745.9;405.6,584.9;405.6,488.0;403.9,488.5;411.9,441.7;474.6,584.4;484.4,502.2;441.1,489.8;368.5,486.3;361.1,479.4;382.4,484.8
104#464.1,641.8;467.2,580.7;438.6,578.3;395.4,584.0;398.8,667.0;389.8,749.4;414.3,581.7;414.3,483.4;412.0,486.0;423.1,435.1;475.4,592.9;492.4,489.4;449.6,485.7;376.8,481.1;364.9,457.9;377.3,455.1
105#468.8,625.9;465.1,567.5;447.3,575.0;403.1,581.4;396.1,671.7;386.3,752.9;423.0,578.4;423.0,478.8;420.1,483.6;434.4,428.5;476.2,601.5;500.4,476.5;458.1,481.6;385.1,475.9;368.7,436.4;372.2,425.5
106#473.5,610.0;463.1,554.3;456.1,571.7;410.8,578.7;393.4,676.3;382.9,756.4;431.7,575.2;431.7,474.2;428.2,481.1;445.6,421.9;477.0,610.0;508.4,463.7;466.6,477.6;393.4,470.7;372.5,414.9;367.2,395.8
107#471.1,622.4;460.9,563.9;462.8,571.4;419.3,575.8;394.3,665.8;388.8,745.7;439.8,574.0;438.1,474.3;435.5,480.3;446.2,422.4;481.7,558.7;513.2,456.9;473.9,476.9;400.7,471.7;373.1,428.3;369.1,406.0
108#468.7,634.8;458.7,573.5;469.6,571.1;427.8,573.0;395.2,655.2;394.8,735.0;447.8,572.8;444.6,474.5;442.8,479.6;446.8,422.9;486.4,507.4;518.0,450.1;481.2,476.2;407.9,472.8;373.6,441.7;370.9,416.2
109#466.3,647.2;456.5,583.1;476.3,570.7;436.3,570.1;396.1,644.6;400.7,724.4;455.8,571.6;451.1,474.6;450.2,478.8;447.4,423.4;491.0,456.0;522.8,443.4;488.4,475.5;415.2,473.8;374.1,455.1;372.8,426.4
110#463.9,659.6;454.3,592.7;483.0,570.4;444.8,567.2;397.0,634.1;406.6,713.7;463.9,570.4;457.5,474.8;457.5,478.0;448.0,423.9;495.7,404.7;527.6,436.6;495.7,474.8;422.5,474.8;374.7,468.5;374.7,436.6
111#467.1,668.8;450.2,595.8;486.7,570.5;450.2,567.7;388.4,615.5;427.7,691.3;467.1,567.7;461.4,475.1;461.4,475.1;453.0,424.5;500.8,416.1;537.3,441.4;498.0,475.1;424.9,477.9;377.2,477.9;374.4,447.0
112#463.9,678.1;435.6,610.3;492.1,570.7;452.6,562.2;376.2,599.0;427.1,666.8;475.2,567.9;463.9,474.5;461.0,474.5;448.3,419.4;497.8,426.4;540.2,443.4;497.8,468.9;427.1,474.5;379.0,491.5;373.4,463.2
113#465.5,688.9;434.4,618.4;490.9,567.6;448.5,559.1;366.7,578.9;420.3,641.0;471.1,564.8;457.0,474.4;457.0,474.4;444.3,425.0;493.7,434.9;541.7,451.9;496.5,468.8;423.1,477.3;378.0,497.0;363.9,480.1
114#465.4,702.9;438.5,631.3;489.2,562.7;450.4,553.7;355.0,559.7;408.7,622.3;465.4,562.7;456.4,470.2;456.4,473.2;440.0,418.0;504.1,452.3;545.9,455.3;492.2,464.3;417.6,473.2;378.9,500.0;358.0,491.1
115#467.6,717.2;448.9,633.1;489.4,555.2;452.0,545.8;349.2,542.7;395.9,608.1;470.7,552.1;452.0,471.1;448.9,468.0;431.8,416.5;514.3,455.5;545.5,455.5;486.3,461.7;417.8,474.2;374.1,508.4;367.9,492.9
116#464.1,724.2;457.7,637.7;483.3,551.1;457.7,541.5;342.3,544.7;383.9,612.0;470.5,544.7;448.0,464.6;444.8,461.4;424.0,408.5;518.5,458.2;521.8,448.6;480.1,458.2;416.0,467.8;364.7,515.9;351.9,503.0
117#456.2,722.4;465.7,630.4;481.5,544.7;446.6,535.1;341.9,560.5;380.0,633.5;462.5,544.7;446.6,459.0;446.6,455.8;426.0,400.2;399.0,592.3;484.7,512.9;481.5,452.6;414.9,459.0;376.8,493.9;364.1,519.3
118#455.2,715.9;469.3,631.4;480.6,541.2;435.5,532.8;345.4,586.3;387.6,659.5;458.0,538.4;446.8,453.9;443.9,451.1;436.9,393.4;452.4,487.7;483.4,496.2;480.6,448.3;413.0,453.9;365.1,487.7;390.4,473.6
119#452.7,713.5;462.0,626.3;477.6,539.1;434.0,536.0;359.3,598.3;387.3,676.1;455.8,539.1;449.6,448.8;449.6,448.8;443.3,389.7;458.9,480.0;483.8,489.3;483.8,445.7;412.2,448.8;365.5,467.5;390.4,458.2
120#452.4,710.5;452.4,626.2;476.0,545.2;432.2,541.9;371.5,609.3;385.0,686.9;452.4,545.2;452.4,440.7;452.4,447.4;449.0,393.4;477.7,358.0;496.3,386.7;486.1,433.9;418.7,444.0;381.6,444.0;411.9,406.9
121#454.8,700.8;441.7,615.6;474.5,543.6;435.2,540.3;395.9,625.5;386.1,697.5;454.8,543.6;458.1,438.8;458.1,442.1;451.6,389.6;479.4,358.5;497.4,383.1;487.6,442.1;425.4,442.1;402.4,429.0;422.1,392.9
122#459.1,679.0;433.7,615.7;474.9,546.1;446.4,539.7;411.6,625.2;380.0,697.9;459.1,536.6;465.4,444.8;465.4,441.6;462.2,381.5;468.6,463.8;487.5,489.1;497.0,444.8;436.9,441.6;411.6,441.6;433.7,413.2
123#467.1,651.4;430.3,604.5;487.2,544.3;450.4,544.3;403.5,621.3;393.4,698.3;467.1,544.3;470.5,450.5;470.5,447.1;467.1,383.5;460.4,500.7;493.9,494.0;497.3,450.5;440.3,447.1;410.2,460.5;430.3,433.7
124#470.4,631.0;417.8,590.1;490.8,552.2;458.7,552.2;397.3,622.3;409.0,695.3;473.3,552.2;473.3,461.6;473.3,458.7;468.9,410.4;473.3,470.3;499.6,505.4;502.5,464.5;438.2,461.6;411.9,482.0;429.5,441.1
125#474.3,623.6;426.6,584.3;496.8,559.0;463.1,559.0;392.8,626.4;426.6,699.5;479.9,559.0;474.3,472.0;474.3,466.4;475.7,422.8;471.5,528.1;505.2,514.1;508.0,474.8;440.6,469.2;412.5,505.7;429.4,480.4
126#471.8,631.7;436.6,580.4;506.9,566.9;466.4,566.9;390.7,629.0;428.5,699.3;485.3,566.9;474.5,483.1;477.2,477.7;475.8,435.8;474.5,504.7;501.5,520.9;509.6,483.1;436.6,483.1;415.0,523.6;431.2,502.0
127#472.1,651.6;434.8,596.9;509.4,574.5;479.6,574.5;392.5,624.2;427.4,693.8;492.0,574.5;477.1,490.0;477.1,482.5;480.8,444.0;479.6,527.3;509.4,527.3;511.9,490.0;439.8,490.0;419.9,539.7;434.8,514.8
128#478.8,674.7;430.4,613.6;511.9,580.5;481.4,580.5;392.2,616.1;427.9,687.4;496.7,580.5;478.8,493.9;478.8,488.8;482.7,441.7;481.4,521.9;506.9,532.1;514.5,493.9;440.6,499.0;425.4,549.9;443.2,521.9
129#484.7,694.7;437.9,634.9;515.9,585.5;484.7,580.3;391.1,606.3;422.3,676.5;500.3,582.9;482.1,502.3;482.1,494.5;486.0,443.8;502.9,528.3;534.1,536.1;518.5,499.7;443.1,504.9;430.1,556.9;450.9,543.9
130#487.9,712.1;444.1,650.3;513.7,588.5;480.2,585.9;392.6,593.6;415.8,668.3;500.8,585.9;482.7,506.0;482.7,498.3;486.6,448.1;524.0,521.5;557.5,534.4;518.8,503.5;444.1,508.6;428.6,567.9;454.4,560.1
131#490.9,731.5;453.0,664.0;515.2,596.5;482.8,583.0;390.9,585.7;415.2,655.9;501.7,591.1;490.9,510.0;490.9,501.9;492.2,449.3;455.7,596.5;574.6,520.9;526.0,507.3;450.3,512.7;423.3,564.1;444.9,585.7
132#493.3,747.6;464.2,672.2;513.6,599.6;478.7,585.1;391.7,576.4;414.9,646.1;496.2,593.8;496.2,509.6;496.2,506.7;499.1,451.6;571.6,509.6;586.1,512.5;533.9,506.7;458.4,509.6;409.1,544.5;443.9,547.4
133#491.6,761.7;485.8,675.6;511.6,598.2;471.5,583.8;391.1,569.5;417.0,641.2;491.6,592.4;503.0,509.2;500.2,509.2;504.5,456.1;569.0,512.1;592.0,517.8;537.5,506.4;462.9,509.2;405.5,532.2;414.1,526.4
134#494.4,767.7;509.8,705.8;509.8,609.8;466.5,600.5;392.2,566.5;420.1,637.7;491.3,603.6;506.7,513.8;506.7,513.8;499.0,459.6;571.7,526.2;590.3,532.4;540.8,513.8;472.7,510.7;457.2,581.9;413.9,495.3
135#505.1,771.7;511.0,710.0;511.0,621.8;469.8,604.2;399.3,566.0;425.8,636.5;493.3,610.1;508.0,522.0;505.1,519.0;503.6,470.6;563.8,530.8;560.9,548.4;540.3,524.9;466.9,513.2;402.3,504.3;393.5,486.7
136#527.2,772.4;510.2,704.2;513.0,618.9;470.4,604.7;407.9,573.5;436.3,636.0;493.1,610.4;507.3,525.2;507.3,525.2;508.7,484.0;575.5,559.3;567.0,579.2;541.4,533.7;473.2,522.3;442.0,587.7;439.1,613.3
137#540.7,761.5;503.3,700.1;516.7,620.2;476.7,612.2;412.7,577.5;447.3,636.1;498.0,617.5;514.0,537.5;511.3,532.2;515.3,490.9;564.6,569.5;564.6,596.2;548.7,542.8;474.0,526.8;412.7,524.2;398.0,496.2
138#459.0,682.2;494.1,688.1;519.5,617.8;480.4,604.1;419.9,584.6;453.1,649.0;501.9,610.0;515.6,541.6;515.6,535.8;521.5,490.8;548.8,588.5;564.4,604.1;550.8,549.4;478.5,529.9;410.1,537.7;402.3,504.5
139#514.4,731.1;503.7,700.8;525.2,616.8;486.1,607.1;425.6,601.2;466.6,667.6;503.7,612.9;515.4,542.6;515.4,538.7;525.2,495.7;576.0,599.3;568.1,599.3;548.6,552.4;480.3,534.8;421.7,548.5;402.1,521.1
140#519.9,747.1;512.8,702.6;525.4,616.3;484.6,607.2;431.2,613.7;462.0,694.4;503.2,612.8;512.8,543.4;512.8,539.0;524.1,496.9;568.8,611.6;572.2,595.1;546.2,551.6;476.4,534.7;420.8,554.3;404.3,532.5
141#525.5,763.2;521.9,704.5;525.6,615.7;483.0,607.3;436.9,626.2;457.5,721.2;502.8,612.7;510.1,544.1;510.1,539.4;523.0,498.2;561.6,623.8;576.3,590.8;543.8,550.9;472.4,534.6;419.9,560.0;406.4,543.9
142#531.0,779.2;531.0,706.3;525.8,615.2;481.5,607.4;442.5,638.7;452.9,748.0;502.3,612.6;507.5,544.9;507.5,539.7;521.9,499.4;554.4,636.1;580.4,586.6;541.4,550.1;468.5,534.5;419.0,565.8;408.6,555.3
143#530.7,775.2;525.4,698.2;520.1,610.6;485.6,602.7;445.8,645.1;456.4,743.3;498.9,608.0;504.2,539.0;506.8,533.7;524.1,492.5;554.6,637.2;578.5,581.4;541.3,544.3;467.0,528.3;421.9,554.9;392.7,562.8
144#528.5,772.7;525.7,696.6;520.3,606.9;476.8,604.1;446.9,653.1;449.6,767.3;498.5,606.9;501.3,533.5;504.0,525.3;513.5,485.9;539.3,604.1;569.2,582.4;536.6,536.2;463.2,522.6;406.1,544.3;408.8,544.3
145#529.5,765.8;523.7,687.8;515.0,606.8;471.7,601.1;454.3,673.3;486.1,734.0;491.9,603.9;500.6,525.9;503.5,520.1;516.5,478.2;535.3,586.6;564.2,575.0;535.3,528.8;465.9,517.2;399.4,528.8;411.0,528.8
146#537.6,755.6;528.2,683.4;515.7,604.9;468.6,595.5;465.5,683.4;487.4,746.1;490.6,601.8;500.0,520.2;500.0,517.0;507.8,465.2;525.1,570.4;556.5,567.2;537.6,523.3;459.2,513.9;396.4,513.9;427.8,485.6
147#544.7,754.6;528.7,674.4;515.8,600.7;474.2,600.7;474.2,680.9;487.0,757.8;493.4,600.7;493.4,514.2;496.6,514.2;507.8,454.9;525.4,539.8;547.9,549.4;528.7,517.4;461.3,507.8;413.3,488.6;443.7,448.5
148#549.6,749.8;535.2,672.1;512.2,585.7;471.9,591.5;477.7,683.6;483.4,758.5;492.0,588.6;489.2,510.9;489.2,510.9;493.5,451.9;535.2,513.8;546.7,522.4;520.8,508.0;457.5,510.9;469.0,536.8;492.0,525.3
