1#614.4,678.0;614.4,583.3;734.9,630.6;717.7,639.3;640.2,742.6;635.9,858.8;726.3,634.9;696.2,510.1;696.2,505.8;685.4,426.2;648.8,432.6;679.0,471.4;726.3,497.2;661.8,505.8;580.0,480.0;530.5,426.2
2#611.9,675.5;603.0,587.1;717.9,613.6;700.2,631.3;638.4,741.7;634.0,852.1;709.0,626.9;687.0,498.8;687.0,498.8;680.3,417.1;671.5,408.3;691.4,467.9;722.3,490.0;656.0,503.2;572.1,485.6;536.8,423.7
3#611.1,676.4;587.9,583.4;704.0,597.4;680.8,620.6;625.0,732.1;629.7,843.6;690.1,611.3;676.1,481.2;676.1,485.9;662.2,402.2;569.3,406.9;671.5,444.0;713.3,471.9;643.6,490.5;564.6,485.9;536.7,430.1
4#609.1,678.2;578.9,585.4;689.8,587.4;664.8,607.4;596.5,701.2;617.1,809.6;674.3,598.7;658.6,464.5;658.6,467.1;645.7,386.5;581.1,390.0;673.1,422.1;697.6,452.4;623.2,476.6;558.9,486.8;534.5,428.7
5#607.0,680.0;569.9,587.5;675.6,577.4;648.7,594.2;568.0,670.4;604.4,775.6;658.5,586.1;641.2,447.8;641.2,448.4;629.2,370.8;592.9,373.1;674.8,400.1;682.0,432.8;602.8,462.6;553.1,487.6;532.3,427.3
6#605.0,681.9;560.8,589.5;661.5,567.5;632.6,581.0;539.4,639.5;591.8,741.6;642.6,573.5;623.8,431.0;623.8,429.6;612.6,355.0;604.8,356.2;676.4,378.2;666.3,413.3;582.4,448.7;547.4,488.4;530.1,425.9
7#602.9,683.7;551.8,591.6;647.3,557.5;616.6,567.8;510.9,608.7;579.1,707.6;626.8,560.9;606.3,414.3;606.3,410.9;596.1,339.3;616.6,339.3;678.0,356.3;650.7,393.8;562.0,434.8;541.6,489.3;527.9,424.5
8#600.5,679.9;536.0,581.5;634.4,540.8;597.1,547.6;485.0,578.1;549.5,663.0;614.0,544.2;583.5,408.4;583.5,401.6;581.8,328.6;603.9,337.1;668.3,343.9;627.6,384.6;542.8,425.4;522.4,483.1;522.4,435.5
9#606.7,697.6;542.8,598.7;622.6,534.9;574.7,541.3;463.0,547.6;526.9,630.6;597.1,538.1;574.7,404.0;574.7,394.4;573.1,322.6;629.0,333.8;638.6,333.8;613.0,388.1;536.4,420.0;495.0,471.0;517.3,435.9
10#613.0,714.7;572.9,616.4;609.4,543.6;554.7,539.9;441.9,518.1;507.4,601.8;583.9,539.9;569.3,398.0;565.7,394.3;563.8,327.0;653.0,416.2;614.8,334.2;609.4,376.1;525.6,416.2;463.7,448.9;460.1,401.6
11#625.0,731.7;599.3,632.5;591.9,540.7;536.8,540.7;426.6,500.2;489.1,581.1;566.2,540.7;555.2,401.1;555.2,397.4;557.0,333.1;654.4,419.4;654.4,426.8;595.6,390.0;518.5,412.1;437.6,415.8;426.6,368.0
12#620.9,744.4;603.3,645.8;578.6,550.6;525.8,550.6;416.5,494.3;483.5,568.3;550.4,550.6;546.9,413.2;546.9,402.6;545.1,351.6;539.9,466.1;561.0,441.4;585.7,413.2;508.1,413.2;423.6,395.6;411.2,358.6
13#616.9,754.7;590.3,652.7;572.6,559.7;514.9,555.2;413.0,493.2;483.9,577.4;541.5,555.2;532.7,417.8;532.7,422.3;532.7,342.5;495.0,300.4;528.2,360.2;568.1,413.4;492.8,413.4;426.3,382.4;382.0,315.9
14#595.3,708.7;583.4,652.6;563.0,577.9;498.5,577.9;406.8,503.2;461.1,591.5;532.4,577.9;522.2,425.1;522.2,425.1;522.2,360.5;474.7,309.6;515.5,360.5;563.0,421.7;478.1,431.9;417.0,404.7;389.8,346.9
15#588.0,751.5;574.2,651.7;550.1,596.7;488.2,593.2;405.6,514.1;443.4,603.6;519.1,593.2;519.1,445.3;519.1,448.7;519.1,379.9;526.0,421.2;539.8,448.7;560.4,438.4;477.8,452.1;415.9,441.8;391.8,379.9
16#556.2,729.1;569.2,634.3;546.3,608.1;474.4,608.1;402.4,519.8;412.2,621.2;507.1,608.1;516.9,467.4;516.9,467.4;510.4,398.7;516.9,411.8;539.8,451.1;562.7,460.9;471.1,474.0;408.9,467.4;402.4,411.8
17#466.6,600.1;425.2,563.9;528.7,615.6;476.9,615.6;394.1,538.0;370.8,626.0;497.6,615.6;508.0,488.8;508.0,481.1;505.4,421.5;526.1,450.0;531.3,470.7;546.8,483.6;466.6,491.4;407.1,494.0;409.7,442.2
18#430.3,617.9;465.0,561.8;467.7,596.5;427.7,583.2;385.0,551.2;342.3,628.5;449.0,585.8;497.0,503.1;497.0,497.8;502.4,433.8;478.4,532.5;505.0,532.5;542.4,505.8;451.7,505.8;409.0,511.1;419.7,465.8
19#409.3,627.8;411.9,589.0;445.4,607.1;406.7,591.6;357.7,565.8;313.8,638.1;427.4,596.8;479.0,516.7;479.0,501.2;486.8,441.9;517.7,449.6;535.8,498.7;530.6,511.6;424.8,516.7;409.3,545.1;432.5,490.9
20#506.0,760.6;495.5,577.0;498.1,639.9;432.5,642.6;332.9,590.1;311.9,660.9;464.0,639.9;461.4,519.3;461.4,503.5;462.7,439.3;527.0,464.2;540.1,514.0;513.9,514.0;408.9,521.9;406.3,558.6;443.0,558.6
21#517.3,787.0;502.6,699.8;470.4,643.4;411.3,643.4;309.4,605.9;314.7,694.4;446.2,640.7;446.2,517.3;446.2,498.5;447.6,448.9;532.1,485.1;537.5,541.4;499.9,509.2;395.2,520.0;400.6,571.0;459.6,557.5
22#520.4,796.6;495.7,701.0;461.8,648.6;400.1,645.5;292.2,620.8;316.9,710.2;431.0,645.5;440.2,512.9;440.2,494.4;444.8,437.3;535.8,516.0;532.7,559.1;495.7,512.9;384.7,516.0;381.6,565.3;421.7,546.8
23#518.0,800.2;502.5,694.5;452.7,650.9;390.4,647.8;300.2,635.3;328.2,725.6;424.7,647.8;440.2,510.9;440.2,492.2;451.1,437.8;546.0,529.6;533.6,570.0;496.2,514.0;384.2,504.7;359.3,545.1;399.8,542.0
24#499.7,787.9;509.6,679.0;460.1,649.2;387.4,645.9;308.1,655.8;341.2,751.6;427.0,645.9;446.9,503.9;446.9,490.7;458.4,423.0;552.5,553.4;532.7,576.6;499.7,513.8;394.0,497.3;351.1,513.8;390.7,517.1
25#487.2,747.9;516.6,656.7;461.2,643.7;392.8,630.6;317.8,669.7;353.7,764.2;425.3,633.9;457.9,500.3;457.9,487.3;472.6,420.5;562.2,562.2;536.1,581.8;513.3,513.4;402.5,484.0;373.2,484.0;409.1,497.1
26#488.1,691.9;528.4,626.9;466.5,633.1;407.6,623.8;339.4,673.3;370.4,791.1;435.5,623.8;469.5,490.5;475.7,478.1;499.0,411.4;568.7,577.3;547.0,580.4;522.2,509.1;416.9,468.8;392.1,428.5;432.4,437.8
27#496.0,658.5;542.7,597.0;486.1,624.1;429.6,609.3;380.5,665.8;410.0,616.7;464.0,624.1;486.1,481.6;496.0,461.9;519.3,411.5;582.0,587.2;559.9,579.8;537.7,503.7;439.5,459.4;430.9,411.5;435.8,406.6
28#497.3,636.7;551.6,569.5;497.3,603.1;440.4,600.5;412.0,667.7;414.6,608.2;468.9,600.5;510.2,476.4;518.0,458.4;546.4,401.5;598.1,600.5;569.6,566.9;559.3,499.7;474.0,445.4;459.8,397.6;502.5,468.7
29#609.7,617.3;573.9,542.1;520.2,603.0;459.4,603.0;437.9,713.9;416.4,817.6;491.6,599.4;538.1,477.7;545.3,459.8;572.1,393.6;620.4,610.1;598.9,563.6;584.6,499.2;495.2,438.4;486.2,393.6;500.5,386.5
30#620.6,681.1;596.9,582.8;546.1,596.4;478.3,589.6;451.2,718.4;437.6,816.7;512.2,593.0;559.6,471.0;569.8,450.7;595.2,398.1;644.4,593.0;634.2,555.7;607.1,487.9;522.4,433.7;527.4,404.9;547.8,404.9
31#554.7,695.9;622.5,619.7;567.4,590.0;508.1,581.6;482.7,704.4;461.6,814.5;537.8,585.8;592.8,454.5;592.8,450.3;622.5,382.6;673.3,581.6;677.5,543.5;635.2,484.2;550.5,420.7;546.2,352.9;561.1,300.0
32#560.9,729.2;633.5,638.5;592.7,588.7;529.2,579.6;506.5,702.0;492.9,810.8;560.9,584.1;610.8,452.7;615.3,448.2;647.1,380.2;706.0,556.9;719.6,538.8;656.1,475.4;565.5,421.0;538.3,366.6;565.5,321.2
33#570.2,744.1;640.2,650.8;620.7,592.5;562.4,584.7;519.6,693.6;511.8,806.4;589.6,588.6;632.4,452.5;636.3,444.7;657.7,372.8;729.6,526.4;749.0,522.5;686.8,471.9;581.8,433.0;535.2,386.4;572.1,365.0
34#580.8,766.5;632.2,693.1;646.8,601.3;588.1,590.3;533.1,674.7;533.1,788.5;617.5,597.7;650.5,450.9;650.5,443.5;648.7,379.3;745.9,502.3;756.9,498.6;705.6,465.6;595.5,439.9;551.4,395.8;582.6,379.3
35#590.1,777.9;637.8,686.1;663.5,605.3;601.1,590.7;542.4,645.7;560.7,755.9;634.2,601.7;656.2,447.5;656.2,436.4;650.7,383.2;751.7,469.5;755.3,469.5;707.6,451.1;601.1,440.1;553.4,418.1;591.9,390.5
36#610.1,789.6;648.1,705.2;686.1,599.8;622.8,595.5;559.5,616.6;584.8,709.4;652.3,599.8;665.0,447.9;665.0,443.7;654.4,369.8;719.8,401.5;753.6,435.2;719.8,443.7;610.1,447.9;580.6,439.4;584.8,405.7
37#645.0,776.3;676.6,677.7;700.2,591.0;637.1,587.1;570.1,594.9;621.4,681.7;668.7,587.1;664.7,445.2;668.7,445.2;660.8,370.3;704.2,354.5;743.6,413.6;716.0,441.2;617.4,453.1;589.8,476.7;593.8,429.4
38#669.1,759.0;698.8,669.8;715.8,580.7;652.1,580.7;609.7,589.2;635.1,657.1;681.8,580.7;669.1,449.1;669.1,444.9;660.6,372.8;715.8,343.0;737.0,398.2;720.0,440.7;613.9,457.6;596.9,500.1;596.9,453.4
39#699.7,726.0;715.3,632.3;723.1,569.8;656.8,581.6;598.2,573.7;645.0,651.8;688.0,577.7;668.5,452.7;668.5,444.9;656.8,374.6;727.0,331.7;730.9,382.4;719.2,437.1;613.8,468.3;602.1,519.1;598.2,472.2
40#720.6,686.1;723.7,596.5;720.6,581.0;661.8,590.3;612.4,584.1;649.5,667.6;695.8,581.0;671.1,457.4;668.0,441.9;658.7,377.0;731.4,356.9;729.8,386.2;720.6,438.8;618.5,466.6;603.1,528.5;603.1,494.5
41#729.0,649.3;703.5,557.0;738.5,572.9;674.9,592.0;614.4,598.4;646.2,687.5;703.5,585.7;674.9,461.6;671.7,448.9;659.0,382.0;727.4,358.2;738.5,407.5;729.0,445.7;620.8,474.3;604.9,541.1;592.1,506.1
42#719.6,637.3;684.2,540.6;735.7,579.3;671.3,592.1;619.7,605.0;645.5,695.3;706.7,585.7;674.5,466.5;671.3,450.3;661.6,385.9;722.8,382.7;745.4,437.5;722.8,453.6;622.9,476.1;603.6,553.5;590.7,527.7
43#711.1,660.8;683.8,554.5;747.6,569.7;674.7,591.0;626.1,606.2;653.4,697.3;702.0,588.0;671.7,469.5;668.6,454.3;658.0,389.0;712.7,389.0;738.5,436.1;723.3,451.3;620.0,481.7;601.8,557.6;589.7,545.4
44#711.4,684.9;719.9,605.5;736.9,568.7;674.6,591.4;626.4,591.4;657.6,679.2;700.1,582.8;668.9,472.3;663.3,452.5;653.3,394.4;698.7,400.1;711.4,421.3;719.9,458.2;615.1,486.5;598.1,557.3;586.7,563.0
45#703.9,699.2;717.4,620.7;733.6,563.9;668.7,582.8;638.9,593.7;660.6,655.9;690.3,580.1;663.3,474.6;660.6,453.0;653.8,405.6;674.1,528.7;717.4,507.1;714.7,463.8;614.6,485.4;584.8,558.5;576.7,577.4
46#699.3,715.8;716.9,639.3;708.1,589.3;646.4,589.3;611.1,568.7;578.7,624.6;678.7,589.3;661.1,477.5;661.1,451.0;656.6,411.3;690.5,512.8;725.8,509.9;714.0,465.8;608.1,486.3;575.8,554.0;569.9,589.3
47#697.0,731.3;716.4,640.8;700.3,592.3;638.8,592.3;600.1,585.8;558.0,631.1;667.9,592.3;658.2,475.9;658.2,453.3;646.9,400.0;677.6,521.2;713.2,517.9;710.0,466.2;606.5,479.1;558.0,537.3;561.3,553.5
48#689.6,747.8;702.9,667.9;686.3,594.6;626.3,587.9;583.0,601.2;553.1,647.9;656.3,587.9;649.6,468.0;649.6,448.1;638.0,396.5;666.3,508.0;699.6,508.0;702.9,461.4;603.0,471.4;543.1,514.7;546.4,518.0
49#683.3,754.9;683.3,663.2;679.9,581.6;622.1,578.2;584.7,585.0;554.1,653.0;652.7,581.6;642.5,459.3;642.5,442.3;630.6,389.6;639.1,513.6;700.3,510.2;696.9,459.3;594.9,459.3;533.7,489.9;533.7,472.9
50#670.6,755.2;676.9,651.5;680.0,569.7;623.4,560.3;588.8,560.3;595.1,642.0;648.6,569.7;636.0,450.2;632.9,437.7;621.9,373.2;639.2,497.4;686.3,500.5;683.2,450.2;592.0,447.1;526.0,459.7;522.8,406.2
51#657.6,732.5;668.0,635.5;678.4,573.2;616.0,562.8;578.0,569.7;584.9,659.7;647.2,562.8;629.9,445.0;629.9,441.6;617.8,381.0;664.5,538.5;681.8,507.4;678.4,455.4;584.9,441.6;529.5,445.0;522.5,406.9
52#638.2,717.7;651.6,620.6;671.7,563.7;614.8,557.0;577.9,583.7;584.6,674.2;641.6,563.7;624.8,446.4;624.8,443.1;619.8,371.0;544.4,419.6;671.7,500.0;671.7,449.8;581.3,443.1;524.3,453.1;517.6,416.3
53#629.0,672.0;641.2,587.0;686.7,556.7;619.9,556.7;577.4,599.1;580.4,690.2;653.3,556.7;626.0,450.4;626.0,438.3;615.4,376.1;544.0,447.4;662.4,499.0;674.5,453.5;577.4,444.4;525.8,474.7;513.7,435.2
54#624.4,633.3;611.4,587.8;682.8,561.8;630.8,561.8;565.9,617.1;575.6,711.3;656.8,561.8;627.6,451.4;624.4,441.7;613.0,388.1;660.1,535.9;705.6,519.6;676.3,457.9;575.6,451.4;520.4,487.1;510.7,454.7
55#644.5,633.2;617.4,579.0;678.4,562.1;627.6,562.1;566.6,633.2;573.4,728.1;654.7,562.1;631.0,453.6;627.6,443.5;612.3,384.1;668.2,511.2;712.3,507.8;675.0,457.0;583.5,453.6;532.7,494.3;505.6,470.6
56#643.9,643.4;608.8,583.7;682.5,559.1;629.9,562.6;573.7,650.4;570.2,745.2;654.5,562.6;633.4,450.2;629.9,439.7;621.1,378.2;665.0,495.9;710.6,495.9;679.0,453.7;584.2,453.7;538.6,506.4;507.0,485.3
57#638.3,659.3;610.6,590.0;676.5,555.3;627.9,558.8;579.4,645.4;565.5,742.5;648.7,558.8;627.9,447.8;624.5,437.4;615.8,376.8;655.7,499.8;683.4,492.9;676.5,447.8;582.9,454.8;541.3,510.2;503.1,503.3
58#634.7,688.9;617.8,594.0;675.4,560.2;624.6,560.2;567.0,631.3;577.1,726.1;648.3,560.2;624.6,445.0;621.2,434.8;611.0,373.9;631.3,509.4;651.7,482.3;668.6,438.2;580.5,455.2;543.3,512.7;499.3,519.5
59#625.8,702.7;609.2,609.9;668.8,553.6;622.5,553.6;552.9,596.7;586.0,686.1;645.7,553.6;615.8,444.3;615.8,437.7;599.3,378.0;624.1,366.4;642.3,384.7;662.2,431.0;576.1,457.5;543.0,517.2;499.9,537.0
60#623.1,716.1;612.0,625.3;655.3,558.8;605.2,558.8;540.7,593.6;565.2,665.2;630.3,558.8;604.3,448.5;603.1,440.5;584.3,378.4;631.6,378.5;652.2,405.2;649.7,434.9;563.4,461.0;530.5,524.9;495.7,552.6
61#620.3,729.4;614.8,640.6;641.9,564.0;587.9,564.0;528.5,590.4;544.4,644.3;614.9,564.0;592.9,452.8;590.5,443.4;569.3,378.9;639.0,390.7;662.0,425.7;637.3,438.7;550.7,464.4;518.0,532.5;491.6,568.1
62#617.6,742.8;617.6,656.0;628.4,569.2;570.6,569.2;516.3,587.3;523.6,623.4;599.5,569.2;581.4,457.0;577.8,446.2;554.3,379.3;646.5,402.8;671.9,446.2;624.8,442.6;538.0,467.9;505.5,540.2;487.4,583.7
63#620.8,750.2;613.6,655.9;606.3,576.2;555.6,568.9;497.6,594.3;522.9,659.5;577.3,568.9;562.8,452.9;559.2,442.0;553.8,385.8;646.2,423.9;664.3,460.2;609.9,442.0;515.7,467.4;497.6,539.9;475.8,590.7
64#616.8,740.7;606.0,651.1;595.3,568.5;527.1,557.8;523.5,629.5;519.9,679.8;559.4,564.9;552.2,453.7;548.6,435.8;546.8,390.9;638.3,450.1;656.3,475.2;602.4,443.0;505.6,457.3;480.4,518.3;480.4,568.5
65#611.6,725.5;602.0,635.6;569.9,548.9;524.9,548.9;524.9,638.8;518.5,680.5;547.4,548.9;537.8,449.4;541.0,433.3;542.6,393.2;634.1,471.8;624.5,491.1;585.9,446.1;492.8,455.8;463.9,510.4;480.0,552.1
66#605.4,712.3;602.1,618.1;550.1,546.6;498.1,546.6;533.9,592.1;524.1,679.8;524.1,546.6;530.6,452.3;530.6,442.6;529.0,376.0;631.4,497.8;618.4,504.3;576.1,445.8;481.9,455.6;446.1,501.1;452.6,507.6
67#597.0,692.9;603.3,604.1;549.4,553.4;492.4,559.7;520.9,591.4;524.1,689.7;520.9,553.4;517.7,451.9;517.7,442.4;519.3,396.5;600.2,502.7;606.5,505.8;562.1,451.9;473.4,455.1;429.0,486.8;435.3,486.8
68#595.4,655.2;608.0,585.6;541.6,560.3;487.8,569.7;503.6,636.2;516.3,721.6;513.1,560.3;503.6,462.2;506.8,446.4;508.3,406.8;598.5,506.5;601.7,506.5;554.2,459.0;459.3,459.0;402.3,471.7;424.5,449.5
69#589.1,638.9;602.8,567.1;534.4,563.7;483.1,573.9;489.9,649.2;510.4,734.8;510.4,570.5;496.8,461.0;496.8,457.6;498.5,394.3;596.0,515.8;599.4,502.1;544.7,464.4;448.9,457.6;390.7,450.7;418.1,423.4
70#578.6,616.3;585.6,550.6;530.3,571.3;478.5,585.2;485.4,671.5;506.1,754.5;502.6,574.8;488.8,464.2;488.8,460.8;487.1,393.4;575.2,512.6;599.4,502.2;537.2,464.2;440.4,457.3;392.1,429.7;411.1,400.3
71#571.0,606.3;567.0,531.2;523.6,566.8;472.2,578.7;484.0,685.4;503.8,776.3;495.9,574.7;488.0,464.0;488.0,460.1;488.0,392.9;574.9,495.6;598.7,495.6;535.4,468.0;440.5,452.2;405.0,416.6;408.9,365.2
72#566.3,608.4;555.3,527.6;518.6,568.0;467.1,582.7;481.8,689.2;492.9,773.7;489.2,575.3;481.8,461.4;481.8,461.4;489.2,395.3;559.0,479.8;592.1,490.8;529.6,468.8;437.8,450.4;404.7,413.7;406.5,382.4
73#568.4,633.0;558.0,546.8;502.8,570.9;451.0,577.8;464.8,691.7;492.4,767.6;475.2,577.8;482.1,463.9;482.1,463.9;483.8,396.6;544.2,477.7;575.3,484.6;520.0,467.4;437.2,453.6;385.4,429.4;394.1,403.5
74#572.2,662.2;558.7,580.8;501.7,575.4;450.1,578.1;433.8,670.4;481.3,734.2;474.5,578.1;474.5,464.0;474.5,455.9;475.9,397.5;515.2,469.5;555.9,477.6;515.2,466.8;433.8,458.6;376.8,450.5;390.3,420.6
75#567.0,687.0;554.3,608.1;500.7,576.6;447.0,586.0;396.5,658.6;469.1,718.6;472.3,582.9;466.0,466.1;466.0,462.9;464.4,404.6;491.2,466.1;525.9,462.9;510.1,469.3;428.1,462.9;399.7,466.1;390.2,437.7
76#563.8,715.1;550.7,639.5;494.8,583.6;442.2,586.9;366.6,642.8;432.3,695.4;468.5,586.9;458.6,468.5;455.3,468.5;447.1,404.4;475.1,439.0;471.8,458.7;491.5,468.5;425.8,471.8;389.6,485.0;392.9,465.3
77#551.2,725.0;535.4,644.3;484.9,585.3;431.8,587.8;352.0,633.9;402.1,696.5;458.3,587.8;445.8,469.9;443.3,468.1;435.4,405.5;463.3,430.6;465.1,449.7;478.1,466.4;412.6,474.1;379.5,496.8;376.0,481.2
78#538.6,734.8;520.1,649.1;475.0,587.0;421.3,588.6;337.4,625.1;371.9,697.6;448.1,588.6;433.0,471.2;431.3,467.8;423.8,406.6;451.5,422.2;458.4,440.6;464.8,464.4;399.4,476.3;369.4,508.6;359.0,497.0
79#526.0,744.6;504.7,653.9;465.1,588.6;410.8,589.4;322.7,616.2;341.7,698.7;438.0,589.4;420.1,472.6;419.3,467.4;412.1,407.8;439.6,413.9;451.6,431.6;451.4,462.3;386.3,478.6;359.2,520.3;342.1,512.9
80#513.4,754.5;489.4,658.7;455.2,590.3;400.4,590.3;308.1,607.4;311.5,699.8;427.8,590.3;407.3,473.9;407.3,467.1;400.4,408.9;427.8,405.5;444.9,422.6;438.1,460.2;373.1,480.8;349.1,532.1;325.2,528.7
81#474.8,738.8;484.0,652.5;437.8,590.9;388.5,590.9;305.2,634.0;308.3,723.4;413.1,590.9;397.7,473.8;397.7,473.8;402.3,410.6;428.5,418.3;440.9,430.6;437.8,467.6;360.7,483.0;329.9,513.8;357.6,507.7
82#451.1,705.0;476.1,636.2;429.2,586.2;382.3,595.6;313.5,648.7;310.4,742.5;404.2,592.4;397.9,483.0;397.9,479.9;399.5,418.9;412.0,418.9;432.3,436.1;441.7,473.6;354.2,486.1;304.1,501.8;332.3,498.6
83#441.1,677.7;472.6,620.8;422.1,595.6;368.4,608.2;317.9,671.4;311.6,769.3;396.8,605.0;393.7,488.2;393.7,481.9;401.6,423.4;431.6,459.8;437.9,475.6;434.7,485.0;346.3,488.2;292.6,485.0;327.4,472.4
84#443.1,650.5;456.7,599.4;419.2,606.2;364.7,609.6;334.0,698.2;317.0,776.6;392.0,606.2;395.4,493.7;395.4,486.9;402.2,429.0;385.2,527.8;412.4,504.0;436.3,493.7;347.7,486.9;296.5,476.7;303.4,459.7
85#437.3,643.9;437.3,587.3;420.7,610.6;370.7,610.6;347.3,720.6;317.3,787.3;397.3,610.6;394.0,497.2;394.0,493.9;397.3,433.9;400.7,527.3;437.3,533.9;437.3,500.6;354.0,490.6;310.7,470.6;307.3,453.9
86#356.1,665.5;359.4,675.3;421.8,616.1;382.4,619.4;346.2,718.1;319.9,793.8;402.1,619.4;398.8,504.3;398.8,501.0;400.5,446.8;408.7,566.8;441.6,556.9;441.6,507.6;356.1,497.7;313.3,497.7;283.7,491.2
87#408.6,662.3;381.6,642.0;428.9,614.9;391.7,625.1;344.4,713.0;337.6,797.5;408.6,621.7;398.5,513.5;398.5,513.5;403.6,447.6;408.6,557.5;442.5,560.8;442.5,513.5;354.5,510.1;303.8,533.8;290.3,510.1
88#406.1,712.2;396.5,651.5;441.2,619.6;396.5,632.4;345.4,696.2;358.2,782.5;418.9,622.8;406.1,520.6;402.9,520.6;401.3,455.1;418.9,562.1;444.4,562.1;444.4,520.6;367.8,517.4;307.1,543.0;288.0,533.4
89#389.7,744.4;398.7,662.8;438.1,617.4;398.7,617.4;338.3,690.0;371.5,768.6;419.9,617.4;407.8,523.7;407.8,523.7;397.2,461.7;419.9,566.0;444.1,563.0;447.1,526.7;371.5,523.7;311.1,550.9;292.9,541.8
90#396.6,744.5;393.7,665.3;447.5,625.7;407.9,620.0;331.5,679.4;365.4,750.1;430.5,620.0;407.9,529.5;405.0,523.9;398.0,468.7;433.3,569.1;472.9,583.3;450.3,529.5;368.3,529.5;320.2,560.6;297.6,566.3
91#398.4,766.4;392.4,683.1;454.9,626.6;410.3,623.6;327.0,662.3;362.7,730.7;431.1,626.6;407.3,534.4;407.3,528.4;393.9,470.4;440.0,570.1;490.6,579.0;448.9,534.4;365.6,534.4;321.0,582.0;297.2,576.0
92#400.2,780.1;400.5,698.7;450.8,626.5;404.9,624.5;341.8,648.2;371.0,706.7;427.4,626.5;407.2,533.8;407.2,527.6;397.7,469.0;451.7,547.9;491.9,565.7;450.0,532.7;365.4,535.9;325.9,583.9;298.2,588.5
93#402.0,793.9;408.6,714.4;446.7,626.5;399.5,625.5;356.6,634.0;379.3,682.8;423.7,626.5;407.1,533.1;407.1,526.9;401.6,467.6;463.3,525.6;493.1,552.3;451.2,531.0;365.2,537.5;330.9,585.7;299.2,601.0
94#403.8,807.6;416.7,730.0;442.6,626.4;394.1,626.4;371.4,619.9;387.6,658.8;420.0,626.4;407.0,532.5;407.0,526.1;405.4,466.2;475.0,503.4;494.4,539.0;452.3,529.3;365.0,539.0;335.8,587.6;300.2,613.5
95#415.4,806.1;427.4,722.3;433.4,635.5;388.5,623.6;403.5,674.4;406.4,740.3;409.4,623.6;409.4,524.8;409.4,518.8;405.0,466.5;475.3,506.9;487.2,533.8;448.3,521.8;364.6,530.8;340.6,581.7;313.7,611.6
96#427.0,783.1;435.6,702.8;437.6,628.8;392.2,619.7;404.4,675.8;407.4,744.2;413.8,619.3;412.4,519.3;412.4,514.0;409.0,461.3;476.1,511.6;489.8,534.2;451.6,517.6;368.1,524.1;345.2,565.4;323.5,587.3
97#438.5,760.2;443.8,683.4;441.8,622.0;396.0,615.9;405.4,677.3;408.5,748.1;418.2,614.9;415.4,513.8;415.4,509.3;413.0,456.1;476.9,516.2;492.4,534.5;454.8,513.4;371.6,517.4;349.8,549.0;333.4,563.1
98#450.1,737.2;452.0,663.9;446.0,615.2;399.8,612.0;406.3,678.7;409.5,752.0;422.6,610.6;418.4,508.3;418.4,504.5;417.0,450.9;477.8,520.9;495.0,534.9;458.1,509.2;375.0,510.7;354.4,532.7;343.2,538.8
99#461.7,714.3;460.3,644.5;450.2,608.5;403.5,608.2;407.3,680.2;410.6,756.0;427.0,606.2;421.4,502.8;421.4,499.8;421.1,445.7;478.6,525.6;497.6,535.3;461.3,505.1;378.5,504.0;359.0,516.3;353.0,514.5
100#473.3,691.4;468.5,625.0;454.4,601.8;407.2,604.3;408.2,681.6;411.6,759.9;431.4,601.9;424.4,497.3;424.4,495.0;425.1,440.5;479.4,530.2;500.2,535.6;464.6,500.9;382.0,497.2;363.7,500.0;362.9,490.2
101#484.8,668.4;476.7,605.5;458.6,595.0;411.0,600.4;409.1,683.0;412.7,763.8;435.8,597.6;427.4,491.8;427.4,490.3;429.1,435.3;480.2,534.9;502.8,536.0;467.9,496.7;385.5,490.5;368.3,483.7;372.7,466.0
102#496.4,645.5;484.9,586.1;462.8,588.2;414.8,596.6;410.1,684.5;413.8,767.7;440.2,593.2;430.4,486.3;430.4,485.5;433.1,430.1;481.1,539.5;505.4,536.3;471.1,492.5;388.9,483.8;372.9,467.3;382.6,441.7
103#508.0,622.5;493.1,566.6;467.0,581.5;418.5,592.7;411.0,685.9;414.8,771.6;444.6,588.9;433.4,480.8;433.4,480.8;437.1,424.9;481.9,544.2;508.0,536.7;474.4,488.3;392.4,477.1;377.5,451.0;392.4,417.4
104#416.9,732.2;420.5,673.6;471.8,582.0;427.8,582.0;416.9,688.2;409.5,761.5;449.8,582.0;438.8,483.1;438.8,479.5;449.8,420.9;497.4,512.4;512.1,527.1;482.8,486.8;398.5,472.1;383.9,428.2;398.5,413.6
105#411.8,658.7;463.9,609.8;473.7,574.0;431.3,583.8;418.3,678.3;418.3,756.4;454.1,580.5;447.6,482.8;447.6,482.8;459.0,422.5;496.5,508.9;512.8,521.9;486.7,486.0;405.3,473.0;393.9,429.0;393.9,429.0
106#465.2,648.3;432.9,612.8;481.3,574.1;439.4,580.5;410.3,677.3;429.7,754.8;458.7,577.3;458.7,483.7;458.7,483.7;466.8,427.3;455.5,496.7;478.1,512.8;494.2,490.2;416.8,474.1;374.9,445.0;397.4,445.0
107#457.0,650.6;441.7,601.6;490.6,577.1;447.8,580.2;408.0,662.8;441.7,742.4;469.2,580.2;463.1,482.3;460.0,485.3;470.7,425.6;450.8,515.9;478.4,515.9;496.7,488.4;426.3,476.1;374.3,482.3;389.6,463.9
108#458.5,670.1;455.7,602.6;489.5,577.3;452.9,577.3;388.2,653.2;441.7,723.5;469.8,577.3;469.8,481.6;469.8,481.6;479.6,429.6;461.3,509.8;475.4,509.8;497.9,490.1;438.8,478.8;385.4,492.9;371.3,484.4
109#462.3,683.7;442.0,615.1;495.4,579.5;454.7,582.0;383.5,637.9;436.9,701.5;475.0,579.5;472.5,485.4;472.5,482.8;478.9,435.8;462.3,510.8;490.3,523.5;503.0,490.5;442.0,477.7;388.6,505.7;383.5,500.6
110#456.9,692.5;437.6,626.3;498.3,579.5;456.9,576.7;371.5,618.1;437.6,681.4;479.0,579.5;473.5,488.5;473.5,488.5;477.6,434.8;451.4,516.1;487.3,529.9;501.0,496.8;443.2,480.3;396.3,516.1;374.3,516.1
111#458.7,709.8;441.7,642.0;498.2,585.5;455.8,574.2;368.3,591.2;416.3,658.9;478.4,579.9;467.1,486.7;467.1,486.7;474.2,431.6;461.5,551.6;475.6,531.8;498.2,498.0;438.9,478.2;405.0,517.7;373.9,529.0
112#453.1,721.7;443.4,651.1;491.6,583.7;446.6,574.1;363.2,567.7;392.1,635.1;469.1,580.5;459.5,490.7;459.5,490.7;462.7,426.5;491.6,619.0;481.9,545.2;491.6,497.1;430.6,481.1;401.7,532.4;366.4,548.4
113#450.9,734.1;443.9,659.8;479.3,578.3;447.4,567.7;376.6,553.5;376.6,627.9;461.6,574.8;450.9,486.2;450.9,486.2;443.9,422.5;440.3,553.5;472.2,539.4;479.3,496.9;422.6,479.2;404.9,532.3;369.5,553.5
114#443.7,746.9;443.7,659.8;471.6,583.2;436.7,562.3;349.7,572.8;360.1,642.4;457.6,572.8;443.7,482.2;440.2,478.7;426.3,419.5;440.2,558.8;464.6,537.9;471.6,489.2;412.4,478.7;398.4,531.0;391.5,548.4
115#437.1,746.6;457.9,656.6;475.2,576.9;437.1,556.1;336.7,583.8;347.1,660.0;454.4,563.1;437.1,476.5;433.7,476.5;411.1,409.0;423.3,559.6;454.4,535.4;461.4,480.0;409.4,469.6;388.6,521.5;367.9,542.3
116#446.4,738.2;455.7,651.5;468.1,567.9;427.8,555.5;338.0,598.9;344.2,676.3;446.4,564.8;427.8,478.0;427.8,474.9;417.0,414.5;418.5,555.5;443.3,527.6;458.8,481.1;396.8,471.8;362.8,518.3;369.0,515.2
117#461.4,720.9;458.5,651.7;467.2,568.1;415.3,562.3;334.6,614.2;343.2,694.9;441.2,568.1;426.8,475.9;426.8,473.0;413.8,419.6;432.6,504.7;475.8,496.0;461.4,478.7;392.2,473.0;349.0,507.6;363.4,490.3
118#472.7,712.8;469.8,638.0;464.0,566.0;420.8,560.2;351.7,620.7;340.2,704.2;441.0,566.0;426.6,471.0;426.6,471.0;428.0,414.9;423.7,491.2;443.9,491.2;464.0,473.9;389.2,471.0;340.2,491.2;360.4,465.2
119#479.0,688.3;485.7,635.4;459.2,562.5;416.1,562.5;366.5,632.0;343.3,708.2;436.0,562.5;429.4,466.5;429.4,469.8;442.6,413.6;426.1,463.2;442.6,463.2;462.5,469.8;393.0,466.5;349.9,469.8;373.1,436.7
120#483.8,680.8;509.4,645.6;458.2,562.4;416.6,559.2;375.0,655.2;343.0,712.8;435.8,562.4;435.8,472.7;435.8,469.5;451.8,415.1;429.4,485.6;451.8,488.8;467.8,475.9;403.8,463.1;365.4,463.1;381.4,427.9
121#488.5,686.3;531.4,643.3;462.7,565.9;422.6,560.2;371.0,643.3;353.8,720.6;439.8,563.1;442.6,474.2;445.5,471.4;464.1,418.4;436.9,497.2;457.0,497.2;477.0,480.0;411.1,468.5;373.9,474.2;396.8,442.7
122#506.1,696.6;533.1,639.9;468.3,569.7;425.2,567.0;363.1,645.3;382.0,710.0;446.7,569.7;454.8,480.6;457.5,477.9;472.4,428.0;449.4,486.0;471.0,507.6;484.5,486.0;422.5,475.2;376.6,494.1;395.5,456.3
123#527.0,729.4;527.0,642.6;475.5,574.8;432.1,572.1;364.3,645.3;415.8,686.0;453.8,572.1;459.2,485.3;459.2,482.5;474.1,429.6;456.5,504.2;472.8,504.2;491.8,488.0;423.9,479.8;383.2,507.0;396.8,469.0
124#532.8,733.1;521.8,656.2;486.1,579.3;442.1,579.3;370.7,631.5;431.1,675.4;464.1,579.3;458.6,491.3;461.4,485.8;465.5,432.2;453.1,510.5;475.1,513.3;494.4,491.3;422.9,491.3;387.2,521.5;398.2,483.1
125#541.2,744.1;523.3,672.3;499.4,585.6;451.5,585.6;379.8,615.5;439.6,660.3;475.5,585.6;457.5,495.9;457.5,489.9;456.0,434.6;439.6,507.8;472.5,516.8;490.4,492.9;421.6,495.9;391.7,540.7;385.7,513.8
126#549.0,744.8;526.7,669.4;507.1,585.5;456.8,588.3;375.8,610.7;440.0,666.6;479.2,588.3;451.2,498.9;451.2,496.1;438.6,441.6;445.6,521.2;473.6,526.8;484.8,498.9;417.7,504.5;395.3,554.8;384.1,538.0
127#542.2,738.6;536.5,661.5;505.1,581.5;453.7,587.2;379.5,618.6;430.9,687.2;479.4,584.4;448.0,507.3;448.0,498.7;435.2,445.9;439.4,527.3;465.1,535.8;482.3,501.6;413.7,510.1;402.3,567.2;385.2,550.1
128#537.4,714.3;545.7,651.0;498.9,574.0;457.6,582.2;383.3,640.0;432.9,708.8;476.9,579.5;446.6,505.2;443.9,499.7;432.9,444.6;443.9,538.2;465.9,530.0;479.6,499.7;413.6,507.9;402.6,563.0;380.6,560.2
129#538.3,691.2;551.6,640.3;490.1,573.4;447.3,581.5;388.4,656.4;436.6,728.6;468.7,578.8;444.6,506.5;444.6,501.2;440.6,443.7;439.3,538.6;474.0,538.6;482.1,506.5;407.1,509.2;380.4,562.7;372.4,562.7
130#511.4,707.1;519.8,648.8;483.3,576.0;440.7,582.9;396.5,662.4;434.3,736.8;461.6,580.0;441.9,504.0;441.1,500.8;442.2,443.2;454.1,529.7;485.8,532.1;479.7,504.0;404.1,505.2;367.9,543.0;363.5,535.7
131#484.4,723.1;487.9,657.2;476.5,578.6;434.1,584.2;404.6,668.5;432.0,745.0;454.5,581.3;439.2,501.6;437.6,500.5;443.7,442.7;468.9,520.8;497.5,525.6;477.4,501.6;401.1,501.3;355.4,523.2;354.7,508.7
132#457.5,739.0;456.1,665.7;469.7,581.2;427.5,585.6;412.8,674.5;429.7,753.1;447.4,582.5;436.5,499.1;434.1,500.1;445.2,442.2;483.6,511.9;509.2,519.2;475.0,499.1;398.1,497.3;343.0,503.5;345.8,481.6
133#430.6,754.9;424.2,674.2;462.9,583.8;420.9,587.0;420.9,680.6;427.4,761.3;440.3,583.8;433.8,496.6;430.6,499.8;446.8,441.7;498.4,503.0;521.0,512.7;472.6,496.6;395.1,493.4;330.5,483.7;337.0,454.6
134#423.9,742.9;423.9,670.8;459.9,582.4;414.1,585.7;410.8,674.1;420.6,746.2;433.7,582.4;437.0,494.0;433.7,497.2;443.6,435.0;505.8,530.0;505.8,530.0;479.6,497.2;394.4,484.1;342.0,461.2;322.4,444.8
135#457.1,633.3;401.9,613.8;463.6,571.6;411.6,571.6;388.9,656.0;431.1,730.7;437.6,571.6;434.3,487.2;434.3,490.5;440.8,432.0;509.0,535.9;492.8,548.9;476.5,497.0;392.1,477.5;343.5,461.2;330.5,441.8
136#450.9,637.9;474.5,586.0;460.4,562.5;410.9,564.8;370.8,642.6;427.4,699.1;436.8,562.5;436.8,487.1;436.8,480.0;452.1,427.1;507.5,541.3;493.3,555.4;472.1,496.5;396.8,475.3;344.9,470.6;328.4,458.8
137#430.9,656.8;465.0,593.1;460.5,563.5;408.1,565.8;380.8,597.6;408.1,670.5;435.4,563.5;433.2,483.9;435.4,477.0;452.5,430.4;503.7,552.1;487.8,543.0;471.8,497.5;394.5,472.5;346.7,472.5;319.4,470.2
138#437.3,640.4;467.0,581.0;456.4,557.6;409.7,555.5;356.6,600.1;409.7,640.4;433.0,559.8;433.0,483.3;433.0,477.0;444.7,433.4;501.0,559.8;486.1,536.4;469.1,496.1;397.0,472.7;360.9,474.8;326.9,477.0
139#440.1,681.7;447.2,627.1;451.9,553.4;402.1,551.1;356.9,584.3;366.4,657.9;430.6,553.4;430.6,484.6;430.6,479.8;446.0,438.2;494.7,570.1;487.6,541.6;468.6,496.4;392.6,472.7;352.2,482.2;316.6,489.3
140#444.9,701.7;449.9,634.6;444.9,570.0;380.3,560.1;400.2,619.7;365.4,661.9;412.6,560.1;427.5,485.5;425.0,485.5;443.7,437.1;484.6,577.4;484.6,537.7;462.3,497.9;392.7,473.1;340.6,488.0;315.7,490.5
141#455.3,707.7;447.4,638.8;442.1,548.8;399.7,535.5;362.7,564.6;394.4,620.3;418.3,535.5;426.2,477.2;423.6,485.2;440.8,438.8;481.8,575.2;484.5,532.9;460.6,493.1;391.8,464.0;346.8,479.9;312.3,485.2
142#453.8,696.2;437.9,576.5;440.5,533.9;379.3,531.3;363.4,568.5;392.7,637.7;411.3,525.9;421.9,472.7;421.9,472.7;444.5,426.2;461.8,555.2;485.8,523.3;456.5,483.4;382.0,459.4;339.4,470.1;304.9,480.7
143#450.2,684.9;442.7,594.9;435.2,522.5;372.8,512.5;370.3,577.4;395.2,644.9;400.2,515.0;420.2,465.0;422.7,455.0;439.0,431.3;462.7,557.5;485.2,515.0;457.7,475.0;387.7,447.5;340.3,460.0;312.8,480.0
144#448.7,659.7;438.2,581.0;425.1,533.7;369.9,533.7;375.2,588.8;396.2,646.6;401.4,533.7;422.4,449.7;422.4,449.7;450.0,401.2;461.8,552.1;482.8,507.5;456.6,468.1;383.1,436.6;341.1,447.1;327.9,452.3
145#448.6,655.7;432.7,589.7;422.2,521.0;372.0,521.0;377.3,602.9;395.8,653.1;398.4,521.0;419.5,444.3;422.2,439.1;447.3,390.2;459.2,547.4;480.3,497.2;453.9,457.6;382.5,428.5;324.4,431.1;327.0,433.8
146#462.9,637.1;438.0,570.7;415.9,504.3;368.9,504.3;382.7,590.0;396.6,659.2;391.0,504.3;424.2,435.2;424.2,432.4;447.7,381.2;460.2,540.3;474.0,487.7;457.4,449.0;382.7,421.3;332.9,415.8;327.4,413.0
147#451.2,617.0;442.3,557.4;415.5,491.8;367.7,488.8;379.7,578.3;394.6,661.8;391.6,488.8;421.4,429.2;424.4,423.2;449.8,371.0;466.2,536.5;463.2,491.8;460.2,441.1;379.7,414.2;329.0,399.3;337.9,396.3
148#448.9,617.9;443.4,543.5;413.1,488.4;360.8,491.2;374.6,565.6;391.1,642.7;388.3,488.4;418.6,422.4;421.4,416.8;453.1,365.9;473.7,510.5;465.5,477.4;454.4,427.9;382.8,411.3;355.3,381.0;402.1,499.5
149#455.7,606.5;444.6,540.0;405.8,479.1;361.5,481.9;369.8,565.0;386.5,620.4;383.7,479.1;419.7,412.6;422.5,409.9;461.2,365.6;483.4,506.8;469.5,468.0;452.9,426.5;386.5,398.8;361.5,376.6;360.1,347.6
150#464.2,602.4;444.2,542.3;409.8,479.3;364.1,476.5;355.5,559.5;384.1,593.8;387.0,476.5;427.0,410.7;429.9,407.8;475.7,367.8;492.8,476.5;475.7,456.5;461.4,430.7;392.7,396.4;349.8,370.6;336.9,340.6
