1#1046.0,654.7;1013.6,557.6;1029.8,472.7;1001.5,484.9;1017.7,581.9;1050.0,674.9;1013.6,472.7;973.2,371.7;973.2,371.7;953.0,315.1;965.1,266.5;997.5,315.1;1005.5,363.6;940.8,379.7;892.3,351.4;876.2,311.0
2#1046.1,654.9;1013.7,557.8;1029.9,472.7;1001.6,484.9;1017.8,582.0;1050.1,675.2;1013.7,472.7;973.2,371.5;973.2,375.6;953.0,314.8;965.1,266.2;993.5,314.8;1005.6,363.4;936.8,379.6;892.2,351.3;876.0,310.8
3#1047.9,659.5;1010.3,563.5;1027.0,471.8;997.8,480.1;1010.3,584.4;1047.9,676.2;1010.3,471.8;972.8,371.6;972.8,371.6;951.9,313.2;956.1,263.2;981.1,309.0;1006.1,363.3;939.4,380.0;893.5,354.9;876.8,309.0
4#1042.1,665.4;1011.7,565.4;1024.7,469.8;994.3,478.5;1007.3,582.8;1046.5,678.5;1011.7,469.8;968.2,369.8;968.2,369.8;946.5,313.3;955.2,269.8;972.6,313.3;1003.0,365.4;933.4,378.5;890.0,352.4;876.9,313.3
5#1040.6,661.4;1006.1,561.9;1023.3,466.8;993.1,479.8;1006.1,583.5;1045.0,674.3;1006.1,471.1;967.1,371.6;967.1,367.3;949.8,311.1;954.2,267.9;971.5,306.8;1001.7,363.0;932.5,380.3;889.3,354.3;876.3,311.1
6#1040.2,654.5;1002.9,559.1;1015.3,467.7;986.3,476.0;1002.9,579.8;1040.2,671.1;998.7,467.7;961.4,368.1;961.4,368.1;944.8,314.2;948.9,264.4;969.7,305.9;994.6,355.7;928.2,376.4;886.7,355.7;874.2,314.2
7#1036.4,651.6;995.7,558.1;1012.0,468.7;979.5,472.8;995.7,578.5;1036.4,672.0;991.7,468.7;959.2,367.1;959.2,367.1;942.9,310.2;947.0,265.5;967.3,310.2;995.7,359.0;926.6,375.2;886.0,359.0;873.8,318.3
8#1028.3,656.7;990.5,566.0;1005.6,463.9;971.6,471.5;990.5,581.1;1032.1,671.9;986.7,467.7;956.5,365.6;956.5,361.8;937.5,305.1;1020.7,456.3;967.8,301.3;990.5,354.2;922.4,369.4;884.6,361.8;873.3,316.4
9#1021.6,640.5;982.3,561.9;994.1,463.7;962.7,467.6;978.4,573.7;1025.5,660.1;978.4,463.7;950.9,361.6;950.9,357.7;931.3,298.7;1009.8,459.8;1009.8,400.9;986.2,357.7;919.5,365.5;884.1,361.6;876.3,318.4
10#1015.8,650.1;966.6,551.8;983.0,457.5;962.5,465.7;962.5,568.2;1015.8,654.2;966.6,461.6;946.1,355.1;946.1,351.0;929.8,289.5;876.5,318.2;880.6,363.3;978.9,355.1;917.5,359.2;884.7,359.2;876.5,318.2
11#927.8,521.6;949.8,510.6;982.8,452.0;949.8,455.7;949.8,562.0;1012.2,642.6;968.2,455.7;942.5,349.3;942.5,349.3;927.8,290.7;905.8,305.3;949.8,316.3;971.8,345.7;913.2,353.0;872.8,364.0;872.8,320.0
12#954.8,563.9;925.6,518.0;975.7,445.6;942.3,456.8;928.4,537.5;943.7,563.9;956.2,448.4;928.4,303.7;928.4,281.4;938.1,218.8;869.9,320.4;875.5,367.7;964.6,314.8;967.4,306.5;869.9,367.7;920.0,273.1
13#967.0,444.8;978.7,419.4;968.9,417.4;926.0,464.3;918.2,435.0;900.6,440.9;945.5,419.4;924.0,335.4;922.1,327.6;908.4,290.5;865.4,321.7;861.5,364.7;957.2,327.6;892.8,341.2;867.4,362.7;863.5,321.7
14#933.0,524.5;929.9,515.1;961.3,439.7;923.6,449.1;901.6,518.2;967.5,584.2;942.4,442.8;920.4,329.8;920.4,326.6;901.6,279.5;879.6,320.3;961.3,367.5;951.8,326.6;895.3,332.9;857.6,361.2;860.8,320.3
15#936.2,524.2;898.3,480.0;955.2,435.7;917.2,442.0;885.6,502.1;948.9,568.5;933.0,438.9;910.9,325.0;907.7,321.9;891.9,268.1;917.2,328.2;952.0,359.8;942.5,325.0;876.1,328.2;847.7,363.0;863.5,318.7
16#934.1,536.5;890.8,467.2;942.8,429.6;902.3,438.3;870.6,484.5;928.3,548.1;922.6,432.5;902.3,319.9;902.3,319.9;882.1,265.0;916.8,328.5;942.8,351.6;931.2,317.0;867.7,322.7;833.0,360.3;853.2,319.9
17#924.5,525.0;889.4,452.1;935.3,422.4;894.8,433.2;843.4,471.0;916.4,535.8;913.7,427.8;892.1,319.7;892.1,314.3;877.2,256.3;935.3,281.9;973.1,298.1;929.9,308.9;856.9,327.9;819.1,357.6;856.9,319.7
18#906.4,498.2;890.8,456.3;924.7,419.8;880.3,432.8;820.2,453.7;888.1,513.8;901.2,425.0;880.3,320.5;882.9,310.0;868.5,253.8;927.3,276.0;974.4,294.3;922.1,307.4;843.7,323.1;801.9,351.8;822.8,338.8
19#922.9,538.4;882.5,471.1;912.1,417.3;871.7,428.0;804.4,441.5;861.0,500.7;890.6,422.6;871.7,315.0;869.0,309.6;859.6,254.4;922.9,269.2;928.2,344.6;906.7,306.9;831.4,323.1;782.9,344.6;809.8,331.1
20#916.3,536.0;889.5,471.6;902.9,415.2;857.3,426.0;795.6,426.0;838.5,490.4;881.4,417.9;865.3,310.6;865.3,305.2;853.3,252.9;912.3,258.2;962.0,273.0;905.6,299.8;827.8,318.6;763.4,334.7;803.6,299.8
21#915.7,539.8;892.5,473.1;898.3,415.1;848.9,423.8;785.1,409.3;811.2,481.8;875.1,418.0;860.5,304.9;860.5,304.9;844.6,245.5;901.2,255.6;944.7,267.2;898.3,299.1;819.9,313.6;750.3,322.3;776.4,293.3
22#914.0,544.2;889.5,477.0;892.6,415.8;840.6,418.8;761.1,400.5;794.7,480.0;865.1,415.8;849.8,305.7;849.8,302.6;840.6,244.5;880.3,244.5;923.2,262.9;886.5,296.5;810.0,311.8;742.7,308.7;761.1,272.0
23#912.8,556.3;885.1,479.0;876.9,412.7;821.6,415.4;752.6,385.1;774.7,476.2;846.5,415.4;841.0,305.0;841.0,302.2;832.7,247.0;868.6,233.2;915.5,247.0;876.9,296.7;805.0,307.7;733.2,293.9;747.1,252.5
24#909.5,563.7;885.2,481.8;870.0,418.1;815.5,418.1;736.6,378.6;745.7,466.6;839.7,418.1;833.6,302.8;836.7,305.8;824.5,248.2;848.8,224.0;891.3,239.1;870.0,296.7;794.2,305.8;727.5,281.6;730.5,236.1
25#908.6,571.5;883.7,487.6;862.0,419.3;806.0,419.3;725.2,372.7;725.2,453.5;834.0,419.3;827.8,304.3;827.8,304.3;818.4,245.3;824.7,208.0;865.1,232.8;858.8,301.2;790.5,304.3;728.3,273.2;715.9,223.5
26#909.0,574.4;883.5,487.2;781.9,414.6;847.2,421.9;716.5,363.8;709.3,447.3;821.8,418.2;814.6,298.4;818.2,298.4;814.6,240.3;702.0,214.9;723.8,265.7;781.9,298.4;850.9,302.0;723.8,262.1;702.0,214.9
27#900.8,571.2;875.2,491.2;836.8,427.2;782.4,420.8;718.4,363.2;686.4,440.0;811.2,424.0;814.4,311.9;811.2,308.7;803.2,243.1;907.2,392.0;872.0,376.0;846.4,311.9;772.8,302.3;718.4,263.9;689.6,433.6
28#893.6,573.2;866.9,489.3;821.2,416.8;763.9,424.5;702.9,340.5;668.6,428.3;798.3,413.0;798.3,424.5;798.3,317.7;805.9,249.0;901.3,393.9;859.3,390.1;840.2,435.9;760.1,306.2;699.1,355.8;680.0,416.8
29#880.3,579.7;854.4,494.6;810.0,424.4;750.9,424.4;695.4,346.7;654.7,420.7;784.2,420.7;791.5,313.4;787.8,309.7;787.8,246.8;895.1,398.5;850.7,398.5;821.1,313.4;750.9,306.0;695.4,357.8;688.0,228.3
30#867.8,578.1;843.2,490.6;808.2,420.6;745.2,424.1;689.2,354.1;640.2,417.1;776.8,420.6;773.2,312.1;773.2,312.1;769.8,252.6;892.2,406.6;846.8,396.1;808.2,312.1;741.8,312.1;678.8,294.6;682.2,249.1
31#847.9,580.9;835.2,489.0;794.1,428.9;733.9,432.1;680.1,356.1;626.3,409.9;762.4,428.9;765.6,311.7;762.4,311.7;756.1,257.9;683.3,254.8;797.2,267.4;800.4,311.7;727.6,318.1;673.8,302.2;683.3,261.1
32#617.3,410.3;673.5,361.5;710.1,324.9;739.4,346.9;715.0,432.3;614.9,417.7;737.0,349.3;754.0,315.1;754.0,317.6;749.2,268.7;685.7,259.0;666.2,307.8;749.2,244.3;719.9,315.1;673.5,307.8;680.8,266.3
33#606.2,405.7;665.0,366.6;709.0,369.0;726.1,388.6;662.5,361.7;601.3,408.2;721.2,388.6;745.7,315.2;745.7,322.5;738.4,271.1;684.5,278.5;672.3,320.1;716.4,312.7;716.4,322.5;669.9,320.1;767.7,234.4
34#599.0,407.0;652.1,370.8;729.4,409.4;690.8,402.2;649.7,363.5;596.6,409.4;707.7,402.2;739.1,324.9;736.7,327.3;731.9,274.1;683.5,283.8;666.6,324.9;772.9,324.9;705.3,327.3;671.5,332.1;760.9,245.1
35#590.8,412.9;635.4,368.2;675.6,370.5;682.3,406.2;639.9,366.0;588.6,415.1;680.0,403.9;724.6,328.1;722.4,328.1;726.9,279.0;760.3,259.0;775.9,299.1;760.3,330.3;693.4,328.1;660.0,328.1;680.0,290.2
36#583.5,419.4;626.0,372.3;664.1,388.0;659.6,399.2;623.8,365.6;583.5,421.6;668.6,390.2;715.6,336.5;715.6,332.0;717.9,280.5;760.5,267.0;773.9,305.1;751.5,332.0;686.5,334.2;655.2,334.2;677.6,298.4
37#627.8,441.5;633.7,386.8;690.3,386.8;661.0,379.0;606.3,367.3;579.0,427.8;676.6,384.8;707.9,336.0;707.9,332.1;709.9,285.2;754.8,277.4;762.6,316.5;739.1,338.0;670.8,338.0;651.3,336.0;676.6,306.7
38#611.1,425.0;638.5,391.8;673.6,385.9;658.0,385.9;593.6,378.1;574.0,438.7;665.8,385.9;697.1,335.1;697.1,333.2;697.1,284.4;747.9,278.5;757.6,323.4;730.3,339.1;663.9,331.2;634.6,354.7;624.8,376.2
39#684.2,458.3;690.1,388.0;690.1,436.8;645.2,401.6;576.8,386.0;570.9,450.5;664.7,405.6;686.2,337.2;686.2,331.3;690.1,284.5;746.7,286.4;752.6,329.4;723.3,341.1;651.0,329.4;623.7,350.9;662.7,360.6
40#649.1,460.3;694.0,454.4;682.3,407.6;639.4,399.7;610.1,446.6;571.0,454.4;658.9,401.7;674.5,333.3;674.5,331.4;676.5,282.6;742.9,298.2;748.7,339.2;713.6,341.1;639.4,329.4;610.1,349.0;647.2,360.7
41#662.7,458.3;686.2,462.2;664.7,458.3;621.7,399.7;574.9,395.8;569.0,458.3;643.2,399.7;664.7,337.2;664.7,329.4;666.6,282.6;740.9,304.0;740.9,345.1;705.7,343.1;627.6,329.4;590.5,345.1;627.6,352.9
42#706.3,565.0;690.7,491.8;656.7,457.8;604.4,455.2;580.9,439.5;567.8,478.7;630.6,457.8;659.3,337.6;656.7,335.0;658.0,278.8;742.9,311.5;735.1,353.3;698.5,342.8;620.1,329.8;570.5,337.6;607.0,332.4
43#700.9,566.1;684.9,486.3;650.3,457.1;597.1,454.4;591.8,433.1;562.6,486.3;623.7,457.1;645.0,340.0;647.7,337.4;651.7,280.2;738.1,318.8;730.2,361.3;687.6,348.0;607.8,329.4;557.2,332.1;602.5,332.1
44#689.1,565.3;681.2,484.0;641.8,457.7;591.9,455.1;644.4,465.6;563.1,497.1;615.6,457.7;639.2,342.2;641.8,342.2;640.5,283.2;738.9,331.7;723.2,371.1;681.2,350.1;599.8,334.3;539.4,323.8;586.7,318.6
45#673.7,562.6;682.1,472.7;631.5,461.4;583.8,458.6;561.3,444.6;561.3,509.2;609.1,458.6;634.4,346.2;634.4,346.2;634.4,284.4;732.7,346.2;715.9,377.1;676.5,357.4;592.2,337.8;533.2,318.1;581.0,292.8
46#668.0,558.8;679.0,470.4;634.8,459.4;582.3,456.6;557.5,451.1;560.2,520.2;610.0,456.6;629.3,351.7;629.3,348.9;626.5,288.2;725.9,360.0;709.4,390.4;670.7,362.7;590.6,340.6;524.3,313.0;568.5,282.6
47#654.7,554.8;679.6,467.7;629.8,465.3;580.1,457.8;560.2,457.8;560.2,530.0;602.5,460.3;624.8,358.3;627.3,350.8;622.4,293.6;719.4,370.7;704.5,400.6;669.6,365.7;582.5,340.8;525.3,306.0;551.4,284.9
48#647.9,546.3;678.9,463.5;627.2,471.2;578.0,471.2;562.5,463.5;559.9,543.7;606.5,468.6;624.6,362.5;624.6,354.8;619.4,295.2;720.3,380.6;699.6,409.1;668.6,367.7;580.6,347.0;526.3,295.2;535.3,273.2
49#722.9,396.1;669.9,449.1;628.7,472.7;578.7,469.7;558.1,472.7;561.0,552.1;602.2,472.7;619.9,366.7;619.9,357.9;622.8,299.0;722.9,387.3;696.4,413.8;667.0,375.5;572.8,343.2;528.6,293.1;531.6,246.0
50#735.7,394.1;670.9,444.2;629.6,470.7;579.6,467.8;556.0,479.6;558.9,562.0;603.1,470.7;620.8,364.7;620.8,355.9;623.7,299.9;726.8,394.1;694.4,417.7;665.0,376.5;573.7,341.1;538.3,294.0;526.6,241.0
51#643.9,501.9;653.6,472.8;634.1,466.3;579.2,463.1;553.3,489.0;559.8,573.1;605.0,466.3;627.7,366.1;624.4,362.8;621.2,301.4;721.5,404.9;692.4,424.3;666.5,375.8;588.9,346.7;559.8,301.4;550.1,262.6
52#638.6,518.7;654.1,475.0;638.6,481.3;582.4,481.3;551.3,496.8;560.6,584.1;610.5,478.1;629.2,362.8;629.2,359.7;626.1,300.5;722.7,412.7;691.6,428.3;672.8,378.4;588.7,347.2;554.4,288.0;513.9,269.3
53#644.4,498.5;657.9,471.5;641.1,468.1;587.1,468.1;556.7,508.6;556.7,593.0;614.1,468.1;630.9,363.5;630.9,360.1;630.9,302.7;725.4,417.5;698.4,431.0;674.8,377.0;593.8,350.0;553.3,296.0;546.6,282.5
54#567.9,555.8;666.1,470.2;643.9,470.2;593.2,467.1;561.6,514.6;558.4,603.3;618.6,467.1;637.6,365.7;634.4,359.4;634.4,299.2;729.5,425.9;700.9,432.2;678.8,375.2;596.4,346.7;542.5,318.2;523.5,286.5
55#566.2,560.9;678.2,471.4;646.2,468.2;598.2,468.2;566.2,532.2;559.8,612.1;623.8,468.2;639.8,359.4;639.8,356.2;643.0,295.4;735.8,439.4;710.2,429.8;684.6,375.4;598.2,343.4;540.6,317.8;511.8,298.6
56#563.7,555.1;686.9,461.9;653.6,468.6;603.7,468.6;570.4,538.5;557.1,615.0;627.0,465.3;643.6,358.8;643.6,355.4;646.9,292.2;733.5,442.0;720.2,422.0;690.2,372.1;600.4,342.1;543.8,312.2;507.2,298.8
57#723.3,469.2;681.7,459.6;656.2,469.2;605.0,469.2;579.4,545.9;553.9,616.2;630.6,469.2;646.6,357.2;643.4,354.1;653.0,293.3;723.3,411.6;729.7,418.0;691.3,366.8;601.8,341.3;547.5,315.7;529.9,269.3
58#723.3,485.9;670.7,446.5;664.2,469.4;614.9,469.4;578.8,545.0;552.5,617.2;637.9,469.4;644.5,354.5;644.5,351.2;654.3,288.9;726.6,400.5;736.4,413.6;693.7,361.1;601.8,341.4;536.1,334.8;506.6,308.6
59#649.5,554.8;676.9,455.3;666.6,465.6;618.6,465.6;577.4,544.5;556.8,620.0;642.6,465.6;649.5,348.9;649.5,348.9;656.3,287.2;738.7,390.1;745.5,403.8;697.5,359.2;601.4,342.1;539.7,342.1;512.2,314.6
60#672.7,526.6;679.7,443.3;672.7,467.6;624.1,467.6;579.0,537.0;558.2,620.3;648.4,464.2;651.9,349.6;651.9,346.2;658.9,283.7;745.6,387.8;752.6,387.8;700.5,356.6;606.8,339.2;537.4,349.6;513.1,318.4
61#664.8,524.3;613.9,483.6;674.9,463.2;630.8,466.6;576.6,527.7;566.4,615.9;654.6,463.2;651.2,347.9;651.2,347.9;656.3,281.7;746.2,375.0;763.1,371.6;698.7,351.3;607.1,341.1;539.2,354.7;518.9,320.7
62#666.4,534.1;679.9,439.6;676.5,463.2;629.3,466.6;578.7,520.6;572.0,611.6;656.3,463.2;652.9,348.6;652.9,345.2;658.0,282.8;750.7,355.3;771.0,355.3;700.1,345.2;605.7,341.8;541.6,362.0;518.0,324.9
63#666.4,540.1;663.1,443.2;679.8,463.3;629.7,463.3;576.3,516.7;576.3,603.5;656.4,463.3;653.1,346.4;653.1,343.0;654.8,277.9;760.0,316.3;763.3,333.0;703.2,343.0;603.0,339.7;542.9,366.4;516.2,336.3
64#666.2,546.8;662.9,463.6;682.9,463.6;633.0,463.6;576.4,503.5;579.7,600.1;659.6,463.6;652.9,347.1;652.9,343.8;654.6,275.6;727.8,282.2;769.4,313.8;702.9,340.5;603.0,340.5;546.4,373.7;516.5,343.8
65#663.1,550.3;682.2,455.1;685.3,474.1;631.4,467.8;574.3,502.7;580.7,588.3;656.8,471.0;653.6,340.9;653.6,340.9;656.8,277.5;729.7,264.8;764.6,302.9;701.2,334.6;606.0,340.9;548.9,379.0;517.2,350.4
66#670.0,556.4;660.3,452.7;686.2,472.2;631.1,472.2;569.6,491.6;579.3,582.3;660.3,468.9;653.8,339.4;653.8,339.4;657.0,277.9;726.7,247.1;757.4,290.8;699.1,332.9;605.2,342.6;550.2,384.7;514.6,358.8
67#659.4,575.9;645.8,484.6;679.6,467.7;632.3,467.7;564.7,488.0;571.5,575.9;659.4,467.7;652.6,339.2;652.6,339.2;656.0,278.4;728.7,229.4;743.9,281.8;693.2,329.1;601.9,346.0;551.2,389.9;514.0,369.7
68#660.1,583.2;649.1,491.6;678.4,473.3;627.2,473.3;564.9,476.9;564.9,568.6;652.8,473.3;645.5,341.4;645.5,337.7;656.5,282.8;729.7,220.5;733.4,275.4;685.8,337.7;597.8,345.0;550.2,392.7;509.9,378.0
69#663.6,592.1;644.9,502.1;678.6,475.9;618.6,475.9;562.4,468.4;558.7,562.1;648.6,475.9;644.9,340.9;644.9,340.9;656.1,284.7;727.3,209.8;727.3,266.0;686.1,333.4;599.9,348.4;547.4,397.2;506.2,389.7
70#658.0,605.8;654.3,513.8;672.7,477.0;617.5,473.3;543.9,466.0;551.3,554.3;647.0,477.0;643.3,340.9;639.6,340.9;650.6,282.0;724.2,208.4;716.9,263.6;683.8,333.5;599.1,348.2;547.6,396.1;503.4,396.1
71#654.9,621.9;659.0,523.9;671.2,479.0;618.1,470.8;544.6,454.5;544.6,548.4;642.6,474.9;638.5,336.1;638.5,336.1;638.5,262.5;724.3,217.6;712.1,270.7;679.4,332.0;593.6,352.4;544.6,393.2;499.7,401.4
72#658.3,629.9;658.3,530.9;666.6,477.2;608.8,473.1;534.6,444.2;538.7,543.2;637.7,473.1;637.7,341.1;637.7,345.2;641.8,283.4;728.4,213.2;711.9,266.9;674.8,332.9;596.4,349.4;538.7,394.7;493.3,407.1
73#662.8,644.5;662.8,542.1;662.8,478.2;607.3,473.9;526.3,444.0;534.8,533.6;632.9,478.2;628.7,345.9;628.7,350.2;637.2,286.2;731.0,222.2;709.7,277.7;671.3,341.7;586.0,354.5;534.8,392.8;500.7,397.1
74#664.4,649.2;664.4,549.8;660.0,476.3;603.9,472.0;517.5,428.8;530.4,528.2;629.8,476.3;625.5,346.7;625.5,355.4;629.8,290.6;733.5,230.1;711.9,281.9;668.7,338.1;582.3,359.7;521.8,394.3;513.2,389.9
75#670.0,649.1;670.0,563.5;653.7,478.0;604.8,469.9;519.3,429.2;527.4,514.7;625.2,473.9;625.2,351.8;625.2,355.9;621.1,294.8;729.0,239.8;718.8,290.7;665.9,339.6;576.3,364.0;515.2,400.6;515.2,380.3
76#676.3,655.6;665.5,565.1;651.0,478.3;604.0,471.0;517.1,416.7;524.3,514.5;622.0,474.7;622.0,358.8;622.0,358.8;614.8,293.7;736.1,270.2;719.8,304.6;661.9,344.4;575.0,366.1;506.2,391.4;517.1,373.3
77#673.4,656.4;669.6,566.4;643.4,487.7;594.6,476.4;519.6,416.4;527.1,513.9;613.4,483.9;617.1,363.9;617.1,367.7;605.9,296.4;731.5,283.3;718.4,315.2;658.4,352.7;572.1,367.7;497.1,382.7;523.4,348.9
78#673.8,659.9;662.7,567.4;640.5,489.7;588.6,482.3;518.3,419.3;529.4,508.2;614.6,486.0;614.6,363.8;614.6,367.5;607.1,300.9;734.8,288.0;718.2,326.8;659.0,356.4;570.1,371.2;492.4,371.2;525.7,334.2
79#670.7,657.1;663.5,574.5;638.4,488.2;584.5,484.6;519.8,416.4;534.1,513.4;609.6,484.6;609.6,366.1;609.6,369.6;602.4,305.0;730.0,288.8;717.4,337.3;656.3,358.9;570.1,369.6;494.6,355.3;530.5,322.9
80#670.5,659.8;659.9,575.5;638.8,491.1;582.6,487.6;512.3,434.9;533.4,519.3;610.7,491.1;607.2,368.2;607.2,371.7;600.2,308.4;728.4,296.1;719.7,350.6;656.4,361.1;561.5,368.2;494.8,343.6;529.9,308.4
81#667.3,661.9;656.2,581.0;637.8,492.7;586.3,492.7;564.2,481.6;505.4,558.9;612.1,492.7;604.7,367.6;604.7,374.9;601.0,308.7;733.5,308.7;718.8,360.2;652.6,363.9;560.6,371.2;501.7,327.1;540.3,292.1
82#661.5,667.3;650.6,580.0;632.4,499.9;581.4,492.7;501.4,467.2;523.2,554.5;606.9,496.3;603.3,368.9;606.9,376.2;603.3,310.7;737.9,321.6;719.7,368.9;650.6,368.9;556.0,365.3;512.3,314.4;550.5,287.1
83#658.8,670.8;651.5,579.4;629.5,502.6;578.3,495.3;505.2,477.0;508.9,572.1;607.6,502.6;607.6,374.6;607.6,374.6;607.6,312.5;731.9,327.1;717.3,378.3;651.5,374.6;567.4,371.0;527.1,308.8;554.6,274.1
84#655.4,670.4;648.3,578.8;627.2,504.8;577.9,497.7;510.9,476.6;539.1,571.7;602.5,501.3;609.6,377.9;609.6,377.9;606.1,314.5;732.9,346.2;715.3,385.0;648.3,377.9;570.8,374.4;539.1,314.5;544.4,291.6
85#654.1,670.5;650.6,580.8;626.5,504.9;581.6,501.4;516.0,491.1;533.3,577.4;605.8,501.4;612.7,380.6;612.7,380.6;609.2,318.5;730.0,342.7;716.2,394.4;650.6,384.1;574.7,377.2;581.6,408.2;623.0,418.6
86#644.9,667.9;651.4,577.0;625.4,508.8;579.9,505.6;515.0,495.8;531.3,586.7;602.7,508.8;615.7,385.5;615.7,382.2;612.4,320.5;729.3,356.2;713.0,404.9;654.6,385.5;576.7,379.0;583.2,417.9;605.9,417.9
87#637.5,659.3;649.7,573.4;622.1,505.8;576.1,505.8;517.7,505.8;533.1,601.0;600.6,505.8;616.0,386.1;616.0,380.0;614.4,320.1;726.5,370.7;711.2,413.7;655.9,389.2;579.1,380.0;591.4,422.9;640.5,447.5
88#632.0,656.2;648.7,569.4;622.0,506.0;571.9,506.0;518.5,516.0;528.5,612.8;595.3,506.0;622.0,385.8;618.6,385.8;625.3,322.4;725.5,379.1;712.1,422.5;662.0,389.1;585.3,379.1;595.3,415.8;618.6,415.8
89#628.0,644.7;653.6,561.6;628.0,510.4;570.4,507.2;522.4,523.2;528.8,619.1;596.0,510.4;628.0,388.8;628.0,385.6;629.6,323.2;720.8,388.8;714.4,430.4;666.4,395.2;589.6,382.4;599.2,414.4;618.4,420.8
90#623.8,631.3;652.5,554.8;627.0,510.1;569.6,507.0;528.2,532.5;528.2,631.3;601.5,510.1;633.4,388.9;633.4,385.8;635.0,320.4;722.7,401.7;713.1,436.8;671.7,395.3;595.1,379.4;595.1,427.2;617.5,427.2
91#622.7,619.0;658.2,532.0;629.2,506.2;571.2,499.8;532.5,544.9;526.1,635.1;600.2,506.2;635.6,387.1;635.6,383.9;640.4,321.1;725.8,409.6;709.7,438.6;680.7,396.7;597.0,374.2;563.1,321.1;556.7,314.6
92#625.6,596.6;664.2,519.3;628.5,510.3;575.0,501.4;539.4,554.9;527.5,641.1;601.8,504.4;640.4,385.5;640.4,382.5;650.8,321.6;726.6,412.2;711.8,444.9;682.0,397.4;598.8,373.6;561.7,327.5;561.7,321.6
93#626.3,586.5;666.5,509.0;638.6,502.9;579.8,496.7;545.7,571.0;524.0,648.4;610.8,499.8;644.8,385.1;644.8,382.0;652.6,324.7;725.4,422.3;709.9,447.1;688.2,397.5;604.6,372.7;561.2,338.7;565.9,318.5
94#630.5,570.3;664.2,505.9;639.7,502.8;587.5,502.8;547.6,582.6;520.0,650.1;615.1,502.8;651.9,383.2;651.9,383.2;650.4,317.2;747.1,432.3;722.5,450.7;691.8,395.4;615.1,370.9;563.0,343.3;576.8,317.2
95#634.0,573.1;660.8,492.9;647.4,503.0;590.6,503.0;550.6,589.8;520.5,653.3;620.7,503.0;654.1,386.1;654.1,379.4;660.8,319.3;740.9,436.2;720.9,449.5;697.5,396.1;610.7,369.4;563.9,352.7;575.6,307.6
96#624.9,575.2;634.4,534.0;653.4,511.8;602.7,502.3;551.9,581.6;526.6,654.5;628.1,502.3;659.8,381.7;659.8,378.6;661.4,316.7;754.9,445.2;729.6,457.9;704.2,394.4;618.6,369.0;567.8,359.5;585.2,316.7
97#637.5,575.2;674.9,483.4;661.3,503.8;606.9,497.0;555.9,578.6;528.7,660.1;634.1,497.0;661.3,381.5;661.3,378.1;664.7,316.9;698.7,466.4;732.6,452.8;708.9,395.1;617.1,371.3;569.5,364.5;579.7,320.3
98#629.9,578.5;657.1,537.7;667.2,503.8;616.3,497.0;562.0,571.7;538.3,659.9;643.5,497.0;663.9,381.6;663.9,378.2;663.9,317.1;714.8,476.6;735.1,452.9;711.4,391.8;619.7,371.4;572.2,371.4;582.4,327.3
99#631.6,587.9;700.2,486.8;674.9,504.9;620.8,497.6;566.6,566.2;552.2,656.5;646.0,501.3;667.7,385.8;667.7,382.1;667.7,317.2;711.0,443.5;743.5,447.1;714.6,389.4;624.4,371.3;573.8,378.5;584.7,335.2
100#650.2,582.5;691.4,476.0;681.1,503.5;626.1,496.6;571.1,565.3;560.8,651.2;653.6,500.1;670.8,383.2;670.8,379.8;670.8,318.0;722.3,452.0;749.8,434.8;715.4,390.1;626.1,372.9;578.0,383.2;584.9,342.0
101#639.3,593.3;717.6,470.8;683.5,498.0;632.5,494.6;578.0,559.3;567.8,644.4;656.3,494.6;676.7,382.3;676.7,378.9;669.9,317.6;734.6,416.3;758.4,426.5;721.0,385.7;629.1,375.5;581.4,389.1;588.2,348.2
102#634.9,606.5;699.9,483.4;693.1,500.5;638.4,497.0;583.6,551.8;576.8,637.3;665.7,497.0;676.0,380.8;676.0,377.3;669.1,315.8;751.2,408.1;768.3,418.4;723.8,384.2;634.9,373.9;583.6,394.4;587.1,353.4
103#651.0,601.9;693.6,493.9;696.8,503.7;637.9,500.4;585.5,546.2;585.5,631.3;670.6,500.4;677.2,376.0;677.2,376.0;669.0,312.2;755.7,398.9;775.4,408.8;723.0,382.6;631.4,369.5;588.8,398.9;588.8,359.7
104#652.7,603.9;706.0,477.3;702.7,500.6;649.3,503.9;589.4,540.6;586.0,627.2;676.0,503.9;676.0,377.3;676.0,374.0;671.0,309.0;776.0,390.6;779.3,394.0;722.6,377.3;629.3,370.6;589.4,404.0;589.4,367.3
105#669.3,614.0;685.8,494.9;705.7,504.8;652.7,504.8;593.2,531.3;589.9,623.9;679.2,504.8;679.2,375.8;679.2,375.8;674.2,311.3;752.0,375.8;785.1,375.8;722.2,372.5;632.9,375.8;593.2,412.2;596.5,372.5
106#712.5,547.8;709.2,494.9;705.9,504.8;649.7,501.5;596.9,524.6;590.3,617.2;679.5,501.5;676.2,375.9;676.2,375.9;671.2,311.5;742.3,336.3;775.3,356.1;722.4,372.6;629.9,379.2;593.6,415.6;596.9,382.5
107#685.9,568.9;685.9,495.9;709.1,505.9;652.7,505.9;599.6,515.8;589.7,612.1;682.6,505.9;675.9,376.5;675.9,373.1;674.3,311.7;734.0,311.7;768.8,343.3;722.4,369.8;629.5,379.8;596.3,419.6;599.6,386.4
108#685.6,567.9;676.6,495.6;709.7,504.7;652.5,507.7;604.3,504.7;589.2,604.1;682.6,504.7;673.6,375.2;673.6,372.2;676.6,311.9;720.3,301.4;760.9,327.0;718.8,366.1;628.4,378.2;595.3,423.4;595.3,390.2
109#724.8,564.4;713.4,584.3;707.7,501.7;650.7,501.7;605.1,498.9;588.0,592.9;682.1,501.7;670.7,373.5;670.7,370.6;677.8,312.2;757.6,312.2;746.2,312.2;713.4,367.8;627.9,379.2;596.6,427.6;593.7,402.0
110#728.0,568.1;702.0,486.7;708.5,503.0;653.1,509.5;607.5,490.0;588.0,581.1;682.4,506.2;669.4,372.7;669.4,369.5;672.7,310.9;728.0,258.8;741.0,304.4;711.7,359.7;623.8,382.5;594.5,431.4;594.5,408.6
111#679.3,595.1;682.7,512.9;710.1,495.8;651.9,506.1;607.4,485.5;590.2,567.7;682.7,499.2;665.6,376.0;665.6,369.1;669.0,310.9;730.6,249.3;734.0,304.1;710.1,362.3;621.0,382.8;597.1,434.2;590.2,417.0
112#681.6,599.6;681.6,521.0;706.6,492.5;649.5,496.0;606.7,481.8;592.4,560.3;678.1,492.5;660.2,371.1;663.8,367.5;663.8,310.4;731.6,253.3;735.2,303.3;703.1,356.8;617.4,381.8;599.5,438.9;585.2,428.2
113#679.5,607.4;683.0,524.5;703.7,486.4;648.5,489.9;610.4,479.5;596.6,548.6;676.1,486.4;658.8,369.0;658.8,369.0;655.4,310.2;734.8,258.4;741.7,306.8;700.3,355.2;613.9,382.8;593.2,441.5;586.3,438.1
114#678.7,620.1;682.1,529.7;695.5,486.1;645.2,492.8;605.0,462.7;598.3,539.7;672.0,489.5;651.9,368.9;655.3,365.6;645.2,308.6;739.0,268.4;749.1,315.3;695.5,352.2;608.4,382.3;591.6,442.6;581.6,449.3
115#677.1,625.4;684.0,535.6;690.9,483.9;642.6,490.8;608.1,470.1;601.2,532.2;666.7,487.3;646.0,370.0;649.5,366.5;639.1,304.4;747.8,278.5;753.0,325.1;690.9,352.7;601.2,380.3;580.4,449.4;604.6,442.5
116#677.7,631.5;684.6,544.6;684.6,478.6;632.5,485.5;684.6,544.6;719.4,600.2;660.3,482.0;642.9,367.4;646.4,363.9;632.5,301.4;743.7,287.5;750.7,329.2;688.1,350.0;597.8,377.8;573.4,447.3;604.7,447.3
117#677.9,639.4;692.1,557.5;677.9,479.2;628.1,486.3;695.7,550.4;731.3,625.2;653.0,482.8;638.7,361.7;638.7,361.7;628.1,297.6;738.4,297.6;749.1,340.3;685.0,351.0;592.4,375.9;567.5,440.0;585.3,465.0
118#679.8,649.8;687.1,558.6;672.5,485.7;625.0,489.3;687.1,533.1;701.7,562.3;646.9,485.7;632.3,361.6;632.3,361.6;625.0,295.9;745.4,314.2;745.4,350.7;676.1,350.7;584.9,376.2;555.7,434.6;595.9,445.5
119#684.1,649.2;687.7,566.6;669.7,487.6;619.5,487.6;651.8,487.6;687.7,563.0;644.6,487.6;626.7,362.0;630.3,358.4;621.3,292.0;741.5,322.5;738.0,354.8;676.9,351.2;580.0,369.2;544.1,423.0;590.8,433.8
120#690.1,653.1;683.1,572.8;662.2,485.6;609.9,485.6;627.3,457.7;686.6,558.9;634.3,485.6;623.8,360.0;627.3,356.6;622.1,288.5;732.0,328.7;732.0,363.5;672.7,349.6;575.0,367.0;533.1,415.9;575.0,408.9
121#691.6,656.1;680.7,569.4;659.1,490.0;608.5,486.4;608.5,464.8;615.8,529.7;630.2,490.0;619.4,360.1;623.0,360.1;617.6,289.7;727.6,338.4;727.6,378.1;669.9,352.9;572.4,363.7;532.7,403.4;518.3,399.8
122#686.9,655.4;686.9,562.7;653.8,483.3;597.5,483.3;647.1,503.1;627.3,546.2;627.3,483.3;617.3,357.5;617.3,357.5;612.4,299.5;723.3,350.9;720.0,384.0;667.0,354.2;567.7,360.8;511.4,393.9;514.7,393.9
123#688.4,645.5;687.5,553.5;648.5,480.6;593.8,482.3;644.3,499.7;628.6,552.0;622.8,480.6;615.3,357.1;615.3,357.1;612.9,297.3;721.5,358.0;715.7,390.3;665.1,355.4;566.4,357.9;510.0,376.9;523.4,369.4
124#689.8,635.7;688.1,544.4;643.2,477.9;590.0,481.3;641.6,496.2;630.0,557.8;618.3,477.9;613.3,356.6;613.3,356.6;613.4,295.1;719.7,365.0;711.4,396.6;663.1,356.7;565.2,355.0;508.6,359.8;532.0,344.8
125#691.2,625.9;688.8,535.2;638.0,475.3;586.3,480.3;638.8,492.8;631.3,563.5;613.8,475.3;611.3,356.2;611.3,356.2;613.8,293.0;717.9,372.1;707.0,402.9;661.2,357.9;563.9,352.1;507.3,342.8;540.7,320.3
126#692.7,616.0;689.4,526.0;632.7,472.6;582.6,479.3;636.0,489.3;632.7,569.3;609.3,472.6;609.3,355.8;609.3,355.8;614.3,290.8;716.1,379.2;702.7,409.2;659.3,359.2;562.6,349.2;505.9,325.8;549.3,295.8
127#694.5,609.8;701.0,518.7;626.1,469.8;583.8,476.4;635.9,482.9;632.6,577.3;603.3,473.1;609.8,352.6;609.8,352.6;611.4,289.1;717.3,385.2;701.0,411.2;658.7,359.1;564.2,346.1;508.9,310.3;546.3,282.6
128#696.4,596.0;705.7,502.9;621.9,468.8;578.5,475.0;631.2,493.6;631.2,580.5;600.2,471.9;609.5,353.9;609.5,350.8;601.8,287.2;718.1,388.1;699.5,412.9;659.2,360.1;563.0,344.6;514.9,293.4;545.9,287.2
129#695.1,585.1;703.4,492.9;622.6,467.5;578.6,474.0;627.7,501.2;629.1,588.8;600.6,470.8;608.4,352.4;608.4,349.7;602.0,285.5;715.7,384.6;700.5,408.4;657.5,357.9;562.6,343.7;521.2,304.0;551.9,299.8
130#693.8,574.2;701.0,482.9;623.3,466.3;578.8,472.9;624.2,508.9;626.9,597.1;601.0,469.6;607.4,350.9;607.4,348.5;602.3,283.8;713.4,381.1;701.6,404.0;655.9,355.7;562.2,342.8;527.5,314.6;557.9,312.5
131#692.5,563.3;698.7,473.0;624.0,465.0;578.9,471.9;620.8,516.5;624.8,605.4;601.4,468.5;606.3,349.4;606.3,347.4;602.5,282.1;711.0,377.6;702.6,399.5;654.2,353.6;561.9,341.9;533.8,325.2;563.9,325.1
132#691.2,552.4;696.4,463.0;624.7,463.8;579.0,470.8;617.3,524.2;622.7,613.7;601.8,467.3;605.2,347.9;605.2,346.2;602.7,280.4;708.6,374.1;703.7,395.1;652.6,351.4;561.5,341.0;540.1,335.8;569.9,337.8
133#689.9,541.5;694.0,453.0;625.4,462.5;579.2,469.8;613.8,531.8;620.5,622.0;602.3,466.2;604.2,346.5;604.2,345.1;603.0,278.7;706.3,370.6;704.7,390.6;650.9,349.2;561.1,340.1;546.5,346.5;575.9,350.4
134#688.6,530.6;691.7,443.0;626.1,461.3;579.3,468.7;610.3,539.5;618.4,630.3;602.7,465.0;603.1,345.0;603.1,343.9;603.2,277.0;703.9,367.1;705.8,386.2;649.3,347.0;560.7,339.2;552.8,357.1;581.9,363.1
135#687.3,519.7;689.4,433.1;626.8,460.0;579.4,467.7;606.9,547.1;616.3,638.6;603.1,463.9;602.0,343.5;602.0,342.8;603.4,275.3;701.5,363.6;706.8,381.7;647.6,344.9;560.4,338.3;559.1,367.7;587.9,375.7
136#686.0,508.8;687.0,423.1;627.5,458.8;579.6,466.6;603.4,554.8;614.1,646.9;603.5,462.7;601.0,342.0;601.0,341.6;603.7,273.6;699.2,360.1;707.9,377.3;646.0,342.7;560.0,337.4;565.4,378.3;593.9,388.4
137#684.7,497.9;684.7,413.1;628.2,457.5;579.7,465.6;599.9,562.4;612.0,655.2;603.9,461.6;599.9,340.5;599.9,340.5;603.9,271.9;696.8,356.6;708.9,372.8;644.3,340.5;559.6,336.5;571.7,388.9;599.9,401.0
138#683.5,488.8;683.5,407.1;630.4,456.1;581.4,468.4;589.5,574.6;610.0,660.3;605.9,464.3;601.8,329.5;597.7,337.7;610.0,268.3;699.8,354.0;712.1,366.3;642.6,337.7;556.9,325.5;514.0,262.2;522.2,254.0
139#682.2,490.4;678.1,409.6;630.2,458.9;580.9,469.9;586.3,571.2;602.7,661.7;604.1,465.8;601.4,331.5;598.7,338.4;607.6,267.8;686.2,334.0;708.2,351.9;643.9,338.4;557.6,327.5;515.1,274.1;529.6,258.3
140#681.0,492.1;672.6,412.1;629.9,461.8;580.3,471.4;583.0,567.9;595.4,663.1;602.4,467.3;601.0,333.5;599.6,339.0;605.1,267.3;672.5,313.9;704.4,337.4;645.1,339.0;558.2,329.4;516.2,286.1;537.0,262.5
141#679.7,493.7;667.2,414.6;629.7,464.6;579.8,472.9;579.8,564.5;588.1,664.5;600.6,468.8;600.6,335.5;600.6,339.7;602.7,266.8;658.9,293.9;700.5,323.0;646.4,339.7;558.9,331.4;517.3,298.0;544.4,266.8
142#657.9,697.4;657.9,445.8;630.0,461.8;578.0,473.7;582.0,561.6;578.0,661.5;606.0,469.7;602.0,337.9;602.0,341.9;604.0,272.0;649.9,282.0;693.9,310.0;642.0,337.9;558.1,333.9;522.1,306.0;548.1,272.0
143#676.5,523.1;661.0,449.6;630.1,461.2;579.9,476.7;576.0,561.7;568.3,654.5;603.1,469.0;599.2,341.4;599.2,337.5;606.9,271.8;643.7,266.0;688.1,298.9;641.7,337.5;560.5,337.5;518.0,322.1;556.7,271.8
144#680.0,536.5;672.3,448.8;634.2,467.9;580.8,475.5;569.4,563.2;558.0,650.9;607.5,471.7;599.9,338.2;599.9,338.2;603.7,273.4;636.1,263.9;676.2,292.5;641.8,338.2;558.0,334.4;519.8,330.6;546.5,284.9
145#681.4,559.0;673.7,459.2;631.5,470.7;581.6,474.5;558.5,555.1;547.0,643.4;604.6,470.7;600.8,336.4;600.8,340.2;600.8,275.0;625.7,253.9;666.0,278.8;639.1,336.4;554.7,336.4;520.2,344.0;547.0,298.0
146#676.9,564.2;680.6,473.5;631.5,477.2;578.5,481.0;552.1,549.1;533.2,639.8;605.0,477.2;597.5,337.3;597.5,341.1;593.7,273.1;640.9,256.0;650.4,276.8;639.0,337.3;552.1,337.3;518.0,352.5;544.5,307.1
147#675.0,574.0;675.0,479.7;634.0,475.6;576.7,483.8;539.8,541.2;519.3,631.4;605.3,479.7;597.1,336.2;597.1,340.3;589.0,274.8;609.4,225.6;646.3,266.6;634.0,332.1;556.2,340.3;519.3,360.8;543.9,319.8
148#676.0,585.2;671.6,497.4;636.5,475.5;579.4,475.5;526.7,532.6;509.2,620.4;610.1,475.5;592.6,343.8;592.6,339.4;583.8,277.9;605.8,220.8;636.5,264.7;632.1,339.4;553.1,348.1;526.7,370.1;548.7,330.6
149#673.0,597.3;669.4,507.5;633.5,475.2;576.0,478.7;518.6,521.8;493.4,611.6;604.8,478.7;590.4,342.3;590.4,342.3;579.6,277.6;613.7,232.7;626.3,256.1;629.9,331.5;543.7,349.4;529.3,381.8;547.3,335.1
150#673.4,612.1;666.7,519.4;636.9,476.3;570.7,476.3;507.8,512.7;478.0,602.1;600.5,476.3;584.0,337.3;584.0,340.6;577.3,277.7;605.5,249.6;613.8,261.1;623.7,334.0;537.6,347.2;531.0,390.2;547.5,340.6
151#674.1,621.5;664.5,528.4;629.2,477.1;568.2,477.1;497.6,502.8;465.5,592.6;600.3,477.1;577.9,345.5;577.9,342.3;568.2,278.1;590.7,351.9;613.2,287.8;619.6,342.3;536.1,351.9;526.5,400.1;558.6,377.6
152#673.4,632.8;660.4,535.1;624.6,479.7;565.9,479.7;494.2,479.7;458.4,574.2;595.2,479.7;572.4,349.4;572.4,342.9;562.7,281.0;582.2,365.7;608.3,378.7;618.0,346.1;533.3,352.7;520.3,404.8;549.6,378.7
153#673.8,630.7;656.7,542.0;622.5,486.1;560.3,476.7;485.7,470.5;451.5,563.8;591.4,486.1;566.5,346.2;566.5,343.0;554.1,284.0;586.8,238.9;600.7,259.1;607.0,330.6;523.0,355.5;510.6,405.2;519.9,377.2
154#674.6,649.1;652.1,552.6;613.5,481.8;555.6,481.8;481.6,459.3;449.5,549.4;587.8,478.6;558.8,346.7;558.8,343.5;546.0,285.6;592.6,251.8;603.9,269.5;597.4,333.9;513.8,359.6;488.1,398.2;491.3,378.9
155#675.6,648.5;650.7,559.6;611.6,481.3;554.7,481.3;472.9,445.7;448.0,538.2;583.1,481.3;551.1,349.7;551.1,346.2;540.4,285.7;567.1,269.7;609.8,276.8;593.8,335.5;512.0,363.9;480.0,403.1;462.2,388.8
156#680.6,646.5;647.3,557.9;603.0,480.3;543.9,484.0;473.7,436.0;451.6,528.3;573.5,480.3;543.9,354.7;543.9,351.0;532.8,288.2;593.8,238.4;610.4,295.6;584.5,339.9;503.3,362.1;473.7,402.7;503.3,410.1
157#679.9,648.2;647.0,556.7;592.1,483.6;533.6,483.6;475.1,428.7;456.8,523.8;562.9,483.6;540.9,355.5;540.9,351.9;526.3,293.3;584.8,253.1;603.1,304.3;581.2,344.5;497.0,366.5;449.5,381.1;526.3,410.4
158#670.2,648.5;649.2,550.6;586.2,487.6;530.3,487.6;470.8,421.1;456.8,515.6;558.3,487.6;537.3,358.2;533.8,358.2;519.8,298.7;586.2,267.2;600.2,316.2;575.8,351.2;498.8,372.2;498.8,421.1;533.8,386.2
159#657.4,636.0;643.9,543.4;582.2,495.2;524.4,495.2;469.5,427.6;453.0,514.7;553.8,495.2;530.0,364.2;527.6,364.2;517.4,304.9;587.1,270.9;597.8,328.2;570.8,357.7;490.0,375.3;474.8,397.2;508.0,359.6
160#644.7,623.4;638.5,536.3;578.2,502.7;518.5,502.7;468.3,434.1;449.3,513.9;549.2,502.7;522.6,370.2;521.5,370.2;515.0,311.0;588.1,274.6;595.4,340.1;565.8,364.3;481.1,378.5;450.8,373.3;482.1,333.1
161#631.9,610.9;633.2,529.1;574.2,510.3;512.6,510.3;467.0,440.6;445.5,513.0;544.7,510.3;515.3,376.2;515.3,376.2;512.6,317.2;589.0,278.3;593.0,352.1;560.8,370.8;472.3,381.6;426.8,349.4;456.3,306.5
162#613.3,611.6;618.9,515.2;567.9,515.2;508.4,515.2;463.1,452.8;443.2,529.4;539.6,515.2;514.1,382.0;514.1,382.0;508.4,325.3;587.8,314.0;590.6,362.2;559.4,373.5;468.7,384.8;431.9,345.2;446.1,299.8
163#600.7,596.6;615.3,505.8;559.6,520.4;503.9,523.3;462.9,467.6;436.5,540.9;530.3,523.3;512.7,388.5;512.7,385.6;506.9,329.9;586.0,324.0;591.9,370.9;556.7,382.6;465.8,391.4;439.4,344.5;436.5,300.5
164#592.2,579.0;609.3,502.1;555.2,522.0;498.3,530.6;458.4,479.3;429.9,553.4;526.7,522.0;509.6,391.0;509.6,393.9;509.6,336.9;580.8,339.8;589.4,379.6;555.2,388.2;464.1,388.2;438.5,342.6;432.8,294.2
165#579.6,579.0;595.8,500.8;549.9,519.7;490.6,530.5;455.5,490.0;428.5,562.8;522.9,530.5;509.4,392.8;512.1,395.5;509.4,338.8;566.1,346.9;587.7,390.1;552.6,395.5;463.6,390.1;436.6,355.0;428.5,311.8
166#567.0,578.1;574.7,527.1;551.8,527.1;498.3,527.1;452.4,501.7;432.1,573.0;526.3,527.1;511.0,399.8;511.0,402.3;513.6,343.8;582.3,354.0;590.0,399.8;551.8,402.3;467.7,397.3;427.0,364.1;429.5,320.8
167#626.0,589.8;573.8,530.1;553.9,535.1;496.8,535.1;454.5,510.2;429.6,584.8;526.6,535.1;511.7,408.3;511.7,405.8;516.6,348.6;586.3,358.5;591.2,408.3;553.9,408.3;469.4,403.3;424.7,375.9;424.7,338.6
168#554.7,564.5;585.1,468.0;559.7,536.6;498.8,536.6;453.1,516.2;430.3,594.9;529.3,536.6;511.5,409.6;511.5,409.6;516.6,351.2;582.6,376.6;590.2,417.2;557.2,412.1;468.3,407.1;425.2,386.7;425.2,346.1
169#579.5,533.5;569.3,525.9;554.0,533.5;497.8,543.7;454.4,523.3;428.9,605.0;528.5,541.2;510.6,413.5;510.6,408.4;520.8,352.3;566.8,395.7;559.1,454.4;551.4,413.5;469.7,408.4;423.8,393.1;426.4,354.8
170#498.7,584.6;570.8,525.9;554.7,531.2;496.0,541.9;453.3,531.2;429.3,616.6;525.4,533.9;514.7,413.7;517.4,411.1;525.4,352.3;581.4,397.7;592.1,432.4;560.1,416.4;472.0,405.7;423.9,403.0;429.3,363.0
171#496.4,582.0;567.5,530.0;551.1,535.5;499.1,538.2;452.6,538.2;428.0,625.7;523.7,538.2;521.0,412.5;521.0,409.7;523.7,349.6;589.3,409.7;594.8,442.5;564.7,412.5;477.2,407.0;425.3,409.7;430.7,371.4
172#506.1,587.5;574.4,522.1;560.1,530.6;497.6,530.6;449.2,547.7;429.3,633.0;528.9,530.6;523.2,408.4;523.2,408.4;526.0,348.6;591.4,419.7;597.1,445.3;565.8,411.2;480.5,405.5;429.3,416.9;432.2,379.9
173#523.8,579.3;509.2,538.5;558.8,523.9;500.5,523.9;453.8,550.1;427.5,637.7;529.6,523.9;523.8,407.2;526.7,407.2;526.7,345.9;590.9,424.7;596.8,456.8;570.5,410.1;485.9,404.2;430.4,421.7;433.3,392.6
174#536.6,584.7;569.6,527.6;563.6,524.6;503.5,527.6;452.4,551.6;428.4,638.8;536.6,524.6;527.6,404.4;527.6,404.4;527.6,341.2;584.7,437.4;593.7,458.5;575.6,407.4;485.5,401.3;437.4,428.4;434.4,395.3
175#535.6,590.1;570.7,522.8;564.9,519.9;512.2,519.9;450.8,552.1;433.3,636.9;538.5,519.9;529.8,403.0;529.8,397.1;531.2,337.2;570.7,452.7;602.9,461.4;576.6,403.0;480.1,400.0;439.1,432.2;436.2,405.9
176#536.0,599.8;533.1,528.6;570.2,514.3;516.0,514.3;461.9,537.1;436.2,634.0;541.7,514.3;530.3,400.3;530.3,394.6;531.7,336.2;573.0,448.8;604.4,460.2;578.7,400.3;481.8,397.5;441.9,434.5;433.4,411.7
177#531.6,610.4;540.2,540.8;569.2,514.7;517.1,514.7;459.1,537.9;441.7,630.6;543.1,514.7;528.7,398.8;528.7,393.0;533.0,333.6;577.9,433.6;609.8,442.2;577.9,395.9;479.4,398.8;438.8,439.3;435.9,419.1
178#533.4,619.9;539.2,542.3;570.8,510.6;521.9,513.5;464.4,525.0;450.1,625.6;544.9,510.6;527.7,395.6;527.7,389.9;532.0,328.1;579.4,433.0;622.6,433.0;576.6,392.8;481.7,395.6;438.6,444.5;438.6,421.5
179#531.6,629.8;540.7,535.9;574.0,508.7;519.5,511.7;465.0,520.8;458.9,617.7;546.7,511.7;528.5,393.6;528.5,390.6;530.1,328.6;589.1,414.8;631.5,423.9;574.0,390.6;477.1,396.7;437.7,445.1;437.7,426.9
180#535.6,630.5;544.7,542.3;572.1,511.8;520.4,505.8;462.6,517.9;462.6,606.2;544.7,511.8;526.5,390.1;526.5,387.1;528.0,324.7;608.6,405.3;636.0,411.4;572.1,387.1;477.8,393.2;435.2,451.0;432.1,435.8
181#539.1,639.6;547.8,554.9;571.2,505.2;515.7,505.2;468.9,508.1;468.9,598.7;542.0,505.2;527.4,388.3;527.4,382.5;528.8,328.4;609.2,391.3;641.3,397.1;574.1,385.4;477.7,391.3;433.9,452.6;431.0,438.0
182#537.7,649.4;550.7,564.0;567.5,505.5;513.6,504.3;476.4,503.8;477.6,587.2;539.6,504.3;527.5,385.3;528.7,380.3;529.6,323.7;611.0,368.0;639.6,385.2;575.5,379.8;478.6,389.7;433.7,451.1;431.8,449.8
183#536.2,659.3;553.6,573.1;563.9,505.8;511.6,503.4;483.9,499.6;486.3,575.6;537.2,503.4;527.5,382.4;529.9,378.0;530.4,318.9;612.7,344.8;637.9,373.2;576.9,374.1;479.6,388.2;433.6,449.7;432.6,461.7
184#534.8,669.1;556.5,582.2;560.2,506.1;509.5,502.5;491.4,495.3;495.0,564.1;534.8,502.5;527.6,379.4;531.2,375.8;531.2,314.2;614.5,321.5;636.2,361.3;578.3,368.5;480.5,386.6;433.4,448.2;433.4,473.5
185#540.1,675.6;561.6,586.1;558.0,500.2;507.9,496.6;475.7,485.9;504.3,553.9;532.9,496.6;529.4,375.0;532.9,375.0;532.9,310.6;622.4,307.0;633.1,357.1;575.9,367.8;479.3,382.1;432.8,439.4;429.2,478.8
186#543.5,682.4;561.9,590.5;561.9,498.7;506.8,491.3;558.2,502.3;587.6,568.5;536.2,495.0;532.5,370.1;532.5,370.1;532.5,307.6;620.7,307.6;631.7,355.4;576.6,362.7;481.1,373.8;426.0,432.5;433.3,480.3
187#545.9,686.1;560.4,599.1;560.4,494.0;506.1,490.4;560.4,515.8;560.4,602.7;535.1,490.4;531.4,367.2;531.4,367.2;533.2,300.2;622.0,320.1;632.9,367.2;578.5,356.4;484.3,370.8;422.7,421.6;440.9,450.6
188#549.4,682.7;564.3,597.3;556.9,489.5;508.6,485.8;568.0,504.4;590.3,578.7;534.6,489.5;530.9,363.2;530.9,363.2;536.4,298.2;623.7,326.1;631.2,370.6;575.4,359.5;478.8,366.9;419.4,407.8;452.8,430.1
189#556.8,675.2;571.5,588.0;556.5,486.3;508.0,483.4;566.7,504.5;582.5,580.8;533.7,486.3;532.2,360.8;532.2,361.5;536.9,296.6;622.5,333.2;629.2,375.8;576.2,358.6;482.8,363.8;435.3,405.6;469.0,419.9
190#564.1,667.6;578.7,578.6;556.0,483.1;507.5,480.9;565.5,504.7;574.7,582.8;532.9,483.1;533.5,358.4;533.5,359.8;537.4,295.0;621.3,340.4;627.2,381.0;576.9,357.6;486.8,360.7;451.2,403.4;485.2,409.8
191#571.5,660.1;585.8,569.3;555.6,480.0;506.9,478.5;564.2,504.8;566.9,584.9;532.0,480.0;534.7,356.1;534.7,358.2;538.0,293.3;620.1,347.5;625.2,386.3;577.7,356.7;490.8,357.5;467.0,401.1;501.4,399.6
192#578.8,652.5;593.0,559.9;555.1,476.8;506.4,476.0;563.0,505.0;559.1,586.9;531.2,476.8;536.0,353.7;536.0,356.5;538.5,291.7;618.9,354.7;623.2,391.5;578.4,355.7;494.8,354.4;482.9,398.9;517.6,389.5
193#586.2,645.0;600.2,550.6;554.7,473.6;505.8,473.6;561.7,505.1;551.3,589.0;530.3,473.6;537.3,351.3;537.3,354.8;539.0,290.1;617.7,361.8;621.2,396.7;579.2,354.8;498.8,351.3;498.8,396.7;533.8,379.3
194#610.1,634.3;621.2,542.4;578.2,469.6;530.4,470.1;577.5,504.0;569.3,585.1;554.3,469.6;559.7,351.9;558.6,352.8;555.5,288.8;630.2,368.8;639.2,399.9;601.2,354.9;521.0,351.4;518.4,397.4;551.1,384.9
195#633.9,623.6;642.3,534.3;601.8,465.7;554.9,466.7;593.2,502.9;587.3,581.2;578.4,465.7;582.0,352.6;580.0,350.9;572.0,287.4;642.7,375.9;657.3,403.2;623.2,354.9;543.1,351.6;538.1,398.1;568.5,390.6
196#657.8,613.0;663.3,526.1;625.3,461.7;579.5,463.2;609.0,501.9;605.3,577.4;602.4,461.7;604.4,353.2;601.3,348.9;588.4,286.1;655.3,382.9;675.3,406.4;645.1,355.0;565.3,351.7;557.7,398.8;585.8,396.2
197#681.7,602.3;684.3,517.9;648.8,457.7;604.1,459.7;624.7,500.8;623.3,573.5;626.4,457.7;626.8,353.9;622.7,346.9;604.9,284.7;667.8,389.9;693.3,409.7;667.1,355.1;587.5,351.8;577.3,399.5;603.2,401.8
198#705.5,591.6;705.4,509.8;672.4,453.8;628.6,456.3;640.5,499.7;641.3,569.6;650.5,453.8;649.1,354.6;644.0,345.0;621.4,283.4;680.3,397.0;711.4,412.9;689.1,355.1;609.6,352.0;597.0,400.2;620.5,407.5
199#729.4,580.9;726.4,501.6;695.9,449.8;653.2,452.8;656.2,498.6;659.3,565.7;674.5,449.8;671.5,355.2;665.4,343.0;637.9,282.0;692.8,404.0;729.4,416.2;711.1,355.2;631.8,352.1;616.6,400.9;637.9,413.1
200#719.0,586.9;716.9,506.2;688.5,448.4;645.2,451.5;646.6,502.4;648.0,571.7;666.7,448.4;665.0,350.3;659.4,338.9;636.1,278.3;690.5,389.9;726.9,403.7;704.8,350.3;625.1,346.8;610.9,394.3;632.4,405.0
201#708.6,592.8;707.5,510.7;681.2,447.0;637.3,450.1;637.0,506.2;636.8,577.6;658.8,447.0;658.4,345.5;653.5,334.8;634.4,274.5;688.3,375.7;724.4,391.2;698.4,345.5;618.4,341.6;605.3,387.7;626.8,397.0
202#698.1,598.8;698.0,515.3;673.8,445.6;629.3,448.8;627.3,510.0;625.5,583.6;651.0,445.6;651.9,340.6;647.5,330.7;632.6,270.8;686.0,361.6;721.9,378.8;692.1,340.6;611.7,336.3;599.6,381.1;621.3,388.9
203#687.7,604.7;688.6,519.8;666.4,444.2;621.3,447.4;617.7,513.8;614.2,589.6;643.2,444.2;645.4,335.7;641.5,326.6;630.9,267.1;683.7,347.5;719.4,366.3;685.8,335.7;605.0,331.0;593.9,374.5;615.7,380.8
204#677.3,610.7;679.1,524.4;659.0,442.8;613.4,446.1;608.1,517.6;602.9,595.5;635.3,442.8;638.9,330.8;635.5,322.5;629.1,263.4;681.5,333.4;716.9,353.8;679.4,330.8;598.3,325.7;588.2,367.9;610.2,372.8
205#666.9,616.6;669.7,528.9;651.7,441.3;605.4,444.7;598.5,521.4;591.7,601.5;627.5,441.3;632.3,326.0;629.6,318.4;627.4,259.6;679.2,319.2;714.5,341.3;673.1,326.0;591.5,320.5;582.6,361.2;604.6,364.7
206#656.5,622.6;660.2,533.5;644.3,439.9;597.5,443.4;588.9,525.2;580.4,607.4;619.6,439.9;625.8,321.1;623.6,314.3;625.6,255.9;677.0,305.1;712.0,328.8;666.7,321.1;584.8,315.2;576.9,354.6;599.1,356.7
207#646.1,628.5;650.8,538.0;636.9,438.5;589.5,442.0;579.3,529.0;569.1,613.4;611.8,438.5;619.3,316.2;617.6,310.2;623.9,252.2;674.7,291.0;709.5,316.3;660.4,316.2;578.1,309.9;571.2,348.0;593.5,348.6
208#635.6,634.5;641.3,542.6;629.5,437.1;581.5,440.7;569.6,532.8;557.8,619.4;604.0,437.1;612.8,311.3;611.6,306.1;622.1,248.5;672.4,276.9;707.0,303.9;654.1,311.3;571.4,304.6;565.5,341.4;588.0,340.5
209#625.2,640.4;631.9,547.1;622.2,435.7;573.6,439.4;560.0,536.6;546.6,625.3;596.1,435.7;606.2,306.5;605.7,302.0;620.4,244.7;670.2,262.7;704.5,291.4;647.7,306.5;564.7,299.4;559.9,334.8;582.4,332.5
210#614.8,646.4;622.4,551.7;614.8,434.3;565.6,438.0;550.4,540.4;535.3,631.3;588.3,434.3;599.7,301.6;599.7,297.9;618.6,241.0;667.9,248.6;702.0,278.9;641.4,301.6;558.0,294.1;554.2,328.2;576.9,324.4
211#614.0,643.2;625.9,547.4;618.0,427.7;570.1,435.7;550.1,539.4;538.2,627.2;594.0,431.7;598.0,300.0;598.0,300.0;625.9,240.2;661.9,232.2;697.8,268.1;641.9,304.0;562.1,292.1;566.1,320.0;582.1,320.0
212#609.9,640.9;636.6,423.5;621.4,431.1;571.8,431.1;556.5,534.1;537.4,629.5;598.5,431.1;602.3,297.6;602.3,297.6;625.2,240.4;669.0,211.8;693.8,259.5;648.1,301.4;560.3,290.0;514.5,225.1;554.6,204.2
213#605.9,637.4;602.1,462.3;629.3,435.0;578.7,438.9;555.4,532.3;539.8,625.7;602.1,438.9;609.8,298.9;609.8,298.9;625.4,240.5;672.1,205.5;687.6,252.2;652.6,302.8;570.9,295.0;520.4,232.7;526.2,199.7
214#605.0,632.2;628.9,524.4;636.9,436.6;577.1,440.6;557.1,528.4;537.2,624.2;609.0,436.6;613.0,301.0;613.0,301.0;624.9,237.1;668.8,197.2;684.8,245.1;652.9,301.0;573.1,301.0;597.0,301.0;601.0,332.9
215#600.0,624.3;624.2,527.6;640.3,443.0;579.9,443.0;555.7,527.6;535.5,620.2;608.1,443.0;616.1,301.9;616.1,306.0;616.1,237.5;670.5,191.1;680.6,241.5;656.4,301.9;575.8,301.9;555.7,253.6;541.6,191.1
216#598.9,618.7;622.3,521.5;641.7,439.8;587.3,439.8;560.1,521.5;536.7,614.8;614.5,439.8;618.4,303.7;618.4,299.8;618.4,241.5;674.8,196.8;680.6,237.6;657.3,299.8;579.5,303.7;540.6,257.0;532.8,214.3
217#596.1,613.7;618.9,522.7;645.4,439.2;588.5,439.2;558.2,518.9;535.4,609.9;618.9,439.2;618.9,302.7;618.9,302.7;618.9,242.0;673.9,206.0;679.5,242.0;660.6,298.9;580.9,302.7;569.6,268.5;522.1,206.0
218#628.5,514.8;635.7,457.3;650.1,439.4;592.6,439.4;556.7,511.2;535.2,597.3;624.9,439.4;621.3,303.0;621.3,303.0;617.7,241.9;677.0,207.8;686.0,241.9;660.8,299.4;578.3,303.0;596.2,313.7;526.2,215.0
219#626.5,524.7;626.5,465.9;653.9,442.4;595.1,442.4;556.0,497.3;532.5,587.3;622.5,442.4;622.5,297.6;622.5,305.4;618.6,242.7;677.4,207.5;693.0,250.6;661.7,297.6;579.5,301.5;520.7,274.1;528.6,231.0
220#628.3,521.9;635.6,460.1;653.8,438.2;599.2,438.2;555.5,481.9;533.7,572.9;624.7,438.2;621.0,300.0;621.0,300.0;617.4,241.7;679.2,212.6;697.4,252.7;664.7,296.3;581.0,300.0;526.4,281.8;530.0,238.1
221#625.1,532.1;631.3,445.7;656.0,433.3;597.4,430.2;554.2,461.1;535.7,556.8;625.1,433.3;625.1,300.6;625.1,300.6;619.0,242.0;682.2,231.2;699.2,257.4;665.3,294.5;578.9,300.6;526.4,285.2;526.4,245.1
222#625.4,538.6;628.6,449.8;657.2,433.9;600.1,433.9;552.5,449.8;536.6,541.8;628.6,433.9;625.4,297.6;625.4,300.7;615.9,240.5;677.8,229.4;704.7,259.5;666.7,291.2;584.2,303.9;593.7,326.1;615.9,329.3
223#623.5,537.6;629.9,460.3;658.9,431.3;604.2,431.3;552.6,434.6;539.8,528.0;629.9,431.3;626.7,299.3;626.7,299.3;610.6,238.1;686.3,230.1;707.2,260.6;665.4,289.6;588.1,302.5;591.3,331.5;520.4,257.4
224#671.2,546.7;627.7,466.4;654.5,423.0;607.6,423.0;547.5,419.6;537.4,513.3;631.0,426.3;624.4,295.9;627.7,295.9;611.0,235.7;681.2,232.4;708.0,265.8;664.5,285.9;587.6,302.6;587.6,332.7;604.3,316.0
225#616.2,554.4;630.3,469.9;658.5,417.2;612.7,417.2;538.8,406.6;538.8,501.6;633.8,417.2;623.3,290.4;623.3,290.4;609.2,230.6;683.1,237.7;711.3,272.9;665.5,283.4;581.0,297.5;517.7,308.0;528.3,269.3
226#612.8,557.1;627.4,466.0;656.6,418.7;609.2,411.4;547.2,393.1;539.9,484.3;631.0,415.0;620.1,287.5;620.1,287.5;609.2,225.5;685.7,243.7;711.2,276.5;660.2,280.2;580.0,291.1;518.1,316.6;529.0,272.9
227#616.4,566.0;627.3,467.9;656.4,417.0;601.9,406.1;543.8,380.7;540.2,471.5;631.0,409.8;620.1,282.6;620.1,286.2;603.7,222.7;685.5,249.9;710.9,279.0;656.4,279.0;576.5,286.2;518.4,322.6;525.6,286.2
228#619.0,565.7;631.6,467.7;656.4,408.4;601.1,398.2;539.9,378.8;542.2,471.3;630.6,401.9;618.6,276.2;618.0,278.6;602.9,216.1;684.7,248.3;713.4,275.5;656.4,272.0;574.1,279.7;517.0,317.0;524.8,297.1
229#621.6,565.4;635.8,467.5;656.4,399.9;600.3,390.3;536.1,376.9;544.1,471.0;630.2,393.9;617.1,269.7;616.0,270.9;602.1,209.5;683.9,246.7;715.9,271.9;656.4,265.0;571.8,273.3;515.7,311.4;524.0,308.1
230#624.2,565.0;640.1,467.2;656.4,391.4;599.6,382.4;532.2,374.9;546.1,470.8;629.7,386.0;615.6,263.2;613.9,263.3;601.4,202.8;683.2,245.2;718.5,268.4;656.4,257.9;569.5,266.8;514.3,305.9;523.1,319.0
231#626.8,564.7;644.4,467.0;656.4,382.8;598.8,374.5;528.4,373.0;548.1,470.6;629.3,378.1;614.1,256.8;611.8,255.7;600.6,196.2;682.4,243.6;721.0,264.9;656.4,250.9;567.1,260.3;512.9,300.3;522.3,329.9
232#629.4,564.4;648.6,466.8;656.4,374.2;598.0,366.6;524.5,371.1;550.0,470.3;628.9,370.1;612.6,250.4;609.8,248.0;599.8,189.6;681.6,242.0;723.5,261.3;656.4,243.9;564.8,253.9;511.6,294.7;521.5,340.9
233#632.0,564.1;652.9,466.6;656.4,365.7;597.2,358.7;520.7,369.2;552.0,470.1;628.5,362.2;611.1,243.9;607.7,240.4;599.0,183.0;680.8,240.4;726.0,257.8;656.4,236.9;562.4,247.4;510.2,289.1;520.7,351.8
234#644.0,558.6;654.8,461.8;658.4,357.7;597.4,354.1;522.0,379.2;550.7,476.1;626.1,357.7;611.7,235.7;611.7,235.7;599.2,172.9;730.1,235.7;726.5,239.3;658.4,228.5;561.5,239.3;504.1,278.8;532.8,307.5
235#646.5,546.0;661.6,451.7;656.7,355.0;596.9,352.5;527.5,385.8;551.0,482.7;625.2,355.6;614.5,231.2;614.5,231.2;603.8,168.2;724.3,217.5;723.1,226.2;659.9,224.5;566.1,234.3;519.1,260.1;548.0,280.4
236#649.0,533.3;668.5,441.7;655.0,352.3;596.4,350.8;532.9,392.3;551.3,489.4;624.4,353.4;617.3,226.6;617.3,226.6;608.4,163.6;718.5,199.3;719.7,213.2;661.4,220.4;570.8,229.2;534.0,241.4;563.1,253.3
237#651.5,520.7;675.3,431.6;653.3,349.6;595.9,349.2;538.4,398.9;551.6,496.0;623.5,351.3;620.1,222.1;620.1,222.1;613.0,158.9;712.7,181.1;716.3,200.1;662.9,216.4;575.4,224.2;549.0,222.7;578.3,226.2
238#653.9,508.0;682.1,421.6;651.5,347.0;595.4,347.6;543.8,405.4;551.8,502.7;622.7,349.1;623.0,217.6;623.0,217.6;617.6,154.3;706.9,163.0;712.8,187.0;664.4,212.3;580.0,219.1;564.0,203.9;593.4,199.1
239#656.4,495.4;688.9,411.5;649.8,344.3;594.9,346.0;549.3,412.0;552.1,509.3;621.8,347.0;625.8,213.1;625.8,213.1;622.2,149.6;701.1,144.8;709.4,173.9;665.9,208.3;584.6,214.1;579.0,185.2;608.6,172.0
240#658.9,482.7;695.8,401.5;648.1,341.6;594.4,344.3;554.7,418.5;552.4,516.0;621.0,344.8;628.6,208.5;628.6,208.5;626.8,145.0;695.3,126.6;706.0,160.9;667.4,204.2;589.3,209.0;593.9,166.5;623.7,144.9
241#661.4,470.1;702.6,391.4;646.4,338.9;593.9,342.7;560.2,425.1;552.7,522.6;620.1,342.7;631.4,204.0;631.4,204.0;631.4,140.3;689.5,108.4;702.6,147.8;668.9,200.2;593.9,204.0;608.9,147.8;638.9,117.8
242#655.6,453.9;712.7,385.4;648.0,335.9;594.7,335.9;564.2,434.9;545.2,522.4;621.3,335.9;636.5,202.7;636.5,198.9;632.7,138.0;691.7,105.6;697.5,138.0;674.6,198.9;594.7,210.3;621.3,217.9;628.9,229.3
243#656.2,442.9;707.4,373.1;652.4,337.8;597.7,337.8;563.7,432.3;540.2,522.9;625.0,337.8;640.0,204.7;640.0,200.0;640.0,140.5;692.5,114.3;703.3,148.8;678.8,201.8;597.7,210.4;623.1,217.9;635.3,226.5
244#656.9,431.9;702.0,360.8;656.8,339.7;600.6,339.7;563.2,429.8;535.2,523.4;628.6,339.7;643.6,206.7;643.6,201.1;647.2,142.9;693.4,123.1;709.1,159.6;683.0,204.8;600.6,210.5;624.9,218.0;641.6,223.7
245#657.5,420.9;696.7,348.4;661.1,341.6;603.6,341.6;562.7,427.2;530.3,523.8;632.3,341.6;647.1,208.7;647.1,202.2;654.5,145.4;694.2,131.8;715.0,170.4;687.1,207.8;603.6,210.6;626.8,218.0;648.0,220.8
246#658.1,409.9;691.3,336.1;665.5,343.5;606.5,343.5;562.2,424.7;525.3,524.3;636.0,343.5;650.7,210.7;650.7,203.3;661.8,147.9;695.0,140.6;720.8,181.2;691.3,210.7;606.5,210.7;628.6,218.0;654.4,218.0
247#660.2,403.2;686.2,336.3;667.6,347.4;611.9,347.4;559.8,425.5;526.3,518.5;641.6,347.4;656.5,209.8;656.5,209.8;660.2,150.3;697.4,150.3;723.4,191.2;697.4,213.5;615.6,209.8;604.4,235.9;634.2,232.1
248#618.5,496.0;640.5,419.2;677.1,353.3;618.5,342.3;567.2,422.8;530.6,510.7;647.8,353.3;658.8,214.2;658.8,210.5;669.7,148.3;695.4,163.0;721.0,199.6;702.7,214.2;614.8,214.2;603.8,250.8;633.1,243.5
249#560.4,462.5;682.4,347.6;678.8,354.8;625.0,344.0;567.5,426.6;531.6,505.5;650.1,351.2;664.5,218.4;664.5,214.8;671.6,153.7;700.4,171.7;721.9,211.2;704.0,222.0;621.4,218.4;603.4,254.3;639.3,250.7
250#661.1,417.8;607.2,377.4;678.0,360.6;627.4,357.2;566.8,424.6;539.8,495.3;651.0,357.2;667.9,225.8;667.9,219.1;674.6,155.0;704.9,188.7;725.1,219.1;708.3,225.8;624.1,219.1;603.8,259.5;637.5,256.1
251#669.6,420.0;644.0,372.0;685.6,359.2;631.2,356.0;573.6,413.6;541.6,490.4;660.0,359.2;669.6,227.9;669.6,218.3;684.0,159.1;692.0,266.4;724.0,304.8;714.4,231.1;624.8,224.7;602.4,269.6;637.6,266.4
252#670.1,443.9;679.5,343.6;692.0,365.5;635.6,356.1;576.0,406.3;547.7,487.9;663.8,356.1;673.2,230.6;673.2,224.4;684.2,166.3;692.0,277.7;729.7,312.2;717.1,230.6;626.2,227.5;604.2,277.7;635.6,277.7
253#668.2,455.1;659.0,384.1;699.1,362.5;640.5,359.4;578.7,399.5;554.1,492.1;668.2,362.5;677.5,232.9;677.5,229.8;686.7,165.0;699.1,260.7;733.0,322.4;723.8,229.8;628.1,229.8;603.4,285.4;637.4,282.3
254#668.1,468.8;659.2,386.0;694.7,359.3;647.4,356.4;582.3,391.9;561.6,483.6;674.0,359.3;677.0,238.0;677.0,232.1;693.3,177.4;697.7,273.5;739.1,323.8;727.3,238.0;629.6,235.1;603.0,291.3;632.6,276.5
255#668.9,479.6;663.3,395.2;702.7,367.0;649.2,358.6;587.3,389.5;567.6,474.0;677.4,364.2;680.2,240.4;680.2,231.9;695.7,185.5;705.5,279.8;744.9,316.4;730.8,237.6;632.3,240.4;604.2,296.7;635.1,279.8
256#713.4,488.9;669.8,398.8;710.5,369.8;658.2,361.1;591.3,381.4;571.0,468.6;684.3,366.9;684.3,241.9;684.3,233.2;694.5,182.3;722.1,271.0;754.1,285.5;733.7,239.0;634.9,241.9;603.0,300.0;637.8,279.7
257#719.2,500.0;665.4,413.3;716.2,371.5;659.5,365.5;593.7,374.4;572.8,464.1;686.4,368.5;689.4,243.0;689.4,237.0;699.8,181.7;731.2,272.8;767.0,287.8;740.2,243.0;641.5,245.9;602.7,302.7;644.5,284.8
258#718.7,513.2;655.6,418.5;721.9,368.0;668.2,361.7;601.9,364.9;573.5,459.6;696.6,364.9;693.5,248.1;693.5,241.8;704.5,180.2;734.5,273.3;781.8,286.0;744.0,244.9;643.0,248.1;601.9,301.8;646.1,286.0
259#716.7,524.2;663.4,433.4;719.8,367.6;672.8,361.3;603.9,361.3;575.7,452.1;694.8,367.6;701.0,251.6;701.0,245.4;708.9,190.6;757.4,267.3;795.0,279.8;748.0,248.5;650.9,251.6;600.8,295.5;632.1,283.0
260#676.3,537.7;667.2,443.4;721.9,376.5;673.2,367.4;606.3,358.3;572.9,449.5;697.6,373.5;706.7,254.9;706.7,242.7;711.2,204.7;770.5,267.1;810.1,273.2;752.3,251.9;655.0,251.9;594.2,291.4;636.7,270.1
261#679.3,550.9;670.1,452.9;725.2,382.6;676.2,370.3;608.9,351.9;572.2,443.8;703.8,376.4;709.9,254.0;709.9,244.8;714.5,209.6;780.3,260.1;817.0,266.3;755.8,254.0;660.9,254.0;590.5,284.6;633.4,269.3
262#678.9,561.9;675.7,463.2;726.6,383.6;682.0,370.8;612.0,348.6;570.6,437.7;704.3,377.2;717.1,256.2;713.9,249.9;715.5,203.7;799.8,256.2;825.3,259.4;761.6,253.0;669.3,253.0;592.9,275.3;634.3,265.8
263#681.0,569.7;684.4,470.3;729.0,384.6;684.4,370.9;609.0,340.1;567.9,432.6;708.4,377.8;718.7,254.4;718.7,254.4;713.6,190.9;794.1,237.2;828.4,257.8;763.3,254.4;674.1,250.9;598.7,261.2;639.9,250.9
264#686.5,579.1;697.1,479.7;729.1,387.4;682.9,376.8;615.5,334.2;572.9,422.9;707.8,383.9;722.0,252.6;725.5,256.1;713.1,201.1;800.0,220.6;828.4,259.7;764.6,252.6;679.4,252.6;601.3,252.6;633.2,220.6
265#690.5,584.3;711.8,492.2;733.0,389.5;687.0,378.8;616.1,329.2;573.6,421.4;708.2,385.9;725.9,254.8;725.9,258.4;717.1,203.5;803.9,219.4;832.2,261.9;768.5,254.8;683.4,251.3;605.5,240.7;632.1,210.5
266#700.6,588.0;722.5,508.1;737.0,399.0;682.5,380.8;620.7,322.7;580.7,417.2;711.5,388.1;729.7,260.9;729.7,260.9;717.0,197.3;813.3,235.5;835.1,271.8;773.3,257.3;686.1,250.0;617.0,228.2;637.0,197.3
267#713.0,592.0;737.1,499.5;741.2,390.8;692.9,374.7;628.5,318.3;588.2,414.9;721.0,382.7;733.1,257.9;733.1,257.9;717.0,197.6;817.6,253.9;833.7,282.1;777.4,257.9;692.9,253.9;624.4,221.7;628.5,177.4
268#729.3,589.7;738.1,489.1;746.8,392.9;694.3,379.8;633.1,318.6;598.1,414.8;720.6,384.2;733.7,261.7;733.7,266.1;724.9,196.1;812.4,274.8;834.3,292.3;773.0,261.7;698.7,257.3;694.3,296.7;703.1,292.3
269#737.0,592.9;744.4,496.6;748.1,392.8;696.3,385.4;640.7,318.7;607.4,411.4;722.2,389.1;737.0,263.2;737.0,266.9;727.8,198.3;807.4,292.8;826.0,307.6;777.8,263.2;696.3,259.5;648.1,226.1;677.8,366.9
270#750.9,595.2;750.9,494.5;750.9,393.7;698.6,386.3;646.4,319.1;620.3,412.4;721.0,393.7;743.4,266.9;743.4,270.6;734.1,205.4;806.8,300.5;821.7,319.1;784.4,274.4;702.4,263.2;642.7,225.9;724.8,307.9
271#761.7,593.6;753.8,494.1;749.8,398.6;702.1,386.7;658.3,319.1;650.3,430.5;725.9,390.7;745.8,271.3;745.8,275.3;749.8,211.6;793.6,303.1;821.4,331.0;785.6,279.3;706.0,263.4;638.4,235.5;622.5,199.7
272#767.4,587.9;760.1,493.4;752.8,409.7;701.9,391.6;661.9,315.2;665.5,442.5;727.4,398.8;749.2,278.8;749.2,275.2;756.5,213.4;800.1,315.2;821.9,340.7;792.8,286.1;705.5,267.9;643.7,246.1;621.9,213.4
273#771.9,587.7;765.0,491.0;754.6,404.6;702.8,394.3;675.2,411.5;654.4,470.3;727.0,404.6;751.2,283.7;751.2,283.7;761.6,221.5;806.5,321.7;823.7,349.3;796.1,294.1;709.7,273.3;644.1,252.6;625.1,216.3
274#771.9,587.5;768.5,492.7;758.3,414.8;707.5,401.2;680.4,448.6;663.5,479.1;731.2,408.0;754.9,289.5;754.9,286.1;768.5,225.1;788.8,343.6;829.5,353.8;799.0,299.6;710.9,279.3;646.6,265.8;622.9,231.9
275#772.1,590.1;775.4,500.5;762.1,420.9;709.0,407.6;695.7,477.3;669.2,490.6;735.6,414.2;755.5,294.8;758.8,291.5;768.8,231.7;785.3,354.5;828.5,364.5;801.9,304.7;712.3,284.8;649.3,274.9;626.1,241.7
276#768.6,596.3;778.4,505.3;768.6,424.1;713.4,411.1;693.9,485.8;674.4,498.8;739.4,417.6;758.9,300.6;758.9,297.3;767.0,234.0;791.4,368.8;830.4,372.1;804.4,310.3;716.6,290.8;654.9,287.6;628.9,255.1
277#765.3,602.6;781.6,511.2;771.9,429.6;716.4,419.8;677.2,380.6;680.5,501.4;745.7,426.3;765.3,305.6;765.3,302.3;770.2,245.2;788.2,367.6;824.1,380.6;811.0,315.4;722.9,292.5;657.6,299.0;628.2,266.4
278#767.7,613.5;781.1,520.0;774.4,433.3;717.7,423.2;697.6,490.0;691.0,493.3;744.4,426.6;767.7,309.8;764.4,306.4;762.7,248.0;794.4,386.5;834.5,379.9;811.1,319.8;724.3,296.4;660.9,303.1;627.5,279.7
279#773.8,626.7;773.8,529.3;777.1,438.6;720.0,425.2;683.1,405.0;676.4,536.0;750.3,431.9;767.1,310.9;767.1,307.6;762.0,248.8;807.4,405.0;841.0,381.5;810.7,321.0;723.4,297.5;659.6,310.9;632.7,287.4
280#776.1,632.3;776.1,538.7;776.1,438.2;724.1,427.8;682.5,407.0;696.4,500.6;748.4,431.2;765.7,313.4;765.7,309.9;760.5,245.8;814.3,427.8;842.0,389.6;810.8,323.8;720.7,303.0;658.3,316.8;634.0,296.0
281#772.3,638.7;779.3,544.2;779.3,439.1;723.3,428.6;681.2,421.6;698.7,512.7;751.3,435.6;768.8,316.6;765.3,313.1;760.0,244.8;793.3,390.1;849.3,386.6;814.3,323.6;723.3,306.1;660.2,327.1;632.2,306.1
282#769.2,640.2;779.9,547.3;783.5,443.8;726.4,436.7;679.9,436.7;701.4,525.9;751.3,440.2;769.2,318.8;765.6,311.7;763.8,259.9;797.8,397.4;847.7,386.7;812.0,329.5;726.4,308.1;662.1,333.1;633.5,315.3
283#763.8,643.4;774.3,541.8;781.4,447.1;721.8,433.1;683.2,443.6;700.7,538.3;749.8,440.1;767.3,320.9;767.3,310.4;769.1,266.5;795.4,412.0;844.5,391.0;812.9,331.4;725.3,310.4;662.2,338.4;634.1,324.4
284#758.2,645.6;768.8,547.6;779.2,446.1;719.8,435.6;684.8,453.1;702.2,551.1;747.8,442.6;768.8,323.6;768.8,313.1;774.0,265.9;796.8,421.6;842.2,397.1;814.2,330.6;723.2,309.6;660.2,337.6;632.2,334.1
285#755.0,644.0;765.4,550.3;775.8,446.3;716.8,439.3;685.6,467.1;702.9,564.2;748.0,442.8;768.8,321.4;768.8,311.0;777.5,267.6;800.0,425.5;838.2,397.7;813.9,331.8;720.3,311.0;664.8,331.8;630.1,338.7
286#753.3,644.8;764.0,552.1;771.2,448.8;721.3,438.1;689.2,480.9;699.9,573.5;746.2,438.1;767.6,320.6;771.2,313.5;776.5,265.4;799.7,427.5;835.3,402.5;817.5,334.8;724.8,309.9;646.5,334.8;642.9,331.3
287#750.8,644.9;765.2,554.8;772.4,450.2;718.4,439.4;693.1,497.1;700.3,590.8;743.6,443.0;768.8,320.4;768.8,316.8;777.8,260.9;801.3,432.2;833.7,403.4;819.3,334.9;725.6,309.6;642.6,327.6;685.9,320.4
288#744.2,647.5;762.0,554.8;772.7,447.8;719.3,437.1;694.3,504.9;697.9,608.3;747.8,440.7;769.2,323.0;769.2,315.9;774.5,264.1;797.7,433.5;829.8,405.0;819.1,333.7;722.8,312.3;644.4,319.4;683.6,315.9
289#742.7,650.8;763.8,555.9;770.8,450.6;721.7,440.1;697.1,520.8;697.1,619.1;746.2,443.6;770.8,324.2;770.8,317.1;776.1,266.2;795.4,429.5;830.5,404.9;820.0,334.7;725.2,310.1;640.9,310.1;669.0,299.6
290#738.0,653.7;763.3,559.7;774.1,451.2;723.5,443.9;698.2,530.8;690.9,639.3;748.8,451.2;770.5,324.6;770.5,321.0;775.9,261.3;792.2,425.9;832.0,404.2;817.5,335.4;723.5,310.1;643.9,302.9;676.5,281.2
291#737.3,659.1;763.5,562.0;778.4,453.7;722.4,446.3;700.0,543.4;688.8,647.9;748.5,450.0;767.2,326.8;767.2,323.0;772.8,257.7;797.1,423.9;834.4,401.5;819.5,338.0;718.7,311.8;647.7,293.2;675.7,265.1
292#736.7,657.2;767.0,562.6;778.4,456.5;725.4,449.0;698.9,551.2;683.7,661.0;751.9,456.5;767.0,327.8;767.0,331.6;765.1,257.7;789.8,414.9;831.4,403.5;816.3,339.1;721.6,320.2;661.0,282.3;674.3,265.3
293#738.3,665.1;769.4,560.2;784.9,459.2;726.6,455.3;695.6,560.2;680.0,668.9;757.7,459.2;765.5,334.8;765.5,334.8;763.5,263.0;788.8,412.5;831.5,404.8;812.1,342.6;718.9,323.2;683.9,276.6;670.3,255.2
294#745.0,668.7;773.0,564.7;785.0,460.7;733.0,460.7;697.0,568.7;677.0,676.7;757.0,460.7;761.0,344.7;761.0,336.7;757.0,268.7;789.0,412.7;833.0,408.7;805.0,348.7;721.0,340.7;701.0,288.7;765.0,400.7
