1#698.0,895.5;661.8,776.2;683.5,696.7;651.0,711.1;665.4,808.7;694.3,899.1;669.0,703.9;625.7,599.0;625.7,602.7;614.8,544.8;564.2,541.2;625.7,534.0;654.6,588.2;596.7,609.9;546.1,581.0;538.9,541.2
2#697.0,896.9;664.0,790.8;682.3,699.3;653.1,710.3;664.0,812.7;697.0,896.9;656.7,703.0;623.8,600.5;623.8,604.2;616.5,545.7;590.9,534.7;623.8,549.3;653.1,593.2;598.2,611.5;543.3,582.3;536.0,542.0
3#696.6,895.3;659.7,788.4;681.8,696.3;648.7,711.1;659.7,810.5;696.6,898.9;667.1,703.7;619.2,604.3;619.2,604.3;615.5,545.3;560.3,538.0;615.5,560.1;641.3,593.2;593.4,615.3;541.9,582.2;538.2,541.6
4#696.7,895.6;659.8,788.6;681.9,696.4;648.7,707.4;659.8,810.7;696.7,895.6;667.2,703.7;619.2,604.1;619.2,604.1;611.8,545.1;560.2,537.7;615.5,559.8;641.4,593.0;593.4,615.2;541.7,582.0;538.1,541.4
5#694.5,890.5;653.7,786.5;679.7,697.4;646.3,712.2;657.4,808.8;694.5,894.2;661.1,704.8;620.3,600.8;620.3,604.6;601.7,545.2;581.3,491.3;627.7,530.3;642.6,589.7;590.6,615.7;542.3,586.0;534.9,537.7
6#687.2,888.0;646.8,774.3;672.5,693.7;635.8,708.3;650.5,807.3;690.8,895.3;654.2,704.7;613.8,594.7;613.8,594.7;602.8,543.4;582.7,493.9;624.8,528.7;643.2,580.0;580.8,605.7;525.8,580.0;529.5,543.4
7#684.2,885.3;631.6,776.5;661.7,693.9;627.9,708.9;646.6,806.5;684.2,892.8;642.9,697.7;605.4,588.9;609.1,588.9;594.1,532.6;581.0,493.2;624.1,528.8;639.1,581.4;575.4,600.1;541.6,585.1;537.8,540.1
8#664.9,863.8;598.8,746.4;646.5,684.0;609.8,698.7;624.5,797.7;668.6,878.5;628.2,687.7;598.8,581.2;598.8,581.2;584.1,522.5;595.2,610.6;624.5,614.3;631.9,573.9;565.8,588.6;551.1,584.9;580.5,728.0
9#596.8,817.9;582.7,737.3;635.3,663.6;596.8,677.7;589.8,772.3;649.4,845.9;610.8,667.1;582.7,562.0;582.7,558.5;572.2,509.4;589.8,611.0;617.8,600.5;614.3,554.9;554.7,569.0;530.2,614.5;551.2,635.6
10#596.8,812.4;582.7,738.5;635.5,664.6;596.8,678.7;589.8,770.2;649.6,847.5;610.9,668.2;582.7,562.6;582.7,559.1;572.2,509.9;593.3,611.9;617.9,601.3;614.4,555.6;558.1,569.7;547.5,611.9;589.8,597.8
11#575.4,784.6;565.8,704.3;620.3,649.8;578.6,662.6;552.9,736.4;623.5,810.2;597.9,653.0;562.6,550.3;565.8,547.1;559.4,495.8;569.0,604.9;597.9,585.6;597.9,543.9;527.3,559.9;514.4,620.9;536.9,637.0
12#574.8,784.1;562.1,704.0;605.3,648.8;561.9,659.4;525.5,712.9;586.1,790.5;582.6,651.4;552.0,546.3;554.7,543.6;548.2,492.2;554.5,574.5;587.8,564.8;587.2,540.9;515.7,554.3;495.7,600.5;515.0,605.9
13#574.1,783.6;558.5,703.6;590.2,647.7;545.2,656.3;498.1,689.4;548.6,770.8;567.2,649.9;541.4,542.3;543.5,540.1;537.0,488.7;539.9,544.1;577.6,543.9;576.4,538.0;504.1,548.7;477.0,580.1;493.2,574.7
14#573.4,783.2;554.8,703.3;575.2,646.7;528.4,653.1;470.7,665.8;511.2,751.0;551.9,648.3;530.8,538.2;532.4,536.7;525.7,485.1;525.4,513.8;567.4,523.1;565.7,535.0;492.4,543.0;458.4,559.8;471.3,543.6
15#572.8,782.7;551.2,703.0;560.2,645.7;511.7,649.9;443.3,642.3;473.8,731.3;536.6,646.7;520.2,534.2;521.3,533.2;514.5,481.5;510.8,483.4;557.3,502.3;555.0,532.1;480.8,537.4;439.7,539.4;449.5,512.5
16#572.1,782.2;547.5,702.6;545.1,644.6;495.0,646.8;415.9,618.8;436.3,711.6;521.2,645.2;509.6,530.2;510.1,529.7;503.3,478.0;496.2,453.0;547.1,481.4;544.2,529.1;469.2,531.8;421.0,519.0;427.6,481.3
17#571.5,781.7;543.9,702.3;530.1,643.6;478.3,643.6;388.5,595.3;398.9,691.9;505.9,643.6;499.0,526.2;499.0,526.2;492.1,474.4;481.7,422.6;537.0,460.6;533.5,526.2;457.6,526.2;402.3,498.6;405.8,450.2
18#567.3,794.7;543.9,716.8;512.7,650.6;454.3,646.7;372.4,584.3;356.8,673.9;481.5,646.7;477.6,529.8;481.5,529.8;477.6,479.1;465.9,409.0;497.1,463.5;512.7,525.9;446.5,529.8;395.8,494.7;372.4,440.2
19#556.3,796.7;530.5,726.7;493.7,649.4;431.1,649.4;368.5,590.5;324.3,664.1;464.2,649.4;460.6,542.6;460.6,542.6;460.6,487.4;444.0,434.0;471.6,483.7;497.4,542.6;423.8,542.6;375.9,502.1;372.2,450.6
20#537.8,808.0;512.1,723.6;464.5,665.0;405.8,657.7;354.5,591.7;295.9,650.3;435.2,661.3;438.8,547.7;438.8,547.7;438.8,492.7;435.2,445.0;460.8,492.7;475.5,551.3;405.8,547.7;358.2,522.0;365.5,478.0
21#507.0,806.0;493.4,717.7;442.4,677.0;377.9,666.8;343.9,592.1;279.4,646.4;405.1,670.2;422.1,561.5;422.1,561.5;418.7,507.1;435.6,473.2;452.6,510.5;452.6,551.3;384.7,568.3;343.9,595.5;357.5,497.0
22#506.3,808.5;496.1,717.3;442.1,676.8;377.9,666.6;344.2,592.3;276.6,646.4;415.1,673.4;418.5,561.9;418.5,558.6;418.5,504.5;435.3,474.1;452.2,507.9;452.2,551.8;384.7,568.7;344.2,595.7;357.7,497.8
23#466.9,795.5;476.0,713.4;415.2,680.0;354.4,673.9;324.1,594.9;266.3,646.6;378.8,673.9;393.9,564.5;397.0,567.6;403.1,515.9;431.9,477.9;454.7,531.1;439.5,564.5;369.6,567.6;360.5,561.5;363.6,515.9
24#428.5,781.4;457.9,695.9;388.4,693.2;329.6,677.2;302.9,605.1;257.5,653.2;359.0,685.2;388.4,573.0;388.4,575.7;388.4,519.6;431.1,500.9;444.5,546.3;425.8,575.7;345.6,567.7;300.2,607.7;348.3,549.0
25#394.3,769.5;428.9,695.3;369.6,687.9;307.8,673.1;280.6,603.8;379.5,759.6;339.9,680.5;372.1,576.6;372.1,579.1;377.0,522.2;428.9,517.3;438.8,564.3;404.2,576.6;335.0,576.6;317.7,611.2;339.9,532.1
26#367.6,781.8;392.5,704.3;345.5,684.9;295.6,673.9;248.6,601.9;254.1,682.2;317.8,676.6;353.8,571.5;353.8,574.2;364.8,521.7;428.5,532.7;428.5,579.8;392.5,568.7;317.8,568.7;298.4,599.1;337.2,599.1
27#370.1,801.2;367.3,721.0;331.4,679.6;284.4,671.3;226.4,621.5;251.2,701.7;306.5,674.0;348.0,571.8;348.0,571.8;346.6,517.9;425.3,546.9;422.6,591.1;381.1,571.8;312.0,563.5;270.6,571.8;320.3,602.2
28#370.0,801.1;367.3,721.0;331.4,679.5;284.4,671.3;226.4,621.5;251.3,701.6;306.5,674.0;348.0,571.8;348.0,571.8;346.6,518.0;425.3,547.0;422.5,591.2;381.1,571.8;312.0,563.6;270.6,571.8;320.3,602.2
29#354.6,804.6;365.5,719.7;321.7,681.4;280.7,673.2;242.4,640.4;247.9,719.7;297.1,678.7;335.4,572.0;332.7,574.7;339.5,515.9;423.0,569.2;409.3,602.1;368.3,574.7;308.1,566.5;280.7,607.6;310.8,607.6
30#330.5,797.2;359.6,707.0;313.1,680.8;269.4,672.1;246.2,660.4;252.0,741.9;289.8,677.9;324.7,570.2;324.7,567.3;324.7,514.9;414.9,587.7;400.4,613.9;365.5,578.9;284.0,558.6;263.6,544.0;256.3,498.9
31#314.4,778.9;354.4,693.1;317.3,676.0;268.7,670.2;245.8,681.7;248.6,758.9;291.5,670.2;323.0,570.2;323.0,570.2;317.3,515.8;411.6,601.6;391.6,621.6;363.0,581.6;283.0,564.5;280.1,593.0;300.1,590.2
32#312.6,758.1;344.7,697.1;322.2,674.6;270.8,668.2;245.1,703.5;248.3,780.5;296.5,671.4;319.0,575.0;319.0,568.6;319.0,517.2;415.3,639.3;386.4,629.6;360.7,584.7;280.4,565.4;238.7,510.8;232.3,469.1
33#318.1,739.2;347.7,679.8;321.4,683.1;275.2,679.8;245.5,722.7;248.8,805.1;298.3,679.8;324.6,580.8;324.6,574.2;327.9,521.4;413.7,636.9;387.3,640.2;364.2,590.7;285.1,567.6;242.2,528.0;229.0,488.4
34#318.1,739.9;347.7,680.7;321.4,684.0;275.3,680.7;245.7,720.2;249.0,805.7;298.3,680.7;321.4,581.9;324.6,572.1;327.9,519.4;413.5,634.6;387.2,641.2;364.1,591.8;285.2,568.8;242.4,522.7;229.2,486.5
35#329.9,726.5;355.8,677.8;339.6,687.5;294.2,684.3;255.3,752.4;248.8,823.8;316.9,684.3;336.4,580.5;336.4,577.2;336.4,522.1;420.7,645.4;394.7,651.9;378.5,596.7;294.2,567.5;255.3,538.3;226.1,502.6
36#374.4,699.8;325.5,684.5;346.9,684.5;301.1,684.5;267.5,770.0;246.2,831.1;325.5,684.5;343.8,580.8;346.9,574.7;349.9,522.8;429.3,672.3;411.0,654.0;389.6,596.0;304.2,565.5;233.9,553.3;226.3,518.2
37#253.4,834.0;410.7,663.9;359.3,686.4;320.8,686.4;269.5,766.6;250.2,843.6;336.9,686.4;352.9,580.5;352.9,577.3;362.5,519.5;417.1,644.7;429.9,651.1;394.6,593.3;308.0,567.6;243.8,567.6;231.0,529.1
38#378.6,746.2;332.3,699.9;372.0,683.4;329.0,686.7;269.4,756.2;259.5,848.8;352.1,683.4;358.7,580.8;358.7,577.5;362.0,521.2;411.7,620.5;448.1,633.7;405.1,590.7;315.7,570.9;246.2,584.1;233.0,547.7
39#363.3,758.7;344.5,702.2;382.2,683.4;335.1,686.6;269.2,746.2;269.2,840.3;360.2,683.4;357.1,576.8;357.1,573.6;366.5,520.3;413.5,598.7;460.6,611.3;401.0,579.9;316.3,573.6;253.6,598.7;234.7,564.2
40#363.3,758.6;344.5,702.2;382.1,683.4;335.1,686.6;269.3,746.0;269.3,840.0;360.1,683.4;357.0,577.0;357.0,573.9;364.8,515.9;413.4,598.9;460.3,611.4;400.8,580.1;313.2,573.9;253.7,598.9;234.9,564.5
41#364.9,768.6;344.7,702.1;382.3,687.6;341.8,687.6;266.6,731.0;272.4,823.5;362.0,687.6;359.1,577.8;359.1,572.0;364.9,520.0;431.4,548.9;471.9,580.7;408.3,577.8;315.8,574.9;258.0,612.5;234.8,577.8
42#364.9,788.7;349.8,707.0;383.1,682.8;346.8,682.8;262.0,716.1;268.0,806.9;361.9,685.8;355.8,576.8;358.9,570.8;364.9,519.3;428.5,501.2;464.8,543.5;401.3,570.8;316.5,579.9;262.0,622.2;231.7,598.0
43#365.7,806.8;349.7,717.0;385.0,688.1;336.9,688.1;253.4,697.7;259.8,787.6;362.5,688.1;356.1,575.8;359.3,572.6;365.7,521.2;431.5,474.7;449.2,521.2;397.8,562.9;314.4,582.2;266.3,627.1;227.8,611.1
44#366.0,823.2;352.1,729.1;373.0,697.7;324.2,694.3;247.6,680.3;247.6,767.4;352.1,694.3;355.6,568.8;352.1,568.8;362.6,516.5;442.7,446.9;432.2,502.6;393.9,558.4;313.8,586.2;258.0,628.0;219.7,621.1
45#363.5,835.3;363.5,755.2;374.0,682.2;321.8,682.2;241.8,661.3;238.3,751.8;349.6,682.2;349.6,567.4;349.6,567.4;356.6,515.2;443.5,449.1;422.7,501.3;387.9,557.0;307.9,581.3;252.2,619.6;210.5,619.6
46#364.5,838.3;364.5,755.0;371.4,682.1;322.8,682.1;242.9,661.2;239.4,751.5;347.1,682.1;350.6,567.5;350.6,567.5;357.5,515.4;444.3,449.4;423.5,501.5;388.8,557.1;308.9,581.4;253.3,619.6;215.1,619.6
47#370.3,844.9;370.3,774.6;367.1,681.9;312.8,681.9;232.9,646.8;236.1,733.0;338.4,678.7;341.6,570.1;338.4,570.1;351.2,515.8;439.0,463.0;424.7,506.2;379.9,557.3;296.8,582.9;236.1,611.6;229.7,589.3
48#375.7,847.7;372.6,776.8;357.2,681.4;307.9,678.3;234.0,629.0;240.1,718.3;332.5,678.3;335.6,570.5;335.6,573.6;341.8,515.0;441.9,476.5;431.1,524.3;375.7,561.2;292.5,579.7;224.7,595.1;243.2,567.4
49#377.3,848.8;368.4,771.1;350.4,681.4;293.6,678.5;230.9,612.7;242.8,708.3;323.5,681.4;329.5,570.9;332.5,570.9;332.5,517.1;438.6,494.7;431.1,541.0;368.4,564.9;290.7,573.9;221.9,564.9;248.8,526.1
50#369.2,849.7;366.2,779.6;344.8,688.1;293.0,678.9;232.0,627.1;247.3,712.5;317.4,682.0;329.6,572.2;329.6,575.3;326.5,520.4;439.3,508.2;430.2,557.0;369.2,566.1;289.9,578.3;238.1,535.6;262.5,502.1
51#249.4,735.0;219.2,644.3;293.1,681.3;343.5,691.4;363.6,775.3;363.6,852.6;320.0,684.6;333.4,570.4;330.0,570.4;323.3,520.0;276.3,473.0;249.4,509.9;296.4,567.1;370.4,570.4;430.8,573.8;437.5,526.7
52#249.4,731.7;219.2,644.3;293.1,681.3;343.5,691.4;363.6,775.3;363.6,852.6;320.0,684.6;333.4,570.4;330.0,570.4;323.3,520.0;276.3,473.0;249.4,509.9;296.4,567.1;370.4,570.4;430.8,573.8;437.5,526.7
53#362.0,842.7;359.0,763.7;343.8,687.9;292.2,684.8;219.4,663.6;249.7,751.6;319.6,684.8;331.7,572.5;331.7,572.5;328.7,517.9;437.9,545.2;428.8,590.7;374.2,575.6;298.3,569.5;264.9,508.8;304.4,575.6
54#362.2,844.1;362.2,779.3;341.6,688.0;294.5,685.1;238.5,679.2;250.3,767.6;318.0,685.1;335.7,576.1;335.7,576.1;338.6,520.2;435.8,561.4;427.0,605.6;374.0,579.1;303.3,570.2;287.1,501.0;287.1,495.1
55#352.6,840.4;363.0,756.9;342.2,683.9;297.0,680.4;237.8,701.3;248.3,788.2;321.3,680.4;342.2,576.1;342.2,576.1;356.1,523.9;432.6,583.0;425.7,621.3;383.9,586.5;303.9,565.6;290.0,506.5;295.2,456.0
56#342.5,828.2;365.4,748.3;348.3,688.4;296.9,685.5;248.4,719.8;245.5,811.1;319.7,688.4;351.1,591.3;351.1,582.8;363.9,530.0;433.9,599.9;425.3,634.2;391.1,591.3;316.9,582.8;296.9,611.3;334.0,608.5
57#337.6,807.3;367.6,724.1;354.3,694.2;304.4,687.6;257.8,747.4;244.5,827.3;327.6,694.2;354.3,587.8;357.6,584.4;367.6,531.2;434.1,624.4;420.8,641.0;397.5,594.4;317.7,577.8;281.1,541.2;302.7,486.3
58#337.6,807.2;367.5,724.1;354.2,694.2;304.4,687.5;257.8,747.4;244.5,827.2;327.6,694.2;354.2,587.8;357.6,584.5;367.5,531.3;434.0,624.4;420.7,641.0;397.4,594.5;317.7,577.8;281.1,541.3;302.7,486.4
59#336.8,779.0;370.7,708.1;358.4,701.9;312.1,692.6;272.0,763.6;241.1,834.6;333.7,698.8;361.5,587.7;364.6,587.7;370.7,532.2;429.4,643.3;426.3,652.5;407.8,600.1;321.4,575.4;281.3,553.8;295.1,521.4
60#327.6,770.4;356.1,716.4;365.6,700.6;324.4,697.4;276.8,773.5;245.1,846.5;346.6,700.6;368.8,595.9;372.0,589.6;375.2,535.6;416.4,637.1;432.3,665.7;413.2,608.6;324.4,583.2;289.5,576.9;294.3,527.7
61#319.2,788.4;331.7,723.1;375.2,707.6;331.7,704.5;281.9,769.7;260.1,856.8;353.4,707.6;378.3,605.0;378.3,595.6;375.2,542.8;428.1,673.4;440.5,664.0;418.7,608.1;341.0,595.6;291.2,589.4;291.2,552.1
62#324.6,800.5;415.7,698.0;387.2,715.1;344.5,709.4;281.8,769.2;276.1,857.4;364.4,709.4;378.7,609.7;381.5,601.1;374.4,551.3;421.4,663.8;452.7,658.1;424.2,612.5;335.9,604.0;338.8,629.6;355.9,638.2
63#423.6,719.2;423.6,708.9;395.3,714.0;346.4,714.0;284.8,760.3;295.0,847.7;372.1,714.0;379.9,608.6;382.4,603.5;376.0,553.4;431.3,636.9;464.7,644.6;421.0,613.8;341.3,603.5;300.2,624.1;297.6,575.2
64#423.5,719.1;423.5,708.9;395.2,714.0;346.5,714.0;284.9,760.2;295.2,847.4;372.2,714.0;379.8,608.8;382.4,603.6;376.0,553.6;433.7,634.4;464.5,644.7;420.9,611.3;341.4,603.6;300.3,624.2;297.7,575.4
65#372.2,752.7;391.6,696.9;406.2,713.9;350.4,713.9;289.7,750.3;299.4,837.7;377.1,713.9;379.5,609.5;381.9,602.2;375.9,557.3;435.3,616.7;469.3,621.6;420.8,607.0;338.2,604.6;299.4,636.2;297.0,604.6
66#368.9,757.6;397.4,714.8;404.6,719.6;352.3,719.6;295.3,738.6;292.9,826.4;378.4,719.6;376.1,610.3;376.1,603.2;377.2,559.2;405.8,564.0;463.9,593.7;418.8,603.2;335.7,610.3;304.8,653.1;288.2,617.4
67#358.4,783.3;344.3,721.0;398.1,718.2;349.9,718.2;296.1,729.5;284.8,811.6;375.4,718.2;372.6,607.7;372.6,604.9;372.6,553.9;406.6,531.2;446.2,568.1;409.4,602.0;332.9,613.4;332.9,630.4;347.1,627.5
68#360.9,799.4;354.6,735.8;392.7,719.9;345.1,719.9;294.2,710.3;278.3,793.0;370.5,719.9;367.3,608.6;367.3,605.4;364.1,554.5;408.6,497.3;418.2,551.4;399.1,599.1;329.2,615.0;329.2,634.0;360.9,634.0
69#358.9,815.3;352.6,742.8;380.9,717.6;336.8,714.5;289.5,701.9;276.9,774.4;358.9,714.5;355.7,604.1;355.7,604.1;349.4,556.8;412.5,503.3;415.6,547.4;390.4,594.7;321.1,616.7;336.8,619.9;358.9,619.9
70#358.9,814.7;355.7,745.6;384.0,717.4;336.9,714.2;289.8,701.7;277.2,773.9;358.9,717.4;355.7,604.3;355.7,604.3;349.4,557.2;409.1,497.5;415.4,544.6;390.3,594.9;318.0,616.9;336.9,620.0;358.9,620.0
71#355.6,827.7;355.6,748.7;370.8,709.2;325.2,709.2;288.7,697.0;279.6,757.8;346.4,712.2;343.4,605.8;343.4,602.8;337.3,554.2;410.3,514.7;425.5,557.2;379.9,590.6;306.9,615.0;288.7,663.6;358.6,630.2
72#351.6,836.4;354.4,764.8;360.2,707.6;314.3,707.6;328.7,762.0;334.4,819.2;337.3,707.6;328.7,601.6;328.7,601.6;322.9,550.1;404.5,531.5;420.3,573.0;365.9,590.2;291.4,615.9;271.4,670.3;282.8,716.1
73#352.8,840.3;355.5,777.9;344.6,702.0;301.2,702.0;328.4,767.1;333.8,832.2;322.9,702.0;314.8,599.0;314.8,596.3;314.8,544.8;398.8,547.5;409.7,588.2;350.0,590.9;274.1,609.9;260.6,666.8;276.8,699.3
74#350.5,865.8;350.5,793.0;331.6,695.9;288.5,698.6;318.1,779.5;334.3,833.4;310.0,698.6;304.7,593.4;304.7,590.7;300.6,538.1;388.3,566.4;399.1,601.5;339.7,588.0;264.2,601.5;229.1,647.3;245.3,639.2
75#351.1,849.2;345.7,779.2;321.5,690.5;275.8,690.5;289.2,738.9;326.9,833.0;300.0,690.5;291.9,591.0;291.9,588.3;293.2,538.5;380.6,582.9;383.3,617.9;332.2,588.3;251.6,596.4;205.8,628.6;200.5,631.3
76#351.1,849.3;345.7,779.3;321.5,690.5;275.7,690.5;291.9,747.0;326.9,833.1;300.0,690.5;291.9,590.9;291.9,588.2;293.2,538.4;380.7,582.8;383.4,617.8;332.3,588.2;251.5,596.3;205.8,628.6;200.4,631.3
77#349.2,838.6;349.2,765.8;311.4,687.5;265.6,692.9;298.0,701.0;279.1,760.4;289.9,690.2;284.5,590.3;287.2,587.6;285.8,535.0;376.2,595.7;370.8,628.1;327.6,590.3;244.0,587.6;190.0,603.8;200.8,598.4
78#348.2,826.6;350.7,740.0;299.7,683.9;256.4,689.0;284.4,711.9;292.1,778.2;279.3,686.5;281.9,589.6;281.9,584.5;280.6,542.5;371.1,612.5;363.4,635.5;322.7,592.2;246.2,587.1;246.2,617.6;266.6,610.0
79#350.5,805.4;353.3,723.4;290.4,682.4;252.2,687.9;279.5,717.9;285.0,786.3;271.3,685.2;279.5,589.5;279.5,586.8;274.0,534.9;366.9,625.0;356.0,641.4;317.8,595.0;246.7,584.1;252.2,619.6;285.0,614.1
80#350.9,784.1;354.1,703.9;283.6,681.4;245.1,681.4;267.5,719.9;280.4,796.9;264.3,681.4;273.9,591.6;273.9,585.2;270.7,537.1;376.6,633.3;350.9,643.0;312.4,598.1;238.7,585.2;193.8,537.1;219.4,501.8
81#351.8,768.3;354.9,685.2;277.9,685.2;244.1,688.3;265.6,734.4;268.7,817.5;262.5,685.2;271.8,592.8;268.7,586.7;265.6,537.4;370.3,657.5;354.9,645.2;311.8,599.0;234.8,580.5;204.0,540.5;214.8,492.8
82#351.9,768.4;354.9,685.2;277.9,685.2;244.0,688.3;265.6,734.5;268.6,817.7;262.5,685.2;271.7,592.8;268.6,586.6;265.6,537.3;370.3,657.5;354.9,645.1;311.8,598.9;234.7,580.4;203.9,540.4;214.7,492.6
83#346.5,750.5;349.5,669.5;283.5,690.5;241.5,699.5;259.5,768.5;268.5,843.5;259.5,693.5;265.5,594.5;265.5,591.5;259.5,537.5;334.5,633.5;355.5,642.5;304.5,594.5;229.5,594.5;244.5,624.5;280.5,666.5
84#334.1,738.1;337.5,657.2;280.2,690.9;243.1,707.7;253.2,792.0;266.7,866.2;263.3,697.6;263.3,596.5;263.3,596.5;266.7,535.8;320.7,616.7;354.4,633.6;303.8,596.5;226.3,599.8;233.0,606.6;283.6,620.1
85#325.1,726.9;325.1,645.7;281.1,689.7;243.8,703.2;247.2,801.4;260.8,872.5;260.8,696.5;257.4,594.9;260.8,594.9;270.9,540.8;314.9,601.7;355.5,615.2;298.0,594.9;226.9,598.3;182.9,544.1;194.8,515.4
86#317.9,733.0;314.8,651.0;280.0,698.3;242.2,710.9;242.2,796.2;248.5,871.9;261.1,704.6;261.1,597.3;261.1,597.3;269.0,545.2;289.5,568.9;346.3,591.0;299.0,597.3;223.2,594.2;188.5,562.6;193.2,551.6
87#317.5,757.9;310.9,685.3;281.2,698.5;238.2,705.1;234.9,787.6;234.9,866.9;261.3,698.5;258.0,596.1;258.0,599.4;263.0,541.6;276.2,541.6;327.4,573.0;291.1,596.1;225.0,592.8;188.7,579.6;196.9,541.6
88#317.4,757.9;310.8,685.3;281.1,698.5;238.3,705.1;235.0,787.6;235.0,866.7;261.4,698.5;258.1,596.2;258.1,599.5;263.0,541.8;276.2,541.8;327.3,573.1;291.0,596.2;225.1,592.9;188.8,579.7;197.0,541.8
89#313.3,783.5;309.9,712.4;282.8,695.5;238.8,705.6;221.9,780.1;221.9,854.5;259.2,702.2;252.4,597.3;255.8,604.1;259.2,549.9;264.2,521.1;306.5,556.7;289.6,600.7;218.5,597.3;184.7,600.7;191.5,560.1
90#308.3,796.7;301.6,716.3;274.8,699.5;234.6,706.2;201.0,766.6;201.0,840.3;254.7,702.8;248.0,605.6;248.0,598.9;248.0,548.6;251.3,511.7;284.9,545.2;281.5,602.2;214.4,605.6;184.3,615.7;187.6,585.5
91#307.9,817.6;298.0,738.1;274.8,698.3;231.7,704.9;178.7,751.3;178.7,824.3;251.6,704.9;238.3,605.5;238.3,598.9;235.0,552.5;241.7,499.4;264.9,542.5;271.5,602.2;208.5,612.1;205.2,628.7;218.5,585.6
92#304.6,838.0;295.0,761.5;269.6,701.0;221.8,707.4;158.1,729.7;154.9,806.1;247.3,704.2;228.1,608.6;228.1,605.4;225.0,554.5;231.3,497.1;250.4,538.5;260.0,599.0;193.1,618.2;196.3,640.5;205.9,621.3
93#300.1,869.8;290.8,776.1;262.7,707.4;212.7,710.5;134.6,698.0;134.6,785.5;237.7,710.5;215.8,607.5;212.7,604.3;209.6,554.4;222.1,501.3;243.9,541.9;247.0,598.1;181.5,620.0;165.8,663.7;218.9,620.0
94#299.0,872.7;289.7,779.1;261.6,707.3;211.7,710.5;143.1,704.2;133.7,785.3;236.6,710.5;214.8,607.5;214.8,607.5;208.6,554.5;221.0,501.5;242.9,542.0;246.0,598.2;180.5,620.0;193.0,626.3;217.9,623.1
95#306.1,876.0;284.5,780.5;247.6,706.6;201.4,712.8;133.6,682.0;124.4,765.1;222.9,712.8;201.4,608.0;201.4,601.9;195.2,552.6;216.8,518.7;241.4,555.7;232.2,595.7;164.4,620.4;136.7,660.4;213.7,626.5
96#298.9,851.5;281.3,778.4;234.5,716.9;184.8,716.9;129.2,670.1;114.5,740.3;211.1,716.9;184.8,614.5;187.7,605.8;178.9,558.9;206.7,534.1;234.5,570.6;219.9,602.8;149.7,620.4;111.6,637.9;114.5,637.9
97#285.1,839.1;271.8,764.6;221.3,716.8;173.4,724.7;122.8,674.2;106.9,730.1;197.3,719.4;176.0,615.7;176.0,615.7;168.0,567.8;205.3,554.5;229.2,591.7;208.0,605.0;141.4,621.0;168.0,637.0;122.8,581.1
98#261.1,818.5;258.5,744.6;211.0,726.1;163.5,726.1;110.7,673.4;100.2,736.7;187.2,726.1;166.1,623.2;166.1,620.6;160.8,573.1;205.7,573.1;224.2,610.0;200.4,615.3;129.2,623.2;92.2,602.1;105.4,570.5
99#236.4,797.4;241.4,727.7;194.1,737.6;146.8,737.6;104.5,670.4;204.0,775.0;171.7,737.6;161.7,625.7;161.7,630.6;156.8,583.4;199.1,585.8;219.0,623.2;194.1,623.2;126.9,628.1;97.0,598.3;92.1,558.5
100#236.4,797.5;241.4,727.7;194.1,737.7;146.8,737.7;104.5,670.4;204.1,775.0;171.7,737.7;161.7,625.6;161.7,630.6;156.8,583.3;199.1,585.8;219.0,623.1;194.1,623.1;126.9,628.1;97.0,598.2;92.0,558.4
101#212.7,778.1;227.3,709.2;189.7,742.6;145.8,744.7;101.9,677.8;81.0,778.1;168.8,742.6;160.4,629.8;162.5,636.0;158.3,588.0;200.1,604.7;218.9,636.0;191.8,629.8;127.0,629.8;97.7,615.1;91.4,571.2
102#192.2,774.7;144.0,712.5;206.2,744.6;146.0,752.6;83.8,698.4;79.8,794.8;172.1,744.6;164.1,642.2;162.1,640.2;162.1,594.0;200.2,620.1;216.3,644.2;196.2,640.2;127.9,634.2;89.8,630.1;87.8,594.0
103#187.1,764.9;214.2,733.6;176.6,748.2;147.4,748.2;80.6,712.7;80.6,806.7;164.1,748.2;159.9,641.7;159.9,641.7;168.3,597.9;197.5,633.4;216.3,664.7;191.2,643.8;128.6,639.7;84.8,639.7;88.9,606.2
104#173.3,764.1;208.6,726.7;194.0,743.3;146.3,747.5;84.1,718.4;77.9,822.2;169.2,745.4;165.0,645.8;162.9,641.7;170.2,599.2;208.6,650.0;216.9,677.0;198.2,645.8;129.7,641.7;86.2,652.1;88.3,621.0
105#152.8,777.7;141.7,733.5;194.9,737.9;150.6,737.9;97.5,755.6;75.4,830.8;174.9,737.9;168.3,644.9;168.3,640.5;173.8,597.4;186.0,678.1;214.8,687.0;205.9,647.2;128.5,642.7;128.5,680.4;157.2,662.7
106#152.8,777.8;141.8,733.5;194.9,737.9;150.6,735.7;97.5,755.6;75.3,830.9;175.0,737.9;168.3,644.9;168.3,640.4;173.9,597.3;186.0,678.1;214.8,687.0;206.0,647.1;128.5,642.7;128.5,680.3;157.3,662.6
107#155.9,798.3;171.4,747.3;195.8,733.9;155.9,731.7;102.6,751.7;78.2,831.7;175.9,733.9;169.2,642.9;171.4,636.2;172.5,592.9;187.0,676.2;224.7,687.3;209.2,642.9;129.2,640.7;124.8,685.1;138.1,671.8
108#158.7,816.6;160.9,748.9;200.2,727.1;156.5,727.1;99.8,748.9;84.6,827.5;178.4,727.1;169.6,642.0;171.8,635.5;175.1,595.1;202.4,676.9;237.3,679.1;206.7,642.0;132.5,639.9;121.6,683.5;145.6,676.9
109#152.7,836.2;162.9,767.6;198.4,729.5;157.8,727.0;101.9,744.8;94.3,818.4;175.6,729.5;170.5,643.2;170.5,638.1;173.0,589.9;208.6,655.9;249.2,666.1;203.5,640.7;135.0,643.2;107.0,683.8;150.2,676.2
110#156.2,851.5;163.8,780.9;196.6,733.0;156.2,733.0;115.9,733.0;146.1,823.7;178.9,733.0;168.8,644.7;168.8,637.2;175.1,593.0;206.6,624.6;254.6,649.8;206.6,639.7;131.0,647.2;98.2,692.6;85.6,710.3
111#155.9,866.1;173.0,795.0;192.9,735.2;158.7,732.4;155.9,789.3;141.7,857.6;175.8,735.2;173.0,641.3;173.0,638.4;175.8,592.9;224.2,598.6;252.6,629.9;207.1,635.6;133.1,644.1;93.3,692.5;73.4,715.3
112#155.9,865.8;172.9,794.8;192.8,735.2;158.7,732.4;155.9,789.1;141.7,857.3;175.8,735.2;172.9,641.5;172.9,638.6;178.6,593.2;224.1,596.0;252.5,630.1;209.9,635.8;133.2,644.3;93.4,692.6;70.7,715.3
113#161.7,879.4;177.6,806.2;190.3,736.2;152.1,733.0;155.3,806.2;142.6,869.8;171.2,733.0;174.4,634.4;174.4,634.4;177.6,586.7;234.9,589.9;247.6,628.0;209.4,631.2;136.2,640.8;110.8,691.7;117.1,704.4
114#165.0,882.0;183.9,806.5;190.2,731.0;149.3,734.1;152.4,809.6;152.4,875.7;168.1,734.1;174.4,633.4;174.4,630.3;177.6,579.9;231.1,602.0;246.8,639.7;209.0,627.1;139.8,636.6;89.5,664.9;108.4,671.2
115#174.4,875.8;186.7,804.6;192.9,724.0;155.8,724.0;155.8,795.3;155.8,857.2;171.3,724.0;174.4,627.9;174.4,624.8;179.0,573.6;230.1,612.4;242.5,646.5;208.4,624.8;137.2,627.9;90.7,643.4;106.2,643.4
116#184.4,863.4;198.9,785.3;190.2,713.1;155.5,710.2;170.0,779.6;161.3,846.0;172.9,710.2;178.7,620.6;178.7,617.7;183.0,570.0;224.9,620.6;239.4,655.3;210.5,620.6;152.6,617.7;146.9,661.0;161.3,672.6
117#199.1,839.3;213.5,773.1;196.2,706.9;158.8,706.9;170.3,776.0;173.2,796.1;178.9,706.9;181.8,614.8;181.8,609.0;187.6,562.9;227.9,632.0;236.5,657.9;213.5,614.8;153.0,611.9;155.9,649.3;173.2,646.4
118#199.1,839.6;213.5,773.2;196.2,706.9;158.7,706.9;170.2,776.1;176.0,796.3;178.9,706.9;181.8,614.6;181.8,608.8;187.6,562.6;227.9,631.9;236.6,657.8;213.5,614.6;152.9,611.7;155.8,649.2;173.1,646.3
119#219.0,812.0;231.8,740.1;193.3,696.5;159.9,696.5;177.9,729.9;175.3,804.3;177.9,696.5;188.1,609.1;188.1,604.0;190.7,560.3;231.8,632.3;236.9,657.9;221.5,611.7;157.3,604.0;159.9,637.4;177.9,637.4
120#231.4,786.1;242.0,713.2;198.6,689.3;163.8,690.4;175.8,737.6;173.0,812.2;182.1,689.3;193.0,601.9;193.0,599.5;197.9,551.6;233.6,634.0;244.3,653.2;226.8,605.7;162.1,595.3;162.3,598.3;176.3,596.2
121#243.7,760.2;252.2,686.2;203.9,682.1;167.8,684.2;173.8,745.4;170.8,820.2;186.2,682.1;198.0,594.6;198.0,595.0;205.1,542.9;235.5,635.7;251.8,648.4;232.0,599.6;166.9,586.7;164.6,559.2;174.8,555.1
122#256.1,734.3;262.4,659.3;209.2,674.9;171.7,678.1;171.7,753.1;168.5,828.1;190.4,674.9;202.9,587.4;202.9,590.5;212.3,534.2;237.3,637.4;259.2,643.7;237.3,593.6;171.7,578.0;167.0,520.1;173.2,513.9
123#249.9,715.4;266.7,645.0;216.4,668.5;179.5,671.8;169.4,752.4;169.4,829.5;199.6,671.8;209.7,577.9;206.3,581.2;226.5,530.9;256.7,608.1;273.4,624.9;246.6,584.6;172.8,567.8;156.0,530.9;181.2,499.0
124#250.2,715.6;257.0,648.1;216.4,668.3;179.3,671.7;169.2,752.8;169.2,827.1;199.6,671.7;209.7,577.2;206.3,580.5;223.2,529.9;250.2,705.5;273.9,627.8;246.8,587.3;172.5,570.4;159.0,529.9;181.0,504.6
125#239.9,684.4;261.3,626.3;221.5,669.1;184.8,669.1;169.5,745.5;163.4,815.9;206.2,669.1;218.5,574.3;218.5,580.4;227.6,531.4;261.3,589.6;288.8,604.9;249.1,580.4;187.9,565.1;163.4,537.6;177.2,526.9
126#173.6,788.3;179.9,713.2;233.1,666.3;195.5,666.3;170.5,735.1;161.1,810.2;214.3,666.3;226.8,569.3;223.7,578.7;237.8,520.8;251.9,550.5;292.5,578.7;255.0,572.4;198.7,563.0;164.2,547.4;181.5,527.0
127#211.3,701.2;233.3,644.6;245.9,663.4;205.0,663.4;173.5,729.5;161.0,801.8;223.9,663.4;233.3,569.1;233.3,569.1;242.7,525.1;255.3,521.9;289.9,553.4;261.6,569.1;201.8,562.8;173.5,556.5;176.7,525.1
128#213.5,708.9;216.5,672.7;249.7,657.6;210.5,657.6;177.3,721.0;165.2,784.4;231.6,657.6;237.6,564.1;237.6,564.1;249.7,518.8;255.7,497.7;279.9,530.9;267.8,564.1;207.4,561.1;183.3,564.1;186.3,536.9
129#240.2,704.2;240.2,654.7;255.6,651.6;212.4,651.6;178.4,701.1;166.0,769.0;237.1,651.6;240.2,558.9;240.2,555.8;246.4,512.6;258.7,481.7;274.2,518.8;271.1,565.1;209.3,555.8;190.7,568.2;184.6,534.2
130#240.2,704.2;240.2,654.7;255.6,651.6;212.4,651.6;178.4,701.1;166.0,769.0;237.1,651.6;240.2,558.9;240.2,555.8;246.4,512.6;258.7,481.7;274.2,518.8;271.1,565.1;209.3,555.8;190.7,568.2;184.6,534.2
131#238.1,708.0;229.2,651.9;261.7,646.0;220.4,643.0;179.0,681.4;167.2,752.3;241.1,643.0;241.1,551.5;241.1,548.5;244.0,507.2;261.7,474.7;276.5,507.2;267.6,551.5;214.5,551.5;199.7,569.2;187.9,542.6
132#238.5,706.7;221.9,649.8;259.9,637.9;229.1,635.5;174.5,664.0;169.7,732.8;248.0,637.9;243.3,545.4;243.3,545.4;238.5,502.6;258.7,480.1;288.4,509.8;271.8,540.6;214.8,547.7;212.4,566.7;202.9,545.4
133#239.4,714.7;222.9,639.1;260.7,634.4;225.3,632.0;171.0,641.5;168.6,710.0;244.2,634.4;241.8,537.6;241.8,539.9;234.7,497.4;265.4,485.6;296.1,514.0;270.1,535.2;211.1,542.3;180.4,577.7;182.8,556.5
134#242.1,720.0;219.0,648.7;265.1,625.6;223.6,627.9;168.4,618.7;166.1,690.1;242.1,630.2;237.5,538.1;237.5,533.5;234.0,490.9;261.6,490.9;299.6,515.1;269.7,531.2;202.9,542.7;179.9,579.6;179.9,556.5
135#223.6,730.9;223.6,659.7;261.7,613.9;223.6,611.4;167.6,596.1;162.5,667.3;243.9,613.9;231.2,530.0;231.2,524.9;228.6,481.7;266.8,499.5;302.4,519.8;266.8,524.9;195.6,532.5;180.3,578.3;188.0,550.3
136#223.6,730.6;223.6,659.6;261.6,613.9;223.6,611.4;165.2,596.2;162.7,667.2;243.9,613.9;231.2,527.7;231.2,525.1;228.7,482.0;266.7,497.2;302.2,520.0;266.7,525.1;195.7,532.7;180.5,578.4;188.1,550.5
137#238.9,735.0;225.9,667.1;257.2,601.8;223.2,601.8;160.6,580.9;165.8,651.4;238.9,601.8;225.9,520.9;225.9,518.2;224.6,469.9;262.4,505.2;306.8,520.9;257.2,515.6;194.5,523.5;178.9,570.5;181.5,544.4
138#244.1,739.2;241.3,667.8;252.7,593.5;221.3,593.5;149.8,579.2;167.0,644.9;235.6,593.5;224.1,507.8;224.1,507.8;215.6,462.1;264.1,507.8;307.0,513.5;255.6,502.1;192.7,513.5;167.0,559.2;169.9,553.5
139#242.0,733.2;247.7,656.2;253.4,590.6;213.4,587.7;139.2,584.9;164.9,653.3;233.4,590.6;222.0,499.3;222.0,490.7;212.0,469.3;267.6,505.0;310.4,496.4;256.2,496.4;187.7,505.0;150.6,550.6;133.5,536.3
140#252.2,726.0;252.2,654.4;255.1,588.6;212.2,580.0;146.3,600.1;163.5,668.7;232.2,585.8;223.6,491.3;223.6,494.2;222.2,449.9;257.9,477.0;309.4,474.2;255.1,491.3;192.1,491.3;149.2,514.2;166.4,508.5
141#261.5,725.9;255.3,654.6;252.2,580.2;208.8,580.2;149.8,608.1;165.3,676.3;227.4,580.2;221.2,487.1;221.2,490.2;224.3,440.6;252.2,434.4;298.7,456.1;255.3,480.9;187.0,490.2;152.9,487.1;180.8,462.3
142#261.5,725.9;255.3,654.6;252.2,580.2;208.8,580.2;149.8,608.1;165.3,676.3;227.4,580.2;221.2,487.1;221.2,490.2;224.3,440.6;252.2,434.4;298.7,456.1;255.3,480.9;187.0,490.2;152.9,487.1;180.8,462.3
143#262.5,712.7;259.1,640.0;252.2,570.8;210.6,567.4;155.3,619.3;165.7,688.4;231.4,570.8;224.5,480.9;224.5,487.8;227.9,439.4;252.2,404.8;283.3,439.4;252.2,474.0;196.8,480.9;172.6,463.6;193.4,435.9
144#259.6,696.0;261.3,626.9;255.1,570.5;213.2,567.2;159.8,618.2;164.4,686.6;234.1,570.5;228.8,480.7;229.3,486.9;231.2,437.9;253.2,409.1;282.8,443.4;256.9,475.4;202.1,480.2;178.3,469.0;197.0,440.0
145#256.7,679.4;263.4,613.7;257.9,570.3;215.7,567.1;164.4,617.1;163.1,684.9;236.8,570.3;233.1,480.5;234.0,486.0;234.5,436.5;254.3,413.4;282.3,447.4;261.6,476.8;207.4,479.6;184.0,474.4;200.6,444.1
146#253.7,662.7;265.6,600.5;260.8,570.0;218.2,566.9;168.9,616.0;161.9,683.1;239.6,570.0;237.5,480.2;238.8,485.0;237.8,435.0;255.3,417.8;281.8,451.3;266.2,478.1;212.8,478.9;189.8,479.7;204.3,448.3
147#250.8,646.0;267.8,587.4;263.7,569.7;220.8,566.8;173.4,614.9;160.6,681.4;242.3,569.7;241.8,480.0;243.6,484.1;241.1,433.6;256.4,422.1;281.3,455.3;270.9,479.5;218.1,478.2;195.5,485.1;207.9,452.4
148#247.9,629.4;269.9,574.2;266.5,569.5;223.3,566.6;178.0,613.8;159.3,679.6;245.0,569.5;246.1,479.8;248.3,483.2;244.4,432.1;257.4,426.4;280.8,459.3;275.6,480.9;223.4,477.6;201.2,490.5;211.5,456.5
149#245.0,612.7;272.1,561.1;269.4,569.2;225.9,566.5;182.5,612.7;158.0,677.9;247.7,569.2;250.4,479.6;253.1,482.3;247.7,430.7;258.5,430.7;280.3,463.3;280.3,482.3;228.7,476.9;206.9,495.9;215.1,460.6
150#240.8,613.4;236.1,575.7;269.1,568.6;231.3,561.5;186.5,608.7;165.3,670.0;252.6,563.9;252.6,478.9;252.6,478.9;254.9,438.8;252.6,519.0;276.2,519.0;280.9,481.3;226.6,476.6;212.5,516.7;238.4,519.0
151#238.2,619.9;233.6,578.4;272.8,566.9;240.5,564.6;189.8,596.9;171.3,659.1;256.7,564.6;256.7,481.5;254.4,479.2;259.0,435.4;254.4,504.6;272.8,513.8;284.4,483.8;226.7,479.2;215.2,527.7;226.7,516.1
152#241.1,613.6;238.9,572.5;275.7,561.7;245.4,557.4;191.3,581.2;180.5,643.9;260.5,559.5;258.4,479.5;256.2,477.3;262.7,434.0;258.4,511.9;284.3,511.9;288.7,477.3;225.9,479.5;212.9,511.9;225.9,503.3
153#243.0,636.2;234.9,571.6;281.3,557.5;249.0,553.4;194.5,569.6;182.4,632.2;265.2,555.5;261.1,476.7;259.1,470.6;262.2,431.3;273.3,482.8;311.6,488.8;291.4,472.7;228.8,476.7;212.7,515.1;206.6,515.1
154#243.0,636.2;234.9,571.6;281.3,557.5;249.0,553.4;194.6,569.6;182.4,632.1;265.2,555.5;261.1,476.8;259.1,470.7;262.1,431.4;273.2,482.8;311.6,488.9;293.4,472.7;228.9,476.8;212.7,515.1;206.7,515.1
155#242.1,642.5;231.5,581.3;280.1,553.8;254.7,549.6;193.5,560.2;178.7,621.4;267.4,551.7;263.2,473.6;263.2,467.3;262.1,426.1;303.3,475.7;326.5,475.7;294.8,471.5;233.6,475.7;210.4,520.0;212.5,505.3
156#247.0,652.4;230.9,585.8;285.4,545.4;251.1,545.4;186.4,529.2;180.4,606.0;267.2,545.4;267.2,466.6;267.2,462.6;268.2,429.3;303.6,464.6;337.9,460.6;295.5,464.6;236.9,466.6;210.7,513.1;220.8,488.8
157#245.2,660.6;235.3,591.4;284.8,546.9;250.2,541.9;188.4,522.1;171.1,588.9;265.0,544.4;272.4,460.3;270.0,460.3;274.9,415.8;316.9,430.6;344.1,450.4;302.1,460.3;240.3,460.3;200.7,499.9;215.6,482.6
158#246.2,665.6;246.2,597.4;281.5,544.5;246.2,536.9;198.3,516.7;170.5,574.7;263.9,539.4;276.5,453.6;276.5,453.6;274.0,410.7;321.9,413.2;349.7,446.0;304.3,453.6;246.2,451.1;198.3,476.3;208.4,471.3
159#248.5,669.7;263.0,604.4;284.7,536.8;248.5,529.5;200.1,500.5;171.2,560.9;267.8,534.4;282.3,452.2;279.9,449.8;273.8,409.9;323.4,428.1;352.4,454.6;308.9,452.2;253.3,449.8;192.9,454.6;214.6,447.4
160#248.5,669.6;263.0,604.4;284.7,536.8;248.5,529.5;200.2,500.6;171.2,560.9;267.8,534.4;282.3,452.3;279.9,449.9;273.8,410.0;323.3,428.1;352.3,454.7;308.8,452.3;253.3,449.9;193.0,454.7;214.7,447.5
161#253.4,671.9;279.5,609.2;290.0,536.0;256.0,528.2;203.7,489.0;177.6,551.7;274.3,533.4;284.8,447.2;284.8,449.8;273.0,404.0;324.0,436.7;347.5,465.5;313.5,449.8;256.0,444.6;201.1,434.1;201.1,415.8
162#272.5,665.6;283.6,599.1;291.9,529.7;255.8,521.4;266.9,599.1;266.9,657.3;275.3,524.2;280.8,446.5;280.8,449.3;280.8,402.1;319.6,446.5;339.0,477.0;308.5,449.3;253.1,443.7;211.5,416.0;199.0,381.3
163#284.9,659.4;284.9,594.0;293.4,528.5;256.4,522.8;210.9,465.9;210.9,542.7;273.5,528.5;284.9,448.8;282.0,448.8;287.7,403.3;324.7,451.7;336.1,485.8;313.3,451.7;253.6,440.3;216.6,417.5;199.5,391.9
164#296.2,657.2;287.9,590.7;296.2,532.5;257.4,529.7;210.3,466.0;293.4,662.8;279.6,532.5;287.9,454.9;287.9,452.1;290.6,407.8;329.4,460.4;343.3,493.7;312.8,457.7;254.6,454.9;213.0,488.2;226.9,527.0
165#296.5,661.2;296.5,595.9;299.2,530.6;266.5,525.2;288.3,606.8;288.3,661.2;282.8,530.6;291.0,454.4;293.7,451.7;296.5,408.2;329.1,478.9;350.9,492.5;320.9,457.1;263.8,451.7;214.8,487.1;233.9,533.3
166#295.4,661.0;298.1,595.8;300.8,530.6;265.5,525.2;287.2,606.7;287.2,661.0;281.8,530.6;290.0,454.6;292.7,451.8;298.1,408.4;325.3,470.9;352.4,492.6;319.8,454.6;265.5,454.6;222.0,487.2;235.6,533.3
167#296.8,662.2;299.5,595.9;307.8,532.5;269.2,526.9;219.5,491.1;225.0,590.4;285.7,529.7;296.8,452.4;294.0,452.4;296.8,405.5;329.9,493.8;354.7,491.1;327.1,457.9;269.2,444.1;216.7,449.7;252.6,546.3
168#300.9,663.6;308.9,594.9;311.5,526.3;274.5,521.0;224.4,510.4;229.6,594.9;293.0,526.3;295.6,447.1;295.6,447.1;290.4,402.2;322.1,513.1;356.4,489.3;327.3,457.6;269.2,439.1;227.0,455.0;205.9,436.5
169#297.9,665.9;305.8,590.0;313.7,524.6;274.4,519.4;229.9,514.2;256.1,574.3;292.7,522.0;290.1,443.5;287.5,443.5;292.7,396.4;318.9,503.7;355.5,488.0;321.5,451.3;256.1,435.6;224.7,456.6;203.7,446.1
170#303.5,654.8;303.5,591.3;310.6,523.0;275.3,518.3;232.9,520.7;258.8,581.8;291.8,520.7;291.8,440.6;289.4,435.9;295.3,399.5;322.4,506.5;355.3,483.0;322.4,447.7;263.5,433.6;254.1,468.9;270.6,485.4
171#299.2,649.1;304.0,589.1;304.0,519.4;268.0,514.6;231.9,524.2;258.4,591.5;287.2,517.0;289.6,435.3;289.6,423.3;293.2,395.7;320.8,509.8;347.2,481.0;320.8,440.1;260.8,425.7;241.5,464.2;268.0,493.0
172#299.2,649.3;301.6,589.2;304.0,519.4;267.9,514.6;231.8,524.2;258.3,591.6;287.2,517.0;289.6,435.2;289.6,423.2;293.2,395.5;320.9,509.8;347.3,480.9;320.9,440.0;260.7,425.6;241.5,464.1;267.9,492.9
173#301.6,642.4;301.6,574.1;299.0,508.3;256.9,503.1;235.9,542.5;256.9,600.3;277.9,505.7;285.8,424.2;285.8,418.9;295.0,372.9;317.4,511.0;335.8,476.8;320.0,432.1;254.3,418.9;235.9,458.4;243.8,479.4
174#304.3,633.7;301.6,569.0;293.5,499.0;253.1,493.6;236.9,544.8;255.8,606.8;272.0,499.0;282.7,415.5;282.7,410.1;292.2,365.7;304.3,501.7;325.8,469.4;320.4,423.6;250.4,410.1;207.3,431.7;215.4,426.3
175#306.9,625.2;302.0,558.4;289.6,489.1;250.0,484.1;242.6,550.9;252.5,617.8;269.8,486.6;279.7,407.4;282.2,400.0;290.8,361.6;292.1,474.2;321.8,456.9;316.8,412.4;250.0,397.5;200.5,402.5;203.0,397.5
176#308.0,614.9;302.4,547.7;285.6,477.7;246.4,477.7;243.6,547.7;252.0,617.7;266.0,480.5;277.2,399.3;277.2,390.9;282.8,346.1;288.4,458.1;319.2,444.1;310.8,404.9;243.6,390.9;218.4,460.9;249.2,460.9
177#310.2,606.4;304.4,539.7;281.2,467.2;243.4,470.1;240.5,545.5;243.4,618.0;263.7,470.1;269.5,388.9;269.5,388.9;278.3,339.6;278.3,432.4;310.2,435.3;304.4,397.6;237.6,383.1;208.6,351.2;218.8,323.6
