1#918.9,889.4;875.4,785.0;901.5,663.1;862.3,663.1;875.4,793.7;923.3,898.1;879.7,663.1;823.2,545.6;827.5,545.6;797.1,480.4;788.4,441.2;831.9,484.7;858.0,532.6;788.4,554.3;736.1,541.3;736.1,497.8
2#910.6,876.7;865.8,778.9;878.0,656.7;841.3,664.8;865.8,791.1;910.6,888.9;861.7,660.7;816.9,538.5;821.0,534.4;792.4,469.2;790.4,438.7;833.2,481.5;853.6,534.4;780.2,550.7;739.5,542.6;731.3,497.8
3#895.7,867.8;842.0,768.6;854.4,640.5;821.3,648.7;837.9,781.0;899.9,871.9;837.9,644.6;808.9,524.8;808.9,524.8;784.1,458.6;775.9,500.0;825.5,487.6;846.1,524.8;771.7,524.8;734.5,541.3;730.4,495.8
4#792.9,738.0;796.9,725.9;841.5,628.6;805.0,640.7;813.1,766.4;882.1,839.4;821.2,636.7;792.9,506.9;792.9,502.9;780.7,442.1;776.6,511.0;833.4,547.5;829.4,506.9;748.3,498.8;723.9,547.5;736.1,490.7
5#836.4,791.7;791.2,725.7;836.4,611.1;794.7,621.5;773.8,732.6;850.2,795.1;815.5,614.6;773.8,489.6;773.8,489.6;760.0,427.0;760.0,496.5;825.9,548.6;812.0,486.1;735.6,493.0;711.3,541.6;732.2,486.1
6#798.5,732.9;760.9,664.5;815.6,585.8;774.6,599.5;733.5,685.0;808.8,756.9;795.1,596.0;754.0,472.9;757.4,476.3;745.5,406.1;812.2,445.5;832.7,476.3;795.1,462.6;713.0,483.1;689.0,527.6;719.8,483.1
7#795.3,729.1;756.4,655.9;798.7,572.4;754.1,582.7;692.2,644.3;757.4,722.1;775.8,580.4;738.1,455.8;740.3,459.2;728.4,390.0;775.7,459.3;807.8,476.4;778.1,448.9;696.9,463.7;655.7,495.7;692.3,454.5
8#792.1,725.2;752.0,647.3;781.7,559.0;733.6,565.9;650.9,603.6;705.9,687.3;756.5,564.7;722.1,438.6;723.3,442.1;711.2,373.8;739.2,473.2;782.8,476.6;761.1,435.2;680.9,444.4;622.3,463.8;664.7,426.0
9#788.9,721.4;747.5,638.7;764.8,545.6;713.1,549.1;609.6,562.9;654.5,652.5;737.2,549.1;706.2,421.5;706.2,425.0;694.1,357.7;702.7,487.0;757.9,476.7;744.1,421.5;664.8,425.0;589.0,431.9;637.2,397.4
10#790.7,724.9;758.0,630.4;736.2,528.7;688.9,528.7;590.8,517.7;598.0,608.6;710.7,528.7;688.9,401.4;688.9,408.7;678.0,336.0;712.5,323.3;765.2,350.6;728.9,401.4;645.3,405.1;572.6,390.5;594.4,339.6
11#789.5,718.9;758.9,627.2;715.2,526.7;649.7,522.4;566.7,478.7;553.6,579.1;684.7,526.7;671.6,387.0;671.6,391.3;667.2,321.5;662.8,277.8;710.9,317.1;715.2,382.6;627.9,387.0;566.7,352.0;562.4,295.3
12#782.1,706.3;742.4,610.9;694.7,515.5;631.1,511.5;555.5,451.9;519.8,539.4;662.9,515.5;654.9,372.4;658.9,384.4;647.0,308.8;633.1,259.1;670.8,304.9;702.6,376.4;615.2,372.4;555.5,336.7;559.5,281.0
13#748.9,681.7;725.8,582.2;668.3,503.0;605.7,499.2;543.0,431.5;501.3,514.4;635.9,501.9;637.3,363.9;639.9,375.3;629.8,300.2;635.0,263.7;666.9,309.9;683.6,363.2;594.0,362.8;548.6,340.1;561.3,291.8
14#715.8,657.0;709.3,553.6;641.8,490.4;580.4,486.9;530.5,411.0;482.8,489.5;608.8,488.2;619.6,355.4;621.0,366.1;612.5,291.7;637.0,268.4;663.0,315.0;664.7,350.0;572.8,353.1;541.7,343.5;563.2,302.5
15#682.6,632.4;692.7,524.9;615.4,477.9;555.0,474.6;518.0,390.6;464.3,464.5;581.8,474.6;602.0,346.9;602.0,357.0;595.3,283.1;638.9,273.0;659.1,320.0;645.7,336.8;551.6,343.5;534.8,346.9;565.0,313.3
16#644.3,604.7;673.1,506.6;589.4,477.7;528.8,466.2;485.5,385.3;453.7,466.2;560.5,469.0;580.7,342.0;580.7,342.0;582.2,274.2;634.1,274.2;658.7,330.5;618.3,330.5;537.4,336.3;520.1,388.2;554.8,394.0
17#613.9,597.5;644.1,500.9;571.7,473.8;508.3,464.7;460.0,389.3;451.0,485.8;544.5,470.7;568.7,331.9;568.7,334.9;576.2,273.1;641.1,292.7;653.2,341.0;610.9,331.9;523.4,331.9;514.4,368.1;547.5,368.1
18#597.6,608.9;607.7,508.3;554.0,458.0;490.3,454.7;446.7,397.7;450.1,501.6;520.5,454.7;554.0,327.2;554.0,330.6;562.4,261.8;647.9,310.5;644.6,354.1;601.0,330.6;513.8,323.9;490.3,354.1;527.2,354.1
19#604.3,615.6;590.7,513.2;536.1,458.6;474.6,445.0;433.7,407.4;450.8,513.2;505.3,451.8;542.9,325.5;542.9,325.5;554.8,265.8;648.7,329.0;638.4,363.1;594.1,332.4;498.5,315.3;443.9,325.5;474.6,325.5
20#575.8,603.5;589.6,500.2;527.6,455.4;472.5,441.6;438.0,431.3;451.8,531.2;500.0,448.5;534.5,324.5;534.5,321.0;543.1,253.9;651.6,348.6;631.0,376.2;589.6,331.4;489.7,307.3;420.8,303.8;462.1,303.8
21#548.4,582.5;586.9,483.1;529.2,454.2;477.8,444.6;445.8,444.6;458.6,553.7;497.1,451.0;529.2,319.5;529.2,322.7;530.8,253.8;647.8,361.2;619.0,383.7;580.5,335.6;477.8,306.7;413.7,281.1;453.8,253.8
22#532.2,548.3;583.9,460.1;523.1,454.0;471.4,447.9;447.1,460.1;459.2,572.6;498.8,447.9;529.2,326.3;529.2,320.2;527.7,254.8;644.8,384.1;614.3,393.2;580.9,335.4;477.5,308.0;428.8,262.4;442.5,248.7
23#535.5,516.2;576.2,428.2;532.1,448.5;481.3,445.1;447.5,482.3;461.0,590.7;505.1,448.5;532.1,323.2;532.1,319.8;532.1,248.7;643.9,387.5;606.7,397.7;582.9,333.3;481.3,299.5;440.7,245.3;422.1,223.3
24#549.9,494.2;556.9,441.3;549.9,448.3;493.4,444.8;458.1,511.9;465.2,607.2;521.6,441.3;542.8,314.2;542.8,314.2;546.4,243.6;652.2,398.9;616.9,398.9;595.8,331.9;493.4,293.1;447.5,247.2;421.1,231.3
25#571.9,472.9;575.4,434.2;564.9,430.6;512.0,434.2;476.8,529.3;473.2,624.4;536.7,430.6;557.8,307.3;557.8,303.8;563.1,238.6;670.6,420.1;624.8,391.9;610.7,324.9;505.0,286.2;445.1,268.6;423.9,254.5
26#634.3,466.0;606.0,420.0;584.8,420.0;528.2,427.1;496.3,526.1;475.1,618.1;556.5,423.6;570.6,303.3;570.6,296.2;579.4,230.8;673.2,430.6;655.5,388.2;627.2,317.4;517.5,282.1;450.3,285.6;445.0,237.9
27#653.4,490.9;616.7,479.9;605.8,414.0;550.8,414.0;503.2,516.5;484.9,611.8;580.1,414.0;583.8,296.8;583.8,289.5;592.9,221.8;668.0,373.7;686.3,370.1;638.7,304.1;528.9,282.2;462.9,300.5;452.0,263.9
28#618.2,504.6;600.5,437.3;625.2,405.5;572.2,412.6;508.4,501.0;501.4,603.7;596.9,412.6;596.9,288.7;596.9,281.6;602.2,219.7;681.9,338.2;710.2,345.3;650.0,292.2;543.8,281.6;473.1,309.9;455.4,274.5
29#624.4,515.3;596.7,428.7;638.2,407.9;582.8,411.3;517.0,480.6;517.0,581.1;610.5,407.9;603.6,279.7;603.6,272.7;607.1,206.9;693.7,300.5;731.8,310.9;655.6,283.1;548.2,279.7;485.8,317.8;461.5,290.1
30#632.6,536.3;609.3,439.4;648.1,400.7;597.7,404.6;520.2,462.7;524.1,563.4;624.8,404.6;609.3,272.8;609.3,272.8;613.2,203.1;694.6,245.7;741.1,272.8;663.6,268.9;555.1,276.7;496.9,327.1;465.9,307.7
31#640.0,558.4;613.5,452.2;651.4,402.8;602.1,399.0;522.4,437.0;518.6,539.5;628.6,402.8;609.7,270.0;609.7,266.2;621.1,197.9;712.1,194.1;738.7,239.7;662.8,258.6;556.5,277.6;507.2,330.7;469.3,319.3
32#644.3,579.1;629.1,472.7;655.7,404.3;598.7,396.7;515.1,419.5;511.3,518.3;629.1,404.3;613.9,263.7;613.9,263.7;625.3,191.4;714.6,162.9;727.9,210.4;663.3,248.5;560.7,275.1;511.3,332.1;469.5,335.9
33#650.5,599.8;641.4,491.4;650.5,401.0;596.2,396.5;510.3,396.5;505.8,491.4;623.3,401.0;614.3,260.9;614.3,260.9;627.9,188.6;727.3,129.8;718.2,193.1;659.5,247.3;564.6,269.9;510.3,324.1;469.7,346.7
34#663.5,617.2;658.9,516.8;645.2,393.5;595.0,384.4;512.9,375.3;503.7,466.5;622.4,389.0;613.3,252.0;613.3,261.1;622.4,183.6;738.8,131.1;718.3,192.7;663.5,242.9;558.5,265.7;494.6,315.9;485.5,320.5
35#674.9,607.6;666.3,508.9;644.8,397.2;584.7,384.3;511.7,345.6;507.4,444.4;614.7,388.6;614.7,255.5;614.7,259.7;614.7,182.4;724.3,163.1;726.4,191.0;662.0,238.3;563.2,264.0;485.9,294.1;524.5,281.2
36#682.8,603.2;668.6,508.3;640.1,384.9;583.2,380.1;512.0,332.6;516.7,432.3;611.6,384.9;611.6,252.0;606.9,256.7;606.9,180.8;739.8,176.0;735.0,223.5;663.8,237.7;559.4,261.5;478.8,275.7;516.7,242.5
37#685.3,595.3;669.0,501.6;640.5,395.6;579.4,383.4;510.1,338.5;526.4,440.4;607.9,387.4;607.9,248.8;607.9,252.9;597.7,181.6;750.6,191.8;734.2,240.7;656.8,244.8;559.0,257.0;485.6,240.7;534.5,199.9
38#679.7,593.4;665.9,487.5;642.9,386.2;583.1,377.0;504.8,363.2;532.4,464.5;610.7,381.6;606.1,248.1;610.7,252.7;606.1,179.0;753.4,211.3;735.0,257.3;656.7,243.5;555.4,243.5;509.4,206.7;562.3,162.9
39#674.3,587.3;670.0,489.8;636.1,379.5;581.0,375.3;513.2,388.0;538.6,489.8;610.7,379.5;614.9,243.8;614.9,248.1;610.7,176.0;746.4,235.4;733.6,269.3;661.6,248.1;568.3,235.4;534.4,180.2;574.6,144.2
40#666.2,570.2;669.9,471.1;640.5,372.0;581.8,368.3;526.7,401.4;541.4,507.8;607.5,372.0;622.2,243.5;625.8,247.2;620.3,175.6;746.9,250.9;735.9,287.6;666.2,247.2;578.1,239.9;561.6,168.3;546.9,168.3
41#655.0,541.5;676.3,445.4;644.3,363.6;583.9,360.1;534.1,424.1;541.2,530.8;615.9,363.6;633.7,239.2;633.7,242.7;633.7,175.1;754.6,267.6;740.4,296.1;679.9,246.3;591.0,232.0;575.0,162.7;694.1,285.4
42#650.2,506.8;684.9,423.6;650.2,361.2;587.8,361.2;546.1,447.9;539.2,548.5;622.5,361.2;650.2,236.3;650.2,236.3;651.9,168.6;771.6,284.8;743.9,309.1;698.8,246.7;601.6,225.9;575.6,175.6;596.4,168.6
43#651.1,464.2;695.2,389.6;664.6,359.0;596.8,359.0;559.5,460.8;535.8,555.7;630.7,359.0;664.6,240.4;664.6,237.0;666.3,181.0;779.9,304.8;742.6,311.6;712.1,247.2;613.8,226.8;576.5,196.3;591.8,181.0
44#640.6,480.4;655.0,444.4;676.6,368.6;615.4,357.8;568.5,462.4;539.6,556.1;647.8,365.0;673.0,235.2;673.0,235.2;682.1,164.9;777.6,329.0;748.8,325.4;723.5,246.1;629.8,217.2;586.5,213.6;602.7,172.2
45#641.5,492.2;698.2,361.0;684.1,368.1;630.9,357.5;574.1,460.3;552.8,563.2;659.2,364.5;684.1,236.9;684.1,236.9;682.3,171.2;762.1,357.5;758.5,314.9;733.7,251.0;637.9,222.7;588.3,236.9;606.0,190.7
46#648.1,511.8;668.7,436.0;699.7,367.2;644.6,367.2;582.6,460.1;575.8,553.1;672.2,367.2;692.8,243.2;692.8,243.2;687.7,176.1;758.2,374.1;772.0,322.4;741.0,257.0;644.6,226.0;596.4,260.4;603.3,219.1
47#750.5,418.7;688.6,435.0;708.2,369.8;659.3,366.6;594.2,451.3;597.4,539.3;685.4,366.6;695.1,242.8;695.1,246.0;687.0,182.5;753.8,353.6;786.4,321.0;744.0,255.8;646.3,239.5;603.9,278.6;607.2,239.5
48#699.8,451.1;693.6,391.8;721.7,369.9;671.7,369.9;603.0,438.6;609.2,526.1;696.7,369.9;696.7,251.3;696.7,241.9;692.0,184.1;768.5,298.1;799.7,301.2;746.7,251.3;646.7,245.0;606.1,288.7;612.4,248.1
49#703.8,469.0;691.5,394.7;725.5,366.9;676.0,366.9;608.0,431.9;611.1,521.5;700.7,366.9;697.6,249.4;694.5,240.2;693.0,179.9;778.0,264.9;812.0,271.1;747.1,246.3;645.1,249.4;614.2,302.0;620.3,268.0
50#704.5,492.7;695.5,399.6;728.5,369.6;677.5,372.6;614.4,414.6;608.4,513.8;704.5,369.6;695.5,246.4;692.5,243.4;697.0,178.8;755.6,210.4;803.6,240.4;743.6,240.4;644.4,249.4;620.4,312.5;632.4,291.5
51#707.9,512.2;698.7,414.0;729.4,371.0;677.2,371.0;618.9,401.7;606.6,496.8;704.8,371.0;692.5,245.2;692.5,245.2;697.1,182.3;752.4,176.2;784.6,214.5;741.6,236.0;643.4,254.4;612.8,325.0;637.3,306.6
52#706.4,524.9;703.0,427.9;719.7,371.0;666.2,371.0;619.4,387.7;612.7,474.7;693.0,371.0;686.3,247.2;686.3,247.2;689.6,180.3;778.3,168.6;773.3,193.7;733.1,237.2;636.1,257.2;616.0,330.8;616.0,354.3
53#706.3,542.3;706.3,451.0;709.8,366.6;653.6,366.6;618.4,373.7;618.4,447.4;681.7,366.6;678.2,247.2;678.2,247.2;671.1,180.4;764.2,168.1;783.6,212.0;723.8,233.1;629.0,261.2;607.9,338.5;604.4,366.6
54#706.4,561.4;713.9,471.4;702.6,373.9;646.4,370.2;635.1,396.4;642.6,422.7;672.6,373.9;665.1,246.4;665.1,242.7;652.0,173.3;762.6,190.2;785.1,231.4;717.6,231.4;616.4,261.4;590.1,332.7;601.4,385.2
55#714.9,574.3;714.9,478.5;694.1,366.1;635.8,366.1;656.6,466.0;648.3,432.7;664.9,366.1;656.6,241.2;652.4,237.0;648.3,166.2;773.2,220.4;777.4,249.5;702.4,228.7;606.6,253.7;573.3,324.5;590.0,366.1
56#723.7,565.5;708.7,467.8;682.4,358.9;626.1,358.9;648.6,426.5;656.1,456.5;652.4,358.9;644.9,235.0;644.9,231.2;643.0,165.5;783.8,253.7;757.5,261.2;693.7,227.4;596.0,246.2;551.0,302.6;588.5,336.4
57#728.0,556.5;713.2,460.6;672.6,353.5;620.9,353.5;657.8,453.2;650.5,467.9;646.8,353.5;639.4,235.4;639.4,231.7;641.2,167.1;753.8,257.5;746.4,279.7;687.4,228.0;591.4,239.1;528.6,287.1;576.6,276.0
58#728.6,535.0;725.2,438.9;663.4,346.3;615.4,353.2;646.3,387.5;656.6,486.9;639.4,349.8;636.0,233.1;636.0,226.3;641.1,162.8;749.2,264.0;735.5,288.0;684.0,229.7;584.6,233.1;516.0,260.6;557.1,250.3
59#731.6,508.4;731.6,415.2;655.0,348.6;608.4,351.9;651.7,391.9;661.7,481.8;635.0,348.6;635.0,228.7;635.0,228.7;636.7,160.4;751.6,278.7;731.6,292.0;681.6,232.0;585.1,228.7;515.1,228.7;568.4,208.7
60#740.4,486.7;740.4,393.0;656.4,344.6;601.5,357.5;653.2,399.5;659.6,493.2;630.5,354.3;630.5,228.3;630.5,228.3;632.2,162.1;756.5,299.4;727.5,296.1;679.0,231.5;585.3,225.1;527.2,202.4;567.5,168.5
61#742.1,460.9;749.4,362.0;643.2,343.7;591.9,354.7;654.2,420.6;657.8,515.9;617.5,351.0;632.2,226.4;632.2,230.1;624.9,160.5;764.1,321.7;727.5,296.0;679.8,233.7;584.6,222.8;540.6,175.1;571.7,147.6
62#735.5,432.2;747.6,339.6;638.9,343.6;594.6,355.7;651.0,436.3;655.0,532.9;618.7,351.7;626.8,222.8;626.8,226.8;626.8,154.4;771.8,343.6;735.5,295.3;675.1,230.9;582.5,210.7;554.3,150.3;568.4,128.2
63#719.5,409.1;687.3,332.5;647.0,336.6;598.6,352.7;638.9,453.5;655.0,550.2;618.8,344.6;630.9,219.7;630.9,223.7;630.9,151.1;695.4,296.3;739.7,284.2;675.2,227.7;582.5,203.5;558.3,151.1;560.3,129.0
64#713.6,388.6;732.0,301.3;649.3,333.4;603.3,351.8;630.9,466.7;649.3,567.8;621.7,342.6;630.9,214.0;635.5,223.1;635.5,149.6;699.8,255.3;741.2,269.1;681.4,223.1;589.5,204.8;552.7,163.4;571.1,108.3
65#710.5,390.9;718.5,294.2;666.2,342.5;605.7,362.7;613.8,483.6;638.0,576.2;633.9,350.6;633.9,213.6;633.9,221.7;642.0,153.2;718.5,229.7;750.8,253.9;682.3,221.7;589.6,209.6;549.3,189.4;571.5,147.1
66#717.5,417.5;713.4,319.5;660.4,348.1;603.2,364.4;611.4,474.6;615.5,580.7;631.8,360.3;631.8,225.7;635.9,229.8;642.0,158.4;680.8,205.3;737.9,237.9;676.7,225.7;586.9,221.6;550.2,221.6;552.2,158.4
67#723.9,454.9;716.3,364.4;663.5,353.0;599.4,371.9;603.2,470.0;588.1,571.8;633.3,360.6;633.3,228.6;633.3,236.1;639.0,162.6;671.1,194.6;727.6,213.5;678.6,228.6;584.3,221.0;546.6,247.4;569.2,206.0
68#722.7,499.6;718.8,410.2;652.7,359.7;602.2,371.4;590.5,472.4;559.4,569.6;625.5,367.5;625.5,235.3;625.5,239.2;629.4,173.1;644.9,169.3;695.5,208.1;668.3,235.3;578.9,235.3;543.9,274.2;559.4,235.3
69#718.5,522.4;707.4,437.3;655.6,374.5;596.5,374.5;559.5,474.3;537.3,552.0;626.1,374.5;615.0,248.7;615.0,248.7;611.3,182.1;624.2,158.1;670.4,193.2;659.3,241.3;570.6,252.4;544.7,304.2;548.4,263.5
70#718.6,554.0;699.6,466.5;653.9,378.9;593.0,378.9;532.1,455.0;516.9,535.0;623.5,378.9;604.5,253.3;604.5,253.3;600.6,188.6;617.8,156.2;646.3,192.4;642.5,245.7;558.8,264.7;547.4,325.6;551.2,291.4
71#719.4,580.6;694.2,486.8;647.3,378.6;593.2,378.6;513.9,421.9;495.8,515.7;618.4,378.6;589.6,263.3;589.6,256.1;582.4,194.8;604.0,281.3;632.9,187.6;629.3,248.9;549.9,274.1;535.5,335.4;553.5,306.5
72#721.4,589.9;691.7,492.4;636.6,382.1;577.2,382.1;500.8,394.8;488.1,492.4;602.6,382.1;577.2,267.5;577.2,271.8;560.2,199.7;594.2,191.2;628.1,314.2;619.6,250.6;530.5,280.3;509.3,339.6;488.1,343.9
73#721.8,591.9;684.7,491.6;617.8,387.7;562.2,391.4;491.6,372.8;484.2,469.4;588.1,387.7;562.2,276.3;562.2,276.3;543.6,209.4;606.7,209.4;632.7,242.9;606.7,261.4;517.6,291.1;469.3,335.7;502.7,302.3
74#702.2,574.4;681.0,489.8;603.4,401.6;547.0,408.6;497.6,366.3;479.9,465.1;575.2,405.1;547.0,292.2;547.0,292.2;532.9,225.2;610.5,235.8;591.1,216.4;589.3,281.7;504.6,299.3;444.7,324.0;483.5,458.0
75#670.6,549.3;674.0,474.0;595.3,415.9;533.8,419.3;489.3,378.3;472.2,474.0;564.5,419.3;537.2,299.6;533.8,303.0;523.5,238.0;609.0,262.0;626.1,299.6;578.2,289.3;492.7,309.9;489.3,388.5;492.7,443.2
76#635.0,525.9;654.7,455.6;587.2,416.3;522.5,427.5;480.3,405.0;460.7,506.3;553.5,424.7;525.3,306.6;525.3,309.4;519.7,250.3;612.5,286.9;626.6,320.6;570.3,295.3;483.2,315.0;452.2,303.8;452.2,264.4
77#608.6,507.3;640.5,435.7;574.1,427.7;515.7,430.4;475.9,433.0;457.4,533.9;542.3,430.4;523.7,324.2;523.7,318.9;522.4,261.8;616.6,310.9;624.6,342.8;560.9,313.6;486.5,321.5;464.0,261.8;436.1,276.4
78#585.4,503.6;617.8,403.7;571.9,436.1;515.3,438.8;474.8,452.3;458.6,554.8;542.2,438.8;531.4,328.1;526.0,325.4;527.4,267.4;615.1,336.2;615.1,360.5;569.2,322.7;488.3,325.4;461.3,276.8;437.0,298.4
79#579.7,504.5;600.0,440.4;573.8,446.3;515.6,446.3;474.9,478.3;454.5,580.1;544.7,446.3;533.1,329.8;533.1,329.8;531.6,273.1;623.3,393.9;605.8,382.2;573.8,326.9;492.4,326.9;448.7,350.2;457.4,329.8
80#574.3,515.2;599.2,446.8;577.4,440.6;521.4,440.6;471.7,502.8;453.0,599.2;549.4,440.6;537.0,331.7;537.0,331.7;541.7,271.0;617.9,412.6;608.6,390.8;580.6,328.6;490.3,334.8;434.3,362.8;453.0,341.0
81#562.2,543.1;593.6,458.4;577.9,436.4;524.6,439.6;474.4,508.6;452.4,602.7;549.7,439.6;543.4,336.1;543.4,332.9;554.4,268.6;615.5,433.3;615.5,392.5;590.4,329.8;496.3,336.1;446.2,373.7;436.7,380.0
82#558.6,572.6;582.1,488.6;578.7,438.2;528.3,438.2;477.9,505.4;457.8,602.9;555.2,438.2;551.8,337.5;551.8,334.1;558.6,270.3;615.7,448.3;622.4,404.7;598.9,337.5;501.4,337.5;457.8,394.6;447.7,424.8
83#556.6,602.5;572.6,525.6;591.9,445.6;534.2,439.2;479.7,506.4;466.9,596.1;563.0,439.2;556.6,343.1;556.6,339.9;558.2,280.6;598.3,416.7;639.9,400.7;604.7,339.9;508.6,346.3;457.3,407.1;460.5,419.9
84#555.1,619.5;571.2,538.7;590.6,445.0;538.9,441.7;484.0,499.9;474.3,583.9;564.8,441.7;558.3,348.0;558.3,348.0;559.9,285.0;613.3,393.2;661.8,393.2;606.8,344.7;509.8,351.2;461.3,409.4;454.9,445.0
85#556.8,643.0;570.8,555.3;588.3,453.6;535.7,450.1;493.6,492.2;486.6,565.8;560.3,453.6;563.8,355.4;563.8,355.4;569.0,283.4;619.9,330.8;676.0,372.9;609.4,355.4;511.2,355.4;462.1,411.5;451.5,457.1
86#560.2,659.7;582.2,567.8;585.9,461.3;534.5,446.6;508.8,490.7;501.4,549.4;560.2,457.6;567.5,354.7;567.5,354.7;573.0,283.1;652.0,314.3;677.7,362.1;615.3,354.7;516.1,354.7;457.3,409.8;453.6,461.3
87#567.3,672.7;585.9,568.8;597.0,457.6;533.9,450.2;511.7,528.0;467.2,528.0;567.3,450.2;571.0,350.0;571.0,353.7;576.6,285.1;656.3,324.1;671.2,357.4;615.5,338.9;522.8,350.0;459.7,394.5;463.5,450.2
88#577.4,663.1;584.6,569.8;591.8,454.9;537.9,447.7;581.0,559.0;606.2,580.6;566.7,451.3;570.3,340.1;570.3,340.1;582.8,280.8;663.6,336.5;670.8,368.8;616.9,332.9;523.6,340.1;459.0,379.5;487.7,401.1
89#582.7,651.0;596.9,562.3;589.8,445.3;540.1,441.7;582.7,548.1;607.5,587.1;568.5,445.3;572.0,335.3;572.0,335.3;580.9,273.2;650.1,360.1;664.3,377.9;614.6,331.8;529.5,331.8;465.6,363.7;511.7,356.6
90#588.3,635.7;612.6,548.9;591.8,441.3;546.6,437.8;588.3,552.4;602.2,601.0;564.0,441.3;571.0,326.7;571.0,330.1;590.1,262.4;654.3,361.4;661.2,382.2;616.1,323.2;532.8,323.2;477.2,337.1;532.8,319.7
91#610.1,603.1;637.9,519.7;596.2,439.8;554.5,443.3;592.7,498.8;596.2,589.2;575.4,443.3;582.3,321.6;582.3,321.6;591.0,264.3;637.9,380.7;651.8,391.1;624.0,325.1;540.6,314.7;533.7,366.8;568.4,363.3
92#641.0,567.4;662.8,487.1;597.2,425.1;546.1,425.1;593.5,494.4;589.9,596.5;571.6,425.1;589.9,315.6;589.9,319.3;600.8,253.6;651.9,388.6;651.9,384.9;633.7,326.6;553.4,308.3;560.7,355.7;578.9,355.7
93#672.3,541.2;683.2,461.1;606.8,413.8;548.6,417.5;592.3,504.8;588.6,599.4;577.7,417.5;595.9,311.9;595.9,315.6;606.8,250.1;661.4,399.3;650.5,381.1;639.6,322.9;559.5,304.7;563.2,355.6;625.0,402.9
94#685.8,516.6;689.8,431.8;613.1,407.5;560.6,411.6;584.8,520.6;588.9,617.6;588.9,411.6;601.0,306.6;601.0,310.6;613.1,246.0;641.4,367.1;669.6,379.3;645.4,314.6;556.6,290.4;560.6,254.0;588.9,221.7
95#684.7,487.1;688.8,393.0;615.2,401.2;570.3,409.4;578.4,527.9;586.6,626.0;594.8,409.4;607.0,307.2;607.0,307.2;627.5,241.8;652.0,348.1;688.8,368.5;647.9,315.4;566.2,303.1;513.0,311.3;484.4,323.5
96#671.7,470.9;656.1,470.9;628.7,408.3;577.9,420.1;573.9,529.5;581.8,623.4;601.3,416.2;620.9,298.8;620.9,302.8;632.6,232.4;675.6,373.1;706.9,353.6;660.0,302.8;585.7,294.9;573.9,330.1;550.5,361.4
97#659.0,450.7;687.0,374.7;631.0,402.7;586.9,406.7;574.9,514.8;574.9,618.9;611.0,402.7;627.0,298.6;623.0,302.6;655.0,234.5;719.1,326.6;727.1,338.6;667.0,302.6;590.9,294.6;582.9,330.6;607.0,226.5
98#650.4,457.6;590.0,500.3;654.0,411.4;597.1,411.4;575.8,518.1;568.7,610.5;625.6,411.4;643.3,290.6;639.8,297.7;652.2,231.9;739.3,336.8;735.8,315.4;686.0,297.7;600.7,287.0;572.2,304.8;582.9,269.2
99#641.2,508.4;644.8,487.3;658.8,410.1;609.7,413.6;581.6,525.9;564.0,596.1;634.2,413.6;648.3,290.8;648.3,297.8;665.8,241.6;676.3,269.7;736.0,287.2;686.9,297.8;609.7,280.2;578.1,318.8;588.6,280.2
100#668.5,496.1;661.6,464.8;665.1,412.7;619.9,412.7;578.2,513.4;560.8,576.0;644.2,412.7;658.1,305.0;658.1,305.0;665.1,242.4;689.4,245.9;720.7,280.6;699.8,308.4;619.9,301.5;592.1,343.2;619.9,325.8
101#672.5,522.9;666.0,461.0;669.2,418.6;623.6,415.3;578.0,503.3;561.7,571.8;646.4,418.6;662.7,307.8;662.7,307.8;672.5,245.8;656.2,343.6;706.7,240.9;701.8,304.5;626.9,304.5;600.8,343.6;643.1,333.8
102#672.1,531.9;658.4,463.0;672.1,418.3;630.8,414.9;572.3,487.1;562.0,559.4;651.5,414.9;665.3,311.6;665.3,311.6;665.3,249.7;672.1,349.5;696.2,352.9;699.7,315.1;630.8,304.7;593.0,349.5;620.5,352.9
103#680.5,553.8;655.5,469.3;686.7,434.9;627.3,425.6;567.9,469.3;564.8,547.5;661.7,425.6;664.8,319.2;664.8,322.4;663.3,255.1;646.1,341.1;680.5,356.8;702.4,319.2;627.3,316.1;592.9,366.2;599.2,366.2
104#515.6,494.8;651.9,494.8;654.9,444.4;619.3,435.5;569.0,465.1;566.0,542.2;640.1,435.5;613.4,370.3;657.9,331.8;653.4,265.1;604.5,408.8;637.1,397.0;693.4,328.8;619.3,334.8;598.6,397.0;583.8,376.2
105#687.1,608.6;650.6,529.0;697.0,449.4;644.0,439.4;574.3,459.3;571.0,542.2;670.5,446.1;663.9,346.6;660.6,349.9;652.3,285.2;716.9,326.7;756.7,359.8;700.4,343.3;617.4,346.6;594.2,416.2;600.9,409.6
106#686.1,638.8;656.1,555.4;696.1,461.9;639.4,451.9;579.3,458.6;572.6,542.0;669.4,458.6;652.7,368.4;652.7,365.1;651.1,300.0;642.7,465.2;699.5,411.8;696.1,368.4;609.3,368.4;596.0,431.9;609.3,485.3
107#690.1,667.1;675.5,579.2;697.4,465.8;649.8,462.1;569.3,469.4;584.0,553.6;671.8,465.8;653.5,377.9;653.5,377.9;644.4,313.9;697.4,352.3;756.0,392.6;693.8,366.9;609.6,377.9;580.3,440.1;558.3,436.5
108#691.1,691.2;698.2,599.0;694.7,474.9;637.9,471.3;559.9,496.2;584.7,577.7;666.3,471.3;648.6,389.8;645.0,382.7;639.7,331.2;737.3,389.8;769.2,396.9;694.7,382.7;598.9,393.3;559.9,450.1;552.8,489.1
109#702.3,692.4;705.9,598.2;698.6,482.3;637.1,482.3;557.4,533.0;586.4,616.3;666.1,482.3;651.6,384.6;647.9,388.2;635.3,332.1;709.5,370.1;767.4,380.9;695.0,380.9;604.5,395.4;550.2,431.6;593.6,399.1
110#721.6,692.3;711.1,598.0;697.2,486.2;634.3,486.2;571.4,563.1;588.8,643.4;665.7,489.7;655.2,388.4;651.7,388.4;643.0,327.2;735.6,360.4;774.0,367.4;700.7,377.9;609.8,391.9;553.9,416.3;581.9,402.3
111#729.9,681.9;719.7,597.3;696.1,492.5;641.9,489.1;581.0,580.4;587.8,668.4;669.0,492.5;658.8,391.0;658.8,391.0;652.1,326.7;733.3,336.9;760.3,363.9;702.8,384.2;611.5,397.7;581.0,394.4;621.6,370.7
112#724.7,657.8;735.7,584.7;697.7,491.5;642.7,489.3;589.9,584.6;584.4,676.5;670.8,491.5;668.4,391.7;669.5,387.2;671.2,328.3;719.2,341.2;746.1,396.9;710.0,384.9;623.6,396.2;603.2,410.6;637.0,370.4
113#719.5,633.6;751.6,572.2;699.4,490.6;643.5,489.4;598.8,588.7;581.1,684.7;672.5,490.6;678.0,392.4;680.3,383.5;690.2,329.9;705.1,345.5;731.8,430.0;717.1,385.7;635.6,394.6;625.5,426.8;652.3,370.0
114#714.3,609.5;767.6,559.6;701.0,489.6;644.3,489.6;607.7,592.9;577.7,692.8;674.3,489.6;687.6,393.1;691.0,379.7;709.3,331.5;691.0,349.8;717.6,463.0;724.3,386.4;647.7,393.1;647.7,443.0;667.7,369.7
115#710.3,585.7;768.7,537.0;707.0,491.6;655.1,494.9;609.7,592.2;580.5,679.8;681.1,491.6;697.3,391.1;697.3,391.1;705.4,334.3;718.4,334.3;749.2,368.4;733.0,391.1;661.6,391.1;645.4,420.3;655.1,400.8
116#702.7,574.7;748.9,528.4;711.9,497.6;662.5,497.6;610.1,590.1;579.2,667.3;690.3,497.6;702.7,395.7;702.7,398.8;705.7,337.1;702.7,426.6;733.5,451.3;739.7,398.8;662.5,392.6;637.9,432.8;656.4,411.1
117#699.3,579.9;731.3,524.6;725.5,507.2;673.1,507.2;614.9,585.7;582.9,652.7;699.3,507.2;708.0,402.4;708.0,402.4;710.9,341.3;710.9,428.6;737.1,440.2;745.8,402.4;667.3,396.6;641.1,446.1;661.5,425.7
118#703.3,600.4;714.6,538.2;731.6,512.8;686.4,504.3;621.4,577.8;595.9,642.8;709.0,510.0;711.8,408.2;711.8,411.1;714.6,351.7;720.3,436.5;745.7,447.8;745.7,405.4;672.2,405.4;644.0,461.9;669.4,439.3
119#708.1,621.7;702.8,547.5;745.2,513.1;692.2,507.8;626.0,566.1;610.1,632.3;721.4,513.1;713.4,417.7;713.4,415.0;717.4,358.0;724.0,444.2;747.9,460.1;750.5,417.7;673.7,412.4;649.8,473.3;673.7,452.1
120#716.0,653.6;697.3,579.0;747.9,520.5;694.7,515.2;630.8,557.7;622.8,624.3;723.9,520.5;718.6,427.3;718.6,424.6;719.9,370.1;729.3,469.9;758.5,469.9;755.9,430.0;681.3,427.3;652.1,485.9;673.4,456.6
121#717.2,675.1;694.4,595.4;757.1,524.1;697.3,518.4;637.4,546.9;628.9,618.2;731.5,524.1;722.9,435.8;722.9,435.8;721.5,374.5;760.0,470.0;808.4,461.4;762.8,435.8;685.9,435.8;654.5,492.8;683.0,481.4
122#718.7,691.9;691.5,610.1;761.1,534.4;700.5,525.4;640.0,543.5;627.9,613.1;733.8,531.4;727.8,440.6;727.8,440.6;726.3,381.6;830.7,407.3;830.7,455.7;767.1,437.6;688.4,440.6;649.1,492.1;670.3,461.8
123#719.8,710.9;701.3,627.3;763.2,543.7;704.4,528.2;642.4,537.5;620.8,608.7;738.4,534.4;738.4,450.8;738.4,450.8;733.8,396.6;803.4,432.3;843.7,457.0;778.7,441.5;698.2,444.6;642.4,488.0;682.7,491.1
124#721.7,727.1;715.5,641.0;758.6,551.9;706.3,533.4;641.8,530.4;611.0,604.1;734.0,539.6;743.2,447.4;743.2,453.5;732.4,405.9;832.4,462.7;832.4,462.7;783.2,447.4;700.2,447.4;638.7,475.0;666.3,465.8
125#729.3,742.4;739.3,649.2;762.6,552.6;712.7,532.6;646.1,519.3;609.4,592.6;736.0,542.6;752.6,452.7;752.6,459.4;734.3,394.5;835.9,462.7;832.6,469.4;792.6,452.7;712.7,449.4;689.4,509.3;686.0,575.9
126#741.8,735.0;758.0,644.3;764.5,537.5;715.9,521.3;657.6,501.9;618.8,573.1;738.6,531.0;751.5,463.0;754.8,456.5;737.0,396.6;835.7,479.2;832.5,492.1;793.6,463.0;703.0,476.0;647.9,505.1;615.5,573.1
127#757.2,727.6;757.2,632.7;769.9,534.6;719.3,525.1;697.1,588.4;687.6,604.2;747.7,531.4;754.1,449.2;754.1,449.2;730.3,393.8;830.0,468.2;830.0,503.0;795.2,449.2;719.3,439.7;659.1,496.6;630.7,566.2
128#775.7,712.1;755.9,629.7;772.4,531.0;723.0,514.5;700.0,577.1;703.3,610.0;746.1,524.4;762.5,445.3;762.5,448.6;751.0,381.1;828.4,511.2;828.4,511.2;802.0,448.6;726.3,435.5;670.3,432.2;634.1,432.2
129#777.1,713.4;766.1,627.2;778.2,526.9;731.2,512.7;695.4,563.1;707.3,607.6;753.1,520.4;767.3,443.9;766.2,448.3;761.7,382.8;824.1,514.8;831.7,505.1;805.4,449.4;731.3,434.2;673.5,436.3;637.5,437.4
130#778.6,714.7;776.3,624.7;783.9,522.9;739.5,510.9;690.9,549.0;711.4,605.2;760.1,516.3;772.0,442.6;769.8,448.0;772.5,384.6;819.9,518.4;834.9,499.0;808.9,450.1;736.2,432.8;676.6,440.3;640.8,442.5
131#780.0,716.0;786.5,622.2;789.7,518.8;747.7,509.1;686.3,535.0;715.4,602.8;767.1,512.3;776.8,441.2;773.5,447.7;783.2,386.3;815.6,522.0;838.2,492.9;812.3,450.9;741.2,431.5;679.8,444.4;644.2,447.7
132#779.0,718.8;788.8,623.4;788.8,518.1;742.8,508.3;693.4,547.7;719.8,613.5;769.1,514.8;779.0,442.5;779.0,449.1;785.5,383.3;818.4,534.6;854.6,491.8;811.8,449.1;742.8,429.3;686.9,452.3;647.4,465.5
133#774.1,710.9;783.8,620.7;790.2,517.7;742.0,508.1;693.7,559.6;719.4,627.2;767.7,508.1;777.4,446.9;777.4,446.9;788.6,384.2;822.4,537.0;854.6,495.2;812.8,453.4;742.0,434.0;690.5,456.6;655.0,472.7
134#769.8,704.5;782.8,616.9;786.0,510.0;740.7,506.7;695.3,578.0;721.2,642.9;760.1,506.7;773.1,441.9;776.3,445.1;790.9,381.9;821.7,548.9;857.4,500.2;812.0,454.8;737.4,432.1;682.3,461.3;646.6,490.5
135#771.5,696.8;781.7,615.9;778.3,508.0;734.5,508.0;697.4,595.7;717.6,663.1;758.1,504.7;774.9,440.6;774.9,444.0;801.9,379.9;815.4,558.6;845.7,504.7;812.0,454.1;734.5,430.5;673.8,460.8;650.2,491.2
136#774.7,688.2;778.1,603.2;778.1,504.6;727.1,494.4;703.3,603.2;716.9,681.4;754.3,497.8;778.1,436.7;778.1,436.7;798.5,375.5;808.7,569.2;829.1,511.4;815.5,450.3;737.3,423.1;676.1,446.9;689.7,487.6
137#776.8,677.2;780.2,598.2;773.3,495.1;721.8,495.1;708.0,608.5;711.5,691.0;749.3,495.1;780.2,429.7;780.2,429.7;800.8,367.9;797.4,550.1;818.0,505.4;818.0,440.1;739.0,419.4;673.7,422.9;739.0,519.1
138#774.9,667.1;778.2,594.0;771.6,491.1;725.1,487.8;705.2,597.4;701.9,690.3;748.3,491.1;774.9,421.4;778.2,421.4;789.8,356.6;791.5,527.6;818.1,494.4;818.1,428.0;741.7,411.4;668.7,404.8;738.4,511.0
139#774.5,661.2;781.3,589.8;771.1,484.4;730.3,481.0;703.1,583.0;689.5,668.0;750.7,481.0;771.1,409.6;771.1,413.0;774.5,348.4;791.5,487.8;822.1,477.6;808.5,413.0;740.5,409.6;737.1,453.8;740.5,501.4
140#780.3,655.0;786.8,577.4;773.9,477.2;735.1,477.2;702.8,567.7;676.9,632.3;754.5,477.2;757.7,402.8;757.7,402.8;764.2,338.2;786.8,467.5;819.1,451.3;786.8,399.6;731.8,402.8;738.3,438.4;764.2,461.0
