1#1003.6,679.4;968.5,574.0;981.7,490.6;950.9,508.1;972.9,609.1;1003.6,701.3;964.1,499.4;924.6,394.0;924.6,394.0;893.9,341.3;915.8,284.2;937.8,336.9;955.3,380.8;889.5,407.1;836.8,376.4;823.6,332.5
2#1004.5,681.2;969.4,575.9;982.6,492.6;951.9,505.7;969.4,611.0;1004.5,698.7;965.1,501.3;925.6,396.1;925.6,396.1;894.9,339.0;916.8,286.4;943.1,325.9;956.3,382.9;890.5,409.2;837.8,378.5;824.7,330.3
3#1004.8,683.7;969.6,578.2;982.8,490.2;952.0,503.4;969.6,608.9;1004.8,701.3;965.2,499.0;921.2,397.8;925.6,393.4;890.4,340.6;916.8,287.9;938.8,327.4;956.4,384.6;890.4,411.0;837.6,380.2;824.4,331.8
4#1000.9,685.0;965.5,578.8;983.2,494.7;952.2,507.9;969.9,609.8;1005.3,702.8;965.5,503.5;921.2,397.2;921.2,392.8;894.6,339.7;916.8,286.5;934.5,326.4;952.2,384.0;890.2,410.5;837.1,379.5;823.8,335.3
5#1001.8,684.8;966.4,578.7;984.1,490.2;948.7,503.5;970.9,609.6;1001.8,702.5;966.4,499.1;922.2,397.4;922.2,392.9;891.3,339.9;904.5,286.8;935.5,326.6;953.2,384.1;886.8,410.6;833.8,379.7;824.9,335.5
6#1002.2,684.4;967.1,583.4;980.3,491.2;949.5,504.4;967.1,609.7;1002.2,701.9;962.7,500.0;918.8,399.0;918.8,394.6;888.1,337.5;901.2,284.8;923.2,328.7;949.5,385.8;883.7,407.8;835.4,381.4;822.2,337.5
7#1000.2,686.8;960.2,584.6;978.0,491.2;946.9,504.6;964.7,611.3;1000.2,700.2;960.2,500.1;915.8,397.9;915.8,393.4;889.1,340.1;898.0,286.8;920.2,326.8;951.3,389.0;880.2,406.8;831.3,380.1;822.4,335.7
8#996.7,686.5;956.7,584.4;974.5,491.2;939.0,504.5;961.2,611.0;1001.1,699.8;956.7,500.1;912.3,398.0;912.3,393.6;885.7,335.9;899.0,287.1;921.2,327.0;943.4,384.7;876.8,402.5;832.5,380.3;823.6,340.4
9#997.7,684.5;953.5,582.9;966.8,490.2;935.9,503.5;958.0,609.4;997.7,702.2;953.5,499.0;909.4,397.5;909.4,393.1;882.9,335.7;896.1,287.1;918.2,326.8;940.3,384.2;874.0,401.9;829.9,384.2;825.5,340.1
10#993.3,683.1;949.4,577.9;962.6,490.2;931.9,503.3;949.4,608.6;993.3,700.6;945.0,498.9;905.6,393.7;905.6,389.3;883.7,332.3;896.8,288.5;918.7,327.9;936.3,384.9;870.5,398.1;835.4,384.9;826.7,341.1
11#892.9,548.0;939.3,573.3;951.9,489.0;922.4,501.6;943.5,607.0;985.6,695.5;935.0,497.4;901.3,387.8;901.3,387.8;884.5,328.8;892.9,290.9;918.2,333.0;930.8,383.6;867.6,396.2;833.9,387.8;825.5,345.7
12#975.0,665.4;915.7,523.3;947.3,487.7;911.8,499.6;927.6,602.2;978.9,689.1;931.5,491.7;896.0,385.0;896.0,381.1;876.2,321.8;884.1,290.2;899.9,329.7;927.6,377.1;864.4,392.9;828.8,389.0;820.9,345.5
13#955.4,664.0;915.8,568.9;935.6,477.8;907.9,493.6;915.8,596.7;967.3,679.9;919.8,485.7;892.0,378.7;892.0,378.7;872.2,319.3;872.2,311.3;896.0,343.0;923.7,374.8;864.3,386.6;824.6,390.6;820.7,347.0
14#910.0,571.6;906.4,546.9;931.2,483.2;899.4,493.8;899.4,592.8;959.5,670.6;913.5,486.8;888.8,377.2;888.8,377.2;867.6,320.6;874.6,317.1;888.8,345.4;917.0,370.1;860.5,384.3;821.6,391.3;818.1,348.9
15#870.7,545.2;891.1,559.8;923.2,486.9;888.2,495.6;879.5,580.3;930.5,631.3;902.8,489.8;882.4,373.1;879.5,370.2;856.1,320.6;870.7,306.0;905.7,326.4;914.5,361.4;853.2,381.8;818.2,396.4;818.2,352.7
16#879.6,576.8;879.6,558.6;916.0,482.7;882.6,488.8;861.4,573.8;937.3,643.7;897.8,485.7;876.6,370.3;876.6,370.3;849.2,318.7;864.4,324.8;910.0,406.8;903.9,361.2;846.2,382.5;812.8,400.7;812.8,358.2
17#878.3,569.0;856.0,530.8;910.1,483.1;875.1,492.7;846.5,565.8;916.5,626.3;894.2,489.5;865.6,371.8;865.6,368.6;843.3,320.9;872.0,320.9;907.0,343.1;897.4,371.8;837.0,374.9;805.1,403.6;808.3,365.4
18#875.1,573.4;848.8,520.8;901.3,477.0;866.3,488.7;834.2,553.0;898.4,617.2;883.8,485.8;851.7,371.9;851.7,366.1;834.2,313.5;875.1,380.7;895.5,404.0;886.7,366.1;816.7,377.8;793.3,407.0;807.9,369.0
19#879.4,581.1;837.5,521.3;888.4,479.5;852.5,485.5;819.6,539.3;876.4,605.1;873.4,482.5;843.5,371.8;843.5,365.8;825.6,312.0;858.5,377.8;891.3,407.7;876.4,362.9;807.6,377.8;777.7,410.7;807.6,365.8
20#871.4,584.0;824.8,514.2;880.1,479.3;842.3,488.1;798.6,523.0;853.9,589.8;862.6,485.1;836.5,371.7;833.5,365.9;816.1,310.7;874.3,325.2;920.8,345.6;871.4,360.1;798.6,380.5;763.7,409.5;795.7,386.3
21#871.6,582.4;832.7,493.6;874.3,471.4;829.9,485.3;774.4,515.8;835.5,579.6;852.1,479.7;824.4,371.5;824.4,363.1;811.9,306.2;866.0,321.5;916.0,338.2;866.0,360.4;788.3,379.8;743.9,404.8;782.8,382.6
22#867.8,586.4;823.1,502.2;859.9,478.5;815.2,483.8;752.1,494.3;807.3,562.7;838.9,481.2;817.8,368.0;815.2,365.4;806.0,308.8;863.9,314.1;912.5,331.2;857.3,357.5;778.4,375.9;725.8,399.6;762.6,381.2
23#864.8,590.2;832.4,517.3;859.4,471.3;808.1,482.1;737.8,484.8;786.4,557.8;832.4,479.4;810.8,365.9;808.1,365.9;798.6,307.8;852.7,313.2;902.7,322.6;848.6,357.8;772.9,374.0;710.7,387.5;748.6,357.8
24#863.5,598.9;832.4,528.3;849.4,469.0;798.5,480.3;733.6,474.6;764.6,553.7;824.0,474.6;804.2,367.3;801.4,364.5;788.6,306.6;846.5,310.8;855.0,401.2;838.1,361.7;767.5,373.0;699.7,378.6;727.9,341.9
25#860.5,601.3;830.1,531.4;839.2,470.7;787.6,479.8;714.7,464.6;739.0,543.6;811.9,479.8;793.7,364.4;793.7,364.4;781.5,306.7;830.1,300.6;875.7,309.7;830.1,358.3;760.3,370.5;687.4,367.4;714.7,328.0
26#855.4,613.9;829.6,533.6;823.9,476.3;772.3,482.0;697.8,453.3;715.0,539.3;798.1,479.1;789.5,364.4;786.6,364.4;775.2,310.0;803.8,287.0;849.7,301.4;823.9,353.0;752.2,370.2;680.6,355.8;692.0,315.7
27#853.8,618.0;827.1,541.2;817.1,481.0;763.7,481.0;683.5,444.3;690.2,534.5;790.4,481.0;780.3,367.5;780.3,364.1;770.3,307.4;777.0,274.0;830.4,297.3;813.7,360.8;747.0,370.8;673.5,344.1;680.2,297.3
28#853.8,628.6;830.4,546.7;807.0,488.2;756.2,484.3;670.4,437.5;666.5,523.3;775.8,488.2;775.8,367.3;771.9,363.4;760.1,308.8;771.9,265.9;803.1,297.1;810.9,367.3;732.8,371.2;670.4,336.1;666.5,285.4
29#850.4,640.5;826.3,552.2;794.1,492.0;737.9,487.9;661.6,431.7;649.6,516.1;766.0,492.0;766.0,371.5;766.0,367.5;754.0,307.2;762.0,267.1;790.1,311.3;802.2,371.5;725.9,371.5;665.6,331.3;653.6,283.1
30#846.7,640.4;813.5,559.3;780.3,496.6;725.0,492.9;651.3,430.3;629.2,507.7;754.5,496.6;750.8,375.0;754.5,375.0;754.5,316.0;872.5,371.3;820.9,360.3;791.4,378.7;714.0,371.3;655.0,330.8;644.0,279.2
31#837.2,648.3;757.5,318.0;765.1,504.0;708.1,500.2;643.6,428.1;609.4,500.2;734.7,500.2;749.9,473.7;738.5,405.3;749.9,344.6;848.6,462.3;818.2,450.9;784.1,511.6;692.9,496.4;643.6,431.9;609.4,500.2
32#825.4,651.2;801.6,573.1;754.1,505.2;699.7,495.0;631.8,427.1;591.0,495.0;726.9,505.2;726.9,382.9;723.5,389.7;720.1,321.8;832.2,467.8;798.2,461.0;767.6,382.9;689.5,382.9;635.2,430.5;594.4,491.6
33#814.3,665.7;781.6,557.3;733.5,512.6;678.4,509.2;626.9,433.5;575.3,492.0;706.0,509.2;706.0,378.5;709.4,395.7;706.0,333.8;833.2,478.2;788.5,471.3;750.7,522.9;675.0,388.8;626.9,436.9;578.7,495.4
34#795.2,659.9;774.7,571.5;727.1,517.0;672.7,513.6;614.8,438.8;563.8,489.8;699.9,517.0;699.9,398.0;699.9,398.0;693.1,340.1;711.8,294.2;727.1,333.3;733.9,398.0;662.5,398.0;618.2,374.1;625.0,329.9
35#550.7,493.9;608.9,443.6;627.4,403.9;672.4,438.3;611.6,440.9;550.7,493.9;651.3,427.7;683.0,388.0;683.0,401.2;684.3,265.0;706.8,311.3;614.2,390.7;659.2,396.0;656.6,396.0;712.1,353.6;627.4,343.0
36#540.2,496.2;599.7,449.2;629.4,436.8;659.1,446.7;609.6,451.6;624.4,516.0;644.2,431.8;674.0,384.8;669.0,365.0;682.6,279.5;626.9,352.6;604.6,399.6;654.1,402.1;698.7,332.8;708.6,419.4;726.0,439.3
37#531.5,501.9;593.5,456.6;607.8,413.7;643.6,420.8;591.1,456.6;615.0,525.7;626.9,420.8;662.7,373.1;660.3,368.3;674.6,404.1;624.5,335.0;624.5,342.1;648.3,354.0;693.7,382.7;691.3,411.3;667.4,435.1
38#526.0,510.1;574.9,463.7;609.1,441.7;638.5,453.9;577.3,463.7;596.9,522.4;621.3,451.4;662.9,414.8;660.5,424.5;662.9,370.8;689.8,351.2;711.8,392.8;692.3,422.1;626.2,412.3;596.9,422.1;621.3,383.0
39#520.2,520.7;565.2,478.0;643.5,530.2;610.3,520.7;560.5,466.2;517.8,520.7;626.9,523.1;655.3,428.2;655.3,433.0;653.0,378.4;690.9,369.0;707.5,399.8;688.5,435.3;617.4,430.6;593.7,428.2;617.4,395.0
40#568.6,534.5;561.5,482.1;635.3,532.1;597.2,525.0;549.6,472.6;513.9,532.1;616.2,522.6;647.2,429.7;647.2,439.2;635.3,389.2;690.0,375.0;701.9,413.0;682.9,436.9;611.5,429.7;585.3,439.2;690.0,375.0
41#508.0,545.7;535.3,479.3;588.1,493.0;619.3,493.0;607.6,524.2;508.0,553.5;605.6,493.0;638.9,434.4;638.9,438.3;627.1,393.4;689.6,385.6;693.5,432.4;670.1,440.2;668.1,442.2;695.5,424.6;691.6,389.5
42#634.0,563.5;579.3,524.4;628.1,516.6;587.1,514.6;524.6,487.3;505.1,557.6;610.6,516.6;624.2,444.3;622.3,438.5;620.3,391.6;684.8,393.6;692.6,438.5;659.4,446.3;589.1,440.4;571.5,479.5;557.8,497.1
43#623.7,650.2;656.2,577.9;606.2,560.4;553.8,550.4;521.4,500.5;508.9,570.4;583.8,552.9;616.2,445.6;616.2,445.6;613.7,388.2;683.6,395.6;688.6,445.6;651.2,450.6;578.8,440.6;556.3,455.6;591.3,473.0
44#619.5,662.5;635.1,584.6;598.7,566.4;546.7,556.0;518.2,506.7;507.8,576.8;572.7,558.6;609.1,446.9;606.5,444.3;605.2,385.9;681.8,413.2;681.8,454.7;645.5,449.5;567.5,441.7;536.4,457.3;575.3,470.3
45#617.3,673.0;622.6,601.3;593.4,564.1;540.2,558.7;511.0,516.2;508.3,580.0;564.1,561.4;598.7,447.1;598.7,447.1;600.0,387.3;678.4,423.2;678.4,463.0;638.5,452.4;564.1,441.8;521.6,447.1;566.8,444.4
46#617.2,680.8;617.2,603.6;584.1,567.8;531.7,556.8;512.5,551.3;498.7,592.6;556.6,559.5;592.4,452.0;592.4,449.3;591.0,392.8;675.1,435.5;672.3,471.3;633.7,457.6;556.6,441.0;504.2,441.0;556.6,430.0
47#607.5,683.1;616.0,615.0;576.2,572.4;525.1,561.0;505.2,546.8;499.5,606.5;547.8,563.9;584.7,453.1;584.7,453.1;589.0,392.1;678.5,441.8;667.1,481.5;624.5,461.6;547.8,441.8;491.0,436.1;545.0,430.4
48#591.4,682.9;608.7,599.4;571.3,573.5;516.6,562.0;493.6,553.4;499.4,616.7;545.4,564.9;579.9,455.6;579.9,452.7;578.5,393.7;672.0,452.7;660.5,487.2;620.2,464.2;545.4,446.9;479.2,421.1;522.4,403.8
49#580.6,680.1;605.7,604.9;566.7,571.5;513.8,560.4;494.3,552.1;497.1,624.4;538.9,566.0;575.0,460.2;575.0,454.7;576.4,394.8;669.7,465.8;655.8,496.4;616.8,465.8;533.3,443.5;469.3,415.7;504.1,394.8
50#568.0,673.4;602.8,587.7;554.6,571.6;509.0,563.6;493.0,552.9;498.3,630.5;533.1,568.9;570.6,459.1;570.6,453.8;569.3,393.5;661.7,475.2;651.0,502.0;613.5,467.2;530.5,445.8;463.5,408.3;494.3,388.2
51#561.5,665.7;603.1,592.8;556.2,566.7;506.7,556.3;491.1,561.5;496.3,642.3;532.8,558.9;569.3,465.1;569.3,454.7;560.2,393.5;660.5,478.1;642.2,509.4;611.0,470.3;532.8,449.5;491.1,428.6;467.7,405.2
52#562.2,655.6;604.9,576.9;555.7,576.9;503.2,570.3;490.1,563.7;493.4,649.0;529.5,570.3;562.2,458.8;565.5,458.8;562.2,399.8;660.6,485.0;640.9,517.8;608.2,471.9;522.9,445.7;473.7,403.0;470.4,347.3
53#559.2,650.3;601.3,562.7;555.9,575.7;504.0,569.2;487.8,578.9;491.0,660.0;526.7,572.4;562.4,462.1;562.4,458.9;562.4,400.5;656.5,497.8;633.8,523.8;604.6,475.1;523.5,449.2;481.3,400.5;468.3,351.8
54#562.1,645.9;586.8,571.9;559.0,571.9;506.7,565.8;488.2,587.4;491.2,670.6;531.3,568.9;565.2,464.1;565.2,461.0;562.1,399.4;660.8,504.1;629.9,525.7;608.4,479.5;528.2,448.7;503.6,399.4;488.2,362.4
55#561.9,625.8;587.0,566.3;568.2,575.7;518.1,566.3;486.8,591.3;493.0,682.1;543.1,572.5;565.0,466.1;565.0,462.9;565.0,400.3;659.0,513.0;630.8,531.8;608.9,478.6;527.5,450.4;502.4,397.2;489.9,365.9
56#563.9,619.7;580.4,570.3;570.5,576.9;514.6,567.1;488.3,600.0;491.6,692.0;540.9,570.3;563.9,465.1;563.9,461.8;567.2,402.6;659.3,517.7;629.7,534.2;610.0,478.3;524.5,448.7;478.4,399.3;448.8,366.4
57#568.6,618.7;581.8,572.5;571.9,572.5;522.3,569.2;489.3,608.8;489.3,701.2;545.4,569.2;568.6,466.9;568.6,460.3;571.9,400.9;657.7,523.0;634.6,532.9;614.8,476.8;528.9,443.8;479.4,410.8;449.7,381.1
58#492.5,653.0;592.6,572.3;576.4,569.1;531.2,562.6;495.7,624.0;489.3,707.9;553.8,565.9;570.0,459.3;570.0,456.1;576.4,398.0;663.6,530.4;637.8,533.6;615.2,475.5;531.2,440.0;476.4,410.9;473.1,394.8
59#492.3,669.0;615.7,572.3;582.4,569.0;532.3,569.0;499.0,635.7;488.9,712.4;559.0,569.0;575.7,458.9;575.7,455.5;582.4,392.1;672.4,542.3;645.7,528.9;622.4,472.2;532.3,442.2;475.6,422.2;445.6,395.5
60#514.8,645.0;635.3,563.6;586.4,563.6;537.6,563.6;508.3,641.8;488.8,713.4;563.7,563.6;579.9,452.9;579.9,452.9;586.4,387.8;667.8,547.3;654.8,524.5;625.5,469.2;540.9,436.6;479.0,420.4;443.2,397.6
61#510.2,663.1;612.1,548.2;595.6,554.7;546.4,564.6;513.5,643.4;487.2,712.4;572.6,561.3;582.5,449.6;582.5,446.3;592.3,383.9;671.2,528.5;661.3,515.3;628.5,459.5;539.8,436.5;477.4,426.6;454.4,390.5
62#507.5,669.6;533.9,616.8;603.1,560.8;550.4,570.7;514.1,639.9;491.0,712.4;576.7,560.8;586.6,445.4;586.6,445.4;593.2,382.7;659.1,498.1;675.6,508.0;632.8,458.6;543.8,432.2;474.5,432.2;458.0,395.9
63#616.2,606.5;536.8,596.6;609.6,553.6;560.0,556.9;517.0,633.0;493.8,715.6;583.1,553.6;589.7,441.2;589.7,441.2;596.3,378.3;672.4,480.8;685.6,497.4;636.0,451.1;543.4,431.2;474.0,437.9;457.5,401.5
64#615.6,610.5;625.5,537.8;615.6,554.3;566.0,557.6;516.4,623.7;499.8,716.3;589.1,554.3;592.4,441.9;592.4,438.6;594.1,377.4;685.0,478.2;694.9,481.5;638.7,445.2;539.5,431.9;476.7,441.9;456.8,408.8
65#609.9,615.5;626.6,535.2;619.9,555.3;569.7,558.6;516.2,615.5;509.5,709.2;596.5,555.3;593.2,441.5;593.2,438.2;594.8,369.6;690.2,461.6;703.6,458.2;643.4,441.5;543.0,431.5;479.4,448.2;456.0,411.4
66#609.0,619.7;605.7,531.8;628.5,551.3;573.2,554.6;517.8,606.7;517.8,701.1;602.5,551.3;596.0,434.1;596.0,434.1;597.6,370.6;736.0,401.6;722.9,443.9;648.0,434.1;547.1,430.9;485.3,453.7;459.2,417.8
67#610.6,629.7;601.6,554.5;628.6,551.5;577.5,554.5;520.3,602.7;523.4,692.9;604.6,551.5;598.6,434.2;598.6,431.2;597.0,384.6;715.9,404.2;712.8,422.2;646.7,428.2;547.4,431.2;487.3,458.3;460.2,425.2
68#607.1,636.3;585.4,562.1;634.9,552.8;585.4,552.8;520.6,596.1;526.7,685.7;607.1,552.8;597.8,432.3;597.8,429.2;602.4,369.0;676.6,375.2;715.2,401.4;650.3,426.1;548.4,432.3;489.7,463.2;461.8,432.3
69#607.2,641.2;588.7,570.3;638.1,551.8;585.6,554.9;517.8,591.9;527.0,675.2;610.3,551.8;601.0,425.4;601.0,425.4;599.5,368.3;685.9,368.3;709.0,388.4;647.3,422.3;551.7,431.5;493.1,468.5;462.3,440.8
70#611.9,647.0;595.7,569.5;637.7,550.2;586.1,553.4;515.1,582.4;524.8,669.5;611.9,553.4;599.0,427.6;599.0,424.3;599.0,363.0;674.8,345.3;702.2,375.9;644.1,414.7;550.6,430.8;495.7,469.5;460.2,446.9
71#608.3,657.4;595.5,565.0;637.0,545.9;586.0,549.1;512.7,574.6;519.0,660.6;611.5,549.1;595.5,424.8;598.7,421.6;601.9,361.0;699.1,343.5;694.3,361.0;640.2,412.0;547.7,431.1;499.9,475.8;461.7,456.6
72#609.0,670.3;602.1,584.7;636.4,547.0;585.0,547.0;513.0,564.1;516.5,649.8;609.0,547.0;595.2,420.2;595.2,420.2;598.7,362.0;686.0,308.9;684.3,355.2;639.8,410.0;550.7,427.1;502.8,475.1;461.6,461.4
73#610.8,677.5;607.2,588.4;635.7,545.6;585.8,545.6;511.0,549.2;511.0,641.8;610.8,545.6;596.5,417.4;593.0,413.8;600.1,360.4;687.4,294.5;678.5,346.1;639.3,406.7;550.2,428.1;500.3,478.0;461.2,467.3
74#610.6,683.5;607.1,589.3;635.0,543.9;579.2,540.4;502.4,537.0;502.4,631.1;607.1,543.9;593.1,414.9;593.1,411.4;600.1,352.1;685.6,294.5;676.8,341.6;638.5,404.4;551.3,425.3;502.4,470.7;460.6,470.7
75#611.7,692.8;611.7,598.5;628.1,545.2;574.9,541.1;497.0,528.8;497.0,619.0;603.5,545.2;591.2,414.0;591.2,414.0;591.2,352.6;681.4,282.9;669.1,340.3;636.3,401.7;546.2,422.2;501.1,467.3;451.9,475.5
76#612.2,699.7;616.5,605.1;625.1,536.4;569.3,536.4;491.9,514.9;491.9,609.4;595.0,536.4;590.7,411.7;590.7,416.0;590.7,351.5;685.3,278.4;668.1,338.6;629.4,398.8;543.5,420.3;491.9,463.3;444.6,480.5
77#614.3,707.2;618.6,608.9;618.6,536.2;563.0,532.0;494.7,506.3;486.1,591.8;588.7,532.0;584.4,408.0;584.4,412.3;593.0,348.2;687.0,279.8;669.9,335.4;627.1,395.2;541.7,416.6;490.4,455.0;456.2,455.0
78#619.2,708.4;623.6,608.6;614.9,530.5;558.5,530.5;484.7,495.8;484.7,582.6;588.8,530.5;580.2,404.6;584.5,409.0;584.5,348.2;688.7,278.8;671.3,335.2;627.9,391.6;536.8,417.7;476.0,452.4;467.3,439.4
79#623.7,712.6;623.7,617.1;611.3,530.0;557.3,525.8;482.6,484.3;482.6,571.5;582.2,530.0;582.2,401.3;582.2,405.4;578.1,347.3;686.0,289.2;673.5,343.2;623.7,388.8;536.6,413.7;470.2,446.9;470.2,422.0
80#630.7,706.1;626.9,617.7;607.7,525.5;553.9,521.7;477.0,467.9;480.9,564.0;584.6,521.7;580.8,402.6;580.8,406.4;573.1,345.0;682.6,304.6;676.8,348.8;623.0,391.1;530.8,414.1;461.7,433.3;473.2,410.3
81#633.8,710.0;621.2,613.3;600.1,533.4;549.7,525.0;482.4,466.1;482.4,558.6;570.7,529.2;574.9,403.0;574.9,407.2;570.7,344.2;688.4,310.5;680.0,361.0;621.2,390.4;528.6,411.5;453.0,424.1;482.4,386.2
82#635.5,706.3;624.3,617.3;598.4,528.4;542.8,521.0;483.5,457.9;483.5,550.6;572.4,524.7;572.4,406.0;572.4,406.0;565.0,346.7;689.2,322.6;679.9,369.0;620.6,394.9;531.7,409.7;453.8,406.0;487.2,369.0
83#636.5,701.7;618.6,615.8;593.5,533.4;539.8,522.6;478.9,454.6;486.1,547.7;568.5,526.2;572.0,404.4;572.0,408.0;564.9,343.5;688.5,327.4;679.5,375.8;618.6,397.3;529.1,408.0;453.8,390.1;496.8,354.3
84#632.4,698.3;618.2,616.6;593.3,534.9;540.0,524.2;469.0,453.1;486.7,552.6;568.5,527.7;568.5,403.4;568.5,407.0;564.9,343.0;687.5,327.0;682.1,382.1;614.6,399.8;525.8,407.0;461.9,371.4;497.4,339.5
85#631.8,690.6;617.5,615.3;592.4,525.6;538.6,522.1;513.5,514.9;484.8,557.9;563.7,525.6;567.3,403.7;567.3,407.3;563.7,342.8;687.4,330.2;682.0,385.8;613.9,400.1;520.7,400.1;470.5,357.1;500.9,330.2
86#625.6,691.5;613.4,610.4;589.1,529.2;536.3,525.2;508.0,529.2;479.6,577.9;560.7,525.2;564.7,399.4;564.7,399.4;564.7,338.6;690.5,346.7;678.3,395.4;609.4,399.4;524.2,391.3;479.6,342.6;516.1,302.1
87#623.2,691.8;610.4,605.3;588.0,531.6;533.6,522.0;475.9,490.0;491.9,576.5;559.2,525.2;565.6,397.1;565.6,400.3;565.6,339.4;690.5,349.0;677.7,397.1;607.2,397.1;523.9,387.5;488.7,333.0;509.5,302.6
88#621.7,686.8;607.9,604.0;583.7,524.6;532.0,521.2;483.6,503.9;490.5,583.3;556.1,521.2;566.5,396.9;566.5,396.9;568.2,336.5;687.3,352.1;676.9,403.8;607.9,396.9;525.1,396.9;500.9,348.6;499.2,329.6
89#615.4,685.2;608.6,596.6;581.3,518.2;530.2,518.2;472.2,501.2;492.7,589.8;554.0,518.2;567.7,392.1;567.7,395.5;569.4,329.0;683.5,361.4;673.3,405.7;608.6,395.5;530.2,392.1;540.4,429.6;564.3,443.2
90#612.7,677.9;609.3,590.1;582.3,519.2;528.3,509.1;467.6,499.0;491.2,590.1;555.3,515.9;568.8,394.4;568.8,391.0;570.5,331.9;683.6,367.4;673.4,411.2;609.3,394.4;531.7,391.0;548.6,418.0;592.4,445.0
91#602.9,671.4;609.7,583.0;582.5,518.4;528.1,508.2;473.7,501.4;487.3,596.6;555.3,508.2;575.7,389.2;575.7,385.8;579.1,321.2;684.5,368.8;670.9,413.0;616.5,389.2;541.7,382.4;528.1,317.8;565.5,413.0
92#593.4,663.7;610.2,579.6;583.3,505.7;529.5,502.3;475.8,509.1;489.2,603.2;556.4,502.3;583.3,384.7;583.3,381.3;583.3,320.8;684.2,374.6;674.1,418.3;623.7,388.0;546.3,378.0;549.7,408.2;593.4,414.9
93#588.4,648.3;611.3,566.4;581.8,500.9;529.4,497.6;480.2,514.0;486.8,609.0;555.6,500.9;588.4,382.9;585.1,379.6;590.0,319.0;683.4,379.6;673.6,422.2;627.7,389.4;549.0,376.3;552.3,409.1;572.0,422.2
94#581.8,634.9;610.7,561.0;585.0,496.8;530.3,493.6;488.6,519.3;485.4,615.7;559.3,496.8;591.4,381.1;591.4,374.7;593.0,312.0;687.8,384.3;671.7,426.1;633.2,387.6;556.1,371.5;556.1,406.8;601.0,400.4
95#580.6,623.8;609.9,552.2;590.4,496.8;535.0,490.3;492.7,529.4;486.2,620.6;564.3,496.8;596.9,379.6;596.9,373.1;598.5,309.6;691.3,395.9;675.0,425.2;639.2,386.1;557.8,369.9;564.3,405.7;603.4,395.9
96#581.4,604.8;611.7,544.2;596.6,492.7;539.0,489.6;499.6,541.2;487.5,629.1;569.3,492.7;602.6,374.5;602.6,371.4;607.2,309.3;693.6,398.7;678.4,429.0;645.1,383.5;563.2,362.3;528.4,315.3;516.2,309.3
97#582.2,588.5;622.3,517.6;600.7,492.9;545.2,486.7;505.1,554.6;483.5,634.8;573.0,489.8;606.9,372.6;606.9,372.6;617.7,312.5;699.4,409.6;680.9,431.2;650.1,385.0;566.8,360.3;523.6,320.2;525.2,306.3
98#581.0,574.6;625.6,510.9;600.1,495.0;549.2,485.5;511.0,561.8;476.1,638.2;574.7,491.8;609.7,370.9;609.7,367.8;616.0,307.3;698.8,418.7;682.9,437.8;657.4,383.7;568.3,358.2;523.8,326.4;544.5,289.8
99#588.9,562.0;618.3,503.2;608.5,493.4;556.2,483.6;513.8,568.5;477.9,640.3;582.4,486.9;615.0,372.6;615.0,366.0;623.2,305.6;699.9,421.5;686.9,437.9;660.7,382.4;572.6,359.5;530.1,330.1;551.3,299.1
100#592.9,556.0;622.4,483.9;612.6,493.7;560.1,490.4;514.2,575.7;484.7,644.6;586.4,493.7;619.2,372.4;619.2,369.1;622.4,306.8;711.0,428.1;684.7,441.2;665.1,382.2;576.5,362.5;530.6,336.3;542.1,301.9
101#579.3,557.9;589.7,509.1;621.1,491.6;568.8,488.1;516.5,564.9;492.1,648.6;596.7,491.6;624.6,373.0;621.1,369.5;624.6,306.7;711.8,435.8;690.9,453.3;670.0,383.5;579.3,362.6;530.4,345.1;539.2,301.5
102#598.3,555.0;650.2,509.9;629.4,492.6;574.0,489.2;522.1,561.9;501.3,648.5;605.2,489.2;626.0,374.9;626.0,368.0;627.7,303.9;716.0,440.7;691.8,461.5;674.5,385.3;581.0,361.0;532.5,354.1;542.9,309.1
103#586.9,569.7;594.2,511.8;630.4,493.7;579.7,486.4;525.4,555.2;510.9,649.4;605.1,490.0;630.4,370.5;630.4,370.5;626.8,305.3;710.1,453.8;692.0,461.0;677.5,381.3;583.3,359.6;536.2,359.6;543.5,316.1
104#590.6,570.1;601.2,506.3;636.7,495.6;583.5,492.1;526.7,552.4;519.6,644.6;608.3,492.1;633.1,375.0;629.6,371.5;631.4,302.3;697.0,446.0;700.5,438.9;679.3,382.1;583.5,360.9;533.8,364.4;540.9,321.8
105#592.0,578.5;670.2,479.0;641.8,489.6;588.4,489.6;531.6,557.2;528.0,638.9;613.3,489.6;634.7,372.3;634.7,368.8;634.7,304.8;677.3,436.3;712.9,425.7;680.9,379.4;588.4,361.7;538.7,372.3;542.2,329.7
106#595.9,583.4;679.3,458.3;651.5,486.1;595.9,482.6;536.8,548.6;536.8,632.0;623.7,486.1;637.6,371.4;637.6,368.0;634.1,301.9;686.2,409.7;721.0,416.6;686.2,374.9;592.4,361.0;543.8,374.9;543.8,333.2
107#595.3,585.2;691.3,486.0;654.1,482.9;601.5,482.9;542.6,541.8;542.6,628.5;629.4,482.9;641.7,365.2;638.6,362.1;634.0,301.7;706.8,390.0;728.5,405.5;688.2,371.4;595.3,359.0;545.7,377.6;548.8,337.4
108#603.9,585.9;705.3,522.5;660.9,481.3;603.9,481.3;546.8,532.0;543.7,623.9;632.4,481.3;641.9,360.8;641.9,357.6;634.0,295.8;718.0,383.0;737.0,392.5;689.5,367.1;594.4,357.6;546.8,383.0;546.8,344.9
109#613.0,590.2;673.4,463.0;667.0,482.1;609.8,482.1;552.6,529.8;546.2,622.0;638.4,482.1;638.4,358.1;638.4,358.1;633.6,292.9;737.0,374.0;743.3,377.2;686.1,358.1;593.9,354.9;549.4,386.7;549.4,348.6
110#709.1,503.7;640.6,493.9;670.0,477.6;617.8,477.6;555.9,526.5;546.1,617.8;643.9,477.6;640.6,357.0;640.6,357.0;632.5,293.4;816.7,389.6;751.5,353.7;689.5,353.7;591.7,357.0;552.6,389.6;552.6,353.7
111#642.3,539.3;655.5,519.5;672.0,476.6;619.1,476.6;559.7,516.2;546.5,608.7;645.6,476.6;642.3,354.4;642.3,354.4;634.0,290.0;695.1,308.2;738.0,337.9;688.5,351.1;592.7,357.7;556.4,394.0;553.1,357.7
112#637.7,545.8;634.5,486.2;672.2,480.0;618.8,480.0;559.2,517.6;546.7,602.3;643.9,480.0;640.8,351.4;640.8,351.4;636.1,293.3;698.8,299.6;734.9,316.9;684.7,348.2;593.7,357.6;556.1,395.3;556.1,360.8
113#641.9,551.0;624.9,497.3;675.8,471.8;619.2,480.3;565.5,505.8;548.5,593.4;647.5,480.3;639.0,353.0;639.0,344.6;637.6,300.7;739.4,300.7;722.5,306.4;684.3,341.7;593.8,355.9;559.9,398.3;557.0,370.0
114#638.8,553.5;638.8,460.7;673.6,472.3;618.5,481.0;574.9,478.1;551.7,576.7;647.5,481.0;635.9,350.5;635.9,344.7;638.8,283.8;704.0,279.5;714.2,289.6;679.4,338.9;592.3,353.4;557.5,402.7;554.6,373.7
115#686.6,536.2;663.2,455.9;676.5,479.3;613.0,482.7;572.8,472.6;552.8,566.3;646.4,482.7;633.1,345.5;633.1,342.1;636.4,285.3;689.9,228.4;703.3,278.6;676.5,335.5;586.2,355.5;559.5,405.7;552.8,382.3
116#687.6,543.2;634.8,479.8;673.5,476.3;617.1,476.3;571.3,465.7;553.7,553.8;645.3,476.3;627.7,342.4;631.2,342.4;631.2,282.5;694.7,222.6;698.2,271.9;673.5,328.3;581.9,353.0;557.2,409.3;543.2,388.2
117#639.4,573.4;642.7,479.0;668.7,462.7;613.4,462.7;571.0,452.9;558.0,540.8;642.7,462.7;623.1,339.0;623.1,339.0;626.4,280.4;699.7,233.1;698.0,270.6;668.7,329.2;577.6,355.2;558.0,410.6;545.0,397.6
118#639.1,579.3;642.5,490.8;663.0,460.1;611.9,460.1;571.0,453.3;560.8,528.2;635.7,460.1;618.7,340.9;618.7,337.5;618.7,279.6;697.0,225.1;707.2,272.8;666.4,327.3;574.4,351.1;554.0,412.4;536.9,402.2
119#638.1,582.2;644.6,494.4;660.9,458.6;608.9,458.6;573.1,452.1;563.3,520.4;634.9,458.6;615.4,338.3;615.4,338.3;612.1,276.5;701.6,242.4;712.9,279.8;660.9,322.0;566.6,351.3;550.3,413.1;534.1,416.3
120#633.2,590.8;643.9,505.4;647.4,455.6;601.2,462.8;565.6,441.4;565.6,509.0;626.1,455.6;608.3,338.3;611.9,334.7;604.8,274.3;697.2,242.3;715.0,284.9;654.6,324.1;562.1,349.0;544.3,413.0;540.7,420.1
121#633.2,599.6;643.8,511.3;647.4,447.8;597.9,454.9;576.8,458.4;689.7,574.9;622.6,451.3;601.5,334.9;605.0,331.3;594.4,271.3;696.8,250.2;714.4,292.5;650.9,320.8;555.6,349.0;534.4,412.5;569.7,401.9
122#637.2,605.9;647.7,518.5;640.7,448.6;588.3,455.6;577.8,462.6;682.7,585.0;616.3,452.1;598.8,333.2;598.8,326.2;588.3,266.8;693.2,259.8;710.7,301.8;644.2,315.8;553.3,347.2;528.9,410.1;549.8,420.6
123#640.5,612.7;651.5,524.7;636.8,451.3;585.5,455.0;640.5,513.7;673.5,572.4;611.2,451.3;592.8,326.6;592.8,326.6;581.8,264.3;695.5,271.6;706.5,315.6;640.5,315.6;545.1,341.3;519.5,403.6;545.1,425.7
124#644.6,613.5;644.6,526.3;627.2,446.1;581.9,453.1;616.7,442.6;651.6,543.7;606.3,453.1;588.9,327.6;588.9,320.6;581.9,261.3;693.4,278.8;700.4,320.6;637.7,313.6;543.5,334.6;512.2,393.8;550.5,404.3
125#650.1,613.2;643.3,531.5;622.9,449.8;568.4,449.8;612.7,439.6;643.3,538.3;595.7,449.8;585.5,323.9;585.5,317.1;577.0,254.1;687.6,286.4;694.4,327.3;633.1,313.7;537.8,330.7;500.4,385.1;544.6,395.4
126#651.2,617.5;640.8,527.5;620.1,447.8;561.2,447.8;554.2,433.9;581.9,482.4;592.3,451.2;581.9,323.0;581.9,316.1;573.3,265.9;685.9,295.3;689.4,330.0;627.0,312.6;533.4,326.5;488.4,371.5;530.0,364.6
127#650.0,610.3;643.0,522.4;611.4,441.6;558.6,441.6;583.2,459.2;590.3,504.9;586.8,441.6;576.2,318.7;576.2,318.7;570.9,250.1;685.1,301.1;685.1,339.7;625.4,311.6;527.0,325.7;484.9,357.3;467.3,360.8
128#651.2,604.6;645.1,515.5;607.9,438.9;555.5,440.5;585.9,455.3;590.4,508.8;583.0,439.7;575.9,317.1;575.1,316.3;570.7,249.2;683.9,307.9;681.5,344.9;623.9,311.8;527.8,322.3;480.2,342.9;479.0,338.3
129#652.4,598.9;647.3,508.6;604.3,436.2;552.3,439.4;588.6,451.4;590.5,512.6;579.2,437.8;575.5,315.5;573.9,313.9;570.4,248.4;682.8,314.7;678.0,350.1;622.5,312.0;528.5,319.0;475.4,328.4;490.7,315.8
130#653.6,593.3;649.5,501.7;600.8,433.5;549.1,438.3;591.3,447.5;590.7,516.5;575.4,435.9;575.2,313.9;572.8,311.5;570.2,247.5;681.6,321.5;674.4,355.2;621.0,312.1;529.2,315.6;470.7,314.0;502.3,293.2
131#654.8,587.6;651.6,494.8;597.2,430.8;546.0,437.2;594.0,443.6;590.8,520.4;571.6,434.0;574.8,312.3;571.6,309.1;570.0,246.7;680.4,328.3;670.8,360.4;619.6,312.3;530.0,312.3;466.0,299.5;514.0,270.7
132#658.7,577.7;658.7,482.9;596.6,430.7;547.6,430.7;593.4,447.0;590.1,525.4;570.5,430.7;573.8,313.0;573.8,309.8;570.5,247.7;681.6,335.9;668.5,365.3;619.5,313.0;524.7,306.5;469.2,286.9;511.7,254.2
133#657.9,567.5;657.3,472.5;596.8,428.5;547.8,428.8;590.6,451.8;588.2,530.3;571.0,428.8;573.7,310.4;573.7,307.4;571.3,244.7;677.6,328.8;668.3,358.3;619.3,310.7;525.0,303.7;470.3,282.6;510.8,249.0
134#657.1,557.3;655.9,462.2;596.9,426.3;548.0,426.9;587.9,456.7;586.3,535.2;571.4,426.9;573.6,307.7;573.6,305.0;572.1,241.6;673.6,321.7;668.0,351.3;619.1,308.3;525.2,300.9;471.3,278.4;510.0,243.7
135#656.3,547.1;654.4,451.8;597.1,424.1;548.2,425.0;585.1,461.5;584.4,540.1;571.9,425.0;573.5,305.1;573.5,302.5;572.8,238.6;669.6,314.5;667.8,344.3;618.9,306.0;525.5,298.1;472.4,274.1;509.1,238.5
136#655.6,537.0;653.0,441.4;597.3,421.8;548.4,423.1;582.4,466.3;582.6,545.1;572.4,423.1;573.4,302.4;573.4,300.1;573.6,235.6;665.6,307.4;667.6,337.2;618.7,303.7;525.7,295.2;473.5,269.9;508.2,233.3
137#654.8,526.8;651.6,431.1;597.5,419.6;548.6,421.2;579.6,471.1;580.7,550.0;572.8,421.2;573.3,299.8;573.3,297.7;574.4,232.5;661.6,300.3;667.4,330.2;618.5,301.4;526.0,292.4;474.5,265.6;507.4,228.0
138#654.0,516.6;650.2,420.7;597.6,417.4;548.8,419.3;576.9,476.0;578.8,554.9;573.3,419.3;573.2,297.1;573.2,295.3;575.2,229.5;657.6,293.2;667.1,323.2;618.3,299.0;526.2,289.6;475.6,261.4;506.5,222.8
139#653.2,506.4;648.8,410.4;597.8,415.2;549.0,417.4;574.1,480.8;576.9,559.8;573.7,417.4;573.1,294.4;573.1,292.9;576.0,226.4;653.6,286.1;666.9,316.2;618.1,296.7;526.5,286.8;476.6,257.1;505.7,217.5
140#652.4,496.2;647.3,400.0;598.0,413.0;549.2,415.5;571.4,485.6;575.0,564.7;574.2,415.5;573.1,291.8;573.1,290.4;576.7,223.4;649.6,278.9;666.7,309.2;617.9,294.4;526.8,284.0;477.7,252.8;504.8,212.3
141#651.6,486.0;645.9,389.6;598.1,410.8;549.4,413.6;568.6,490.5;573.1,569.6;574.7,413.6;573.0,289.1;573.0,288.0;577.5,220.4;645.6,271.8;666.4,302.2;617.7,292.0;527.0,281.2;478.8,248.6;503.9,207.1
142#650.8,475.8;644.5,379.3;598.3,408.6;549.6,411.7;565.9,495.3;571.2,574.5;575.1,411.7;572.9,286.5;572.9,285.6;578.3,217.3;641.6,264.7;666.2,295.2;617.5,289.7;527.3,278.4;479.8,244.3;503.1,201.8
143#650.1,465.7;643.1,368.9;598.5,406.3;549.8,409.8;563.1,500.1;569.4,579.5;575.6,409.8;572.8,283.9;572.8,283.2;579.1,214.3;637.6,257.6;666.0,288.1;617.3,287.4;527.5,275.5;480.9,240.1;502.2,196.6
144#649.3,455.5;641.6,358.5;598.7,404.1;550.0,407.9;560.4,504.9;567.5,584.4;576.1,407.9;572.7,281.2;572.7,280.7;579.8,211.3;633.6,250.4;665.8,281.1;617.1,285.1;527.8,272.7;482.0,235.8;501.3,191.4
145#648.5,445.3;640.2,348.2;598.8,401.9;550.2,406.0;557.6,509.8;565.6,589.3;576.5,406.0;572.6,278.6;572.6,278.3;580.6,208.2;629.6,243.3;665.5,274.1;616.9,282.7;528.0,269.9;483.0,231.6;500.5,186.1
146#647.7,435.1;638.8,337.8;599.0,399.7;550.4,404.1;554.9,514.6;563.7,594.2;577.0,404.1;572.5,275.9;572.5,275.9;581.4,205.2;625.6,236.2;665.3,267.1;616.7,280.4;528.3,267.1;484.1,227.3;499.6,180.9
147#652.3,439.1;640.1,328.9;603.4,398.3;550.3,406.4;554.4,496.2;558.5,594.1;574.8,406.4;574.8,275.9;574.8,275.9;583.0,206.5;611.5,222.8;660.5,247.3;615.6,275.9;529.9,267.7;485.0,235.1;503.4,200.4
148#658.8,447.0;630.5,374.3;602.2,398.5;549.6,402.6;553.7,487.5;553.7,592.6;577.9,402.6;573.9,273.2;573.9,277.2;582.0,204.5;602.2,208.5;650.7,236.8;614.3,273.2;529.4,265.1;484.9,244.9;503.1,198.4
149#651.5,454.4;647.7,366.7;602.0,393.4;548.6,408.7;548.6,488.7;544.8,584.1;575.3,401.1;571.5,267.6;571.5,271.4;579.1,206.6;588.6,193.3;640.1,218.1;613.4,271.4;529.5,263.8;483.8,256.2;502.8,206.6
150#653.1,474.7;653.1,380.9;604.4,399.7;551.9,410.9;540.6,482.2;536.9,575.9;578.1,399.7;570.6,264.7;570.6,264.7;574.4,200.9;580.0,180.3;626.9,212.2;615.6,268.4;525.6,264.7;484.4,260.9;503.1,215.9
151#649.2,482.0;649.2,383.3;607.5,394.7;554.3,406.1;535.3,474.4;527.7,565.5;580.9,402.3;569.5,261.8;569.5,261.8;569.5,201.0;579.0,168.8;618.9,201.0;615.1,265.6;527.7,261.8;486.0,269.4;505.0,223.8
152#650.0,485.9;642.4,394.8;612.0,394.8;551.3,402.4;528.5,463.1;517.2,558.0;581.7,398.6;566.5,262.0;570.3,262.0;562.7,193.7;572.2,153.9;604.4,189.9;608.2,258.2;524.7,258.2;483.0,277.2;505.8,231.7
153#648.4,488.8;644.6,401.3;614.2,386.1;553.3,397.5;515.2,450.8;507.6,542.1;583.7,397.5;564.7,256.8;564.7,256.8;557.1,192.1;566.6,148.3;595.1,180.7;606.6,253.0;519.1,256.8;484.8,283.4;507.6,237.7
154#650.1,497.6;639.5,406.3;611.4,385.2;548.2,388.7;506.1,437.9;499.1,532.7;579.8,388.7;558.8,251.8;558.8,248.3;551.7,188.6;571.0,162.2;583.3,178.0;597.4,248.3;513.1,258.8;488.5,290.4;506.1,244.7
155#648.2,507.0;641.1,418.7;612.8,383.4;545.7,386.9;492.7,422.2;485.6,517.6;581.0,386.9;552.8,249.1;556.3,245.6;542.2,185.5;565.1,159.0;574.0,178.4;591.6,242.0;510.4,256.2;489.2,291.5;506.8,245.6
156#649.6,516.3;639.7,426.6;609.8,380.2;546.7,380.2;483.6,406.7;473.7,503.0;576.6,380.2;546.7,244.0;546.7,244.0;536.7,180.9;546.7,254.0;576.6,277.2;586.5,240.7;503.5,250.7;490.3,300.5;496.9,244.0
157#649.3,522.9;635.8,431.7;602.0,377.6;541.2,377.6;477.0,387.8;460.1,489.1;575.0,377.6;544.6,242.5;541.2,239.1;534.4,174.9;547.9,256.0;571.6,178.3;581.7,235.7;500.6,249.2;490.5,303.3;517.5,276.3
158#648.0,516.5;630.9,432.4;598.0,372.6;536.5,372.6;467.1,374.6;452.0,472.6;569.5,372.6;536.9,237.8;534.6,234.6;525.3,172.8;540.5,220.7;569.6,168.9;574.0,226.7;494.2,247.1;478.9,298.3;495.0,275.6
159#646.8,510.1;626.1,433.1;593.9,367.5;531.8,367.5;457.2,361.5;444.0,456.0;564.0,367.5;529.1,233.2;528.0,230.2;516.3,170.7;533.1,185.4;567.6,159.5;566.2,217.6;487.9,244.9;467.4,293.4;472.6,274.8
160#645.5,503.7;621.2,433.8;589.9,362.5;527.1,362.5;447.3,348.3;435.9,439.5;558.5,362.5;521.4,228.5;521.4,225.7;507.2,168.6;525.7,150.1;565.6,150.1;558.5,208.6;481.5,242.8;455.8,288.4;450.1,274.1
161#657.4,526.1;621.6,436.6;582.2,354.2;524.9,361.4;438.9,332.7;428.2,425.9;553.5,357.8;514.1,228.8;514.1,221.7;499.8,164.4;553.5,121.4;571.4,164.4;553.5,210.9;471.2,243.2;442.5,282.6;421.0,271.8
162#656.5,522.0;621.9,428.4;576.8,352.2;521.3,355.6;438.1,317.5;424.3,407.6;545.6,355.6;507.5,227.4;507.5,220.4;493.6,161.5;542.1,130.3;569.9,171.9;549.1,213.5;462.4,237.8;427.7,279.4;441.6,275.9
163#644.7,506.3;615.7,417.7;569.7,353.4;513.9,356.3;435.8,313.8;419.9,400.8;538.9,355.9;502.0,227.5;501.6,221.2;489.2,163.4;538.4,136.6;567.5,173.2;544.2,213.9;456.8,237.0;421.1,266.0;434.7,255.5
164#632.9,490.6;609.5,407.1;562.6,354.7;506.5,356.9;433.5,310.0;415.5,394.0;532.3,356.1;496.5,227.6;495.7,222.1;484.8,165.3;534.7,142.9;565.2,174.6;539.4,214.3;451.2,236.1;414.5,252.7;427.8,235.2
165#621.2,475.0;603.2,396.4;555.6,355.9;499.0,357.6;431.1,306.2;411.0,387.2;525.6,356.4;490.9,227.6;489.7,223.0;480.5,167.1;531.0,149.1;562.9,176.0;534.5,214.7;445.7,235.2;408.0,239.3;420.9,214.8
166#609.4,459.3;597.0,385.7;548.5,357.1;491.6,358.3;428.8,302.5;406.6,380.4;518.9,356.7;485.4,227.7;483.8,223.8;476.1,169.0;527.3,155.4;560.5,177.3;529.6,215.1;440.1,234.4;401.4,225.9;414.0,194.4
167#597.6,443.6;590.8,375.1;541.4,358.4;484.2,358.9;426.5,298.8;402.2,373.6;512.3,356.9;479.9,227.8;477.9,224.7;471.7,170.9;523.6,161.7;558.1,178.7;524.8,215.5;434.5,233.6;394.8,212.6;407.1,174.1
168#585.8,427.9;584.6,364.4;534.3,359.6;476.8,359.6;424.2,295.0;397.8,366.8;505.6,357.2;474.4,227.9;472.0,225.5;467.3,172.8;519.9,168.0;555.8,180.0;519.9,215.9;428.9,232.7;388.2,199.2;400.2,153.7
169#573.6,441.1;576.3,350.8;528.5,356.1;467.4,366.7;419.6,303.0;393.0,374.7;496.6,366.7;472.7,231.3;472.7,231.3;464.7,172.8;539.1,178.1;555.0,220.6;515.2,223.3;424.9,231.3;393.0,188.8;390.4,143.6
170#563.4,416.9;571.7,342.6;522.2,364.6;458.9,364.6;420.3,306.8;390.1,386.6;489.1,364.6;472.6,229.7;472.6,232.5;464.4,171.9;535.9,185.7;552.4,227.0;516.7,227.0;425.8,227.0;392.8,185.7;390.1,141.7
171#551.4,413.6;562.0,334.7;512.0,366.3;456.8,366.3;420.0,321.6;385.8,395.2;485.7,366.3;472.6,229.6;472.6,232.2;467.3,174.3;391.1,145.4;554.1,234.8;514.6,229.6;425.3,234.8;391.1,195.4;393.7,150.7
172#542.1,406.2;553.8,338.1;513.6,365.5;458.1,367.6;418.4,326.2;386.0,401.8;486.6,365.5;472.6,232.6;473.1,231.4;469.9,177.2;433.7,156.6;555.2,237.5;514.0,232.0;427.2,234.9;390.5,201.7;393.8,159.5
173#532.9,398.8;545.5,341.6;515.3,364.7;459.4,368.9;416.9,330.8;386.2,408.4;487.5,364.7;472.6,235.5;473.6,230.5;472.6,180.2;476.4,167.8;556.3,240.2;513.5,234.5;429.0,235.0;389.9,208.0;393.8,168.3
174#523.6,391.4;537.3,345.0;517.0,363.9;460.7,370.1;415.4,335.4;386.4,415.1;488.4,363.9;472.5,238.5;474.1,229.7;475.2,183.1;519.0,179.0;557.4,243.0;512.9,236.9;430.9,235.1;389.3,214.2;393.8,177.2
175#514.4,384.0;529.1,348.4;518.6,363.1;462.0,371.4;413.8,340.0;386.6,421.7;489.3,363.1;472.5,241.5;474.6,228.9;477.8,186.0;561.6,190.2;558.5,245.7;512.3,239.4;432.7,235.2;388.7,220.5;393.9,186.0
176#447.4,404.4;533.9,347.5;516.6,364.8;452.3,374.7;412.8,345.0;385.6,426.6;484.5,364.8;477.1,238.7;477.1,231.3;477.1,174.4;558.7,211.5;556.2,253.5;524.1,236.2;435.0,233.7;388.1,226.3;388.1,184.3
177#458.7,396.2;527.2,350.6;517.0,365.8;453.7,368.3;410.6,350.6;385.2,436.7;486.6,368.3;479.0,239.0;479.0,228.9;479.0,173.1;552.5,218.7;557.6,259.3;524.6,236.5;435.9,228.9;385.2,231.4;390.3,190.8
178#470.2,398.6;470.2,353.7;512.5,361.6;454.4,364.3;412.1,356.4;385.7,443.5;486.1,364.3;480.8,232.3;480.8,227.0;482.1,167.6;557.4,232.3;557.4,261.3;525.7,232.3;433.3,224.3;385.7,234.9;391.0,192.6
179#470.0,395.7;455.3,351.7;514.0,345.8;455.3,348.8;411.3,360.5;384.9,448.6;487.6,348.8;481.8,225.5;481.8,222.5;484.7,163.8;555.1,240.1;558.1,272.4;525.8,225.5;437.7,222.5;387.8,237.2;390.8,204.9
180#473.9,397.5;456.3,338.9;517.8,338.9;456.3,344.8;409.5,362.4;383.1,450.2;488.5,341.9;485.6,221.8;485.6,218.9;490.0,156.0;517.8,271.6;552.9,277.5;532.4,224.8;438.8,216.0;391.9,242.3;391.9,210.1
181#494.5,402.5;518.0,337.9;520.9,335.0;462.2,337.9;412.3,361.4;385.9,449.5;491.6,335.0;488.6,217.6;488.6,214.7;490.1,151.5;518.0,267.5;553.2,279.2;535.6,220.5;438.7,211.7;391.8,246.9;391.8,217.6
182#492.6,411.8;509.9,334.0;524.3,328.2;466.7,328.2;411.9,362.8;386.0,449.3;498.4,328.2;489.7,212.9;489.7,207.2;492.6,146.6;538.7,256.2;564.7,267.7;538.7,212.9;440.7,210.0;397.5,241.7;397.5,218.7
183#491.3,418.3;512.1,335.1;526.9,323.3;470.5,323.3;417.1,350.0;390.4,445.0;497.2,323.3;491.3,207.5;491.3,204.5;494.3,142.2;553.6,293.6;568.5,260.9;538.8,207.5;443.8,204.5;399.3,246.1;399.3,225.3
184#496.0,427.1;498.9,356.9;528.2,318.9;472.6,318.9;422.9,342.3;399.5,441.7;501.9,316.0;493.1,204.9;493.1,202.0;496.0,140.6;542.8,240.0;583.7,248.7;539.9,204.9;443.4,204.9;399.5,248.7;402.4,231.2
185#489.5,431.7;501.5,341.6;531.6,326.6;477.5,323.6;426.4,332.6;405.4,434.7;501.5,326.6;492.5,203.4;492.5,197.4;497.0,138.8;552.6,233.5;591.6,236.5;540.6,203.4;441.5,203.4;402.4,254.5;405.4,236.5
186#491.6,440.2;505.1,350.4;529.6,325.5;476.2,322.4;430.7,329.3;413.8,425.6;499.8,324.9;493.5,201.5;494.1,195.9;498.4,137.1;557.7,215.4;593.2,225.6;541.8,200.3;442.7,202.7;401.2,254.8;403.1,245.1
187#493.6,448.8;508.7,359.2;527.6,324.3;475.0,321.2;435.0,326.0;422.2,416.5;498.1,323.2;494.4,199.6;495.6,194.5;499.8,135.3;562.9,197.2;594.8,214.6;543.1,197.3;443.9,202.0;400.1,255.0;400.9,253.6
188#495.7,457.3;512.3,367.9;525.6,323.2;473.7,319.9;439.3,322.6;430.6,407.4;496.3,321.4;495.4,197.8;497.2,193.0;501.2,133.6;568.0,179.1;596.4,203.7;544.3,194.2;445.1,201.3;398.9,255.2;398.6,262.2
189#497.8,465.9;515.9,376.7;523.6,322.1;472.4,318.7;443.6,319.3;439.0,398.3;494.6,319.7;496.4,195.9;498.8,191.5;502.6,131.8;573.1,161.0;598.0,192.8;545.5,191.1;446.3,200.6;397.8,255.5;396.4,270.8
190#499.8,474.4;519.5,385.5;521.6,320.9;471.2,317.5;447.9,316.0;447.4,389.2;492.9,318.0;497.3,194.0;500.3,190.1;504.0,130.1;578.3,142.8;599.6,181.8;546.8,188.1;447.5,199.9;396.6,255.8;394.1,279.3
191#501.9,483.0;523.1,394.3;519.6,319.8;469.9,316.3;452.2,312.7;455.8,380.1;491.2,316.3;498.3,192.1;501.9,188.6;505.4,128.3;583.4,124.7;601.2,170.9;548.0,185.0;448.7,199.2;395.5,256.0;391.9,287.9
192#505.4,501.9;523.2,405.6;523.2,319.9;466.1,316.3;466.1,309.2;466.1,377.0;494.7,319.9;501.8,191.5;501.8,187.9;505.4,127.2;587.4,120.1;601.7,170.0;548.2,180.7;448.3,195.0;394.8,252.1;394.8,291.4
193#505.5,504.8;527.7,412.6;524.0,320.4;468.6,313.0;501.8,320.4;542.4,390.5;494.5,316.7;501.8,187.5;505.5,187.5;505.5,124.8;583.0,135.9;601.5,180.2;546.1,180.2;453.9,194.9;391.2,246.6;394.9,272.4
194#509.3,510.2;524.1,417.4;524.1,324.7;472.2,317.2;535.3,343.2;557.5,395.2;501.9,321.0;501.9,187.4;501.9,191.1;503.7,122.4;590.9,146.5;602.1,191.1;542.7,179.9;453.6,191.1;386.8,243.0;409.1,269.0
195#513.5,507.7;524.2,422.2;524.2,319.0;474.4,315.4;534.9,333.2;559.8,404.4;499.3,319.0;499.3,190.8;502.9,190.8;504.6,128.5;588.3,155.2;599.0,201.5;545.6,180.1;453.0,190.8;385.4,233.5;421.0,251.3
196#518.8,511.7;529.2,428.1;525.7,327.1;473.5,316.7;536.2,334.1;557.1,417.7;501.4,320.2;501.4,191.3;501.4,187.8;510.1,133.9;588.4,163.5;598.9,212.2;546.6,187.8;456.1,191.3;386.4,222.7;428.2,229.6
197#521.3,513.4;535.1,420.4;528.2,327.4;473.0,327.4;531.6,348.1;555.7,430.8;500.6,327.4;504.1,193.0;504.1,186.1;509.2,150.0;586.7,175.8;593.6,220.6;545.4,193.0;455.8,193.0;386.9,213.7;438.6,206.8
198#525.2,507.0;545.9,413.6;525.2,320.2;473.3,316.8;532.1,347.9;525.2,458.6;497.5,320.2;504.4,195.7;504.4,192.3;513.1,135.2;584.0,188.8;594.4,230.3;549.4,195.7;459.5,192.3;390.3,206.1;431.8,195.7
199#533.9,495.6;556.8,407.2;524.1,325.3;475.0,325.3;530.6,345.0;514.3,420.3;501.2,325.3;504.4,194.3;507.7,191.0;515.9,143.5;586.3,197.6;592.9,236.9;547.0,197.6;461.9,191.0;396.3,194.3;445.5,194.3
200#546.3,491.7;569.6,395.2;529.7,328.6;479.7,325.3;536.3,345.2;519.7,428.4;503.0,325.3;509.7,198.8;509.7,195.5;521.3,140.6;589.6,205.5;592.9,245.4;553.0,198.8;466.4,192.1;406.5,182.2;456.4,185.5
201#560.8,479.4;581.8,381.2;529.2,328.6;480.2,328.6;536.3,346.2;522.2,444.3;504.7,328.6;511.7,198.9;511.7,198.9;524.0,130.6;592.4,216.4;592.4,251.5;557.3,202.4;469.6,195.4;417.1,174.4;490.7,227.0
202#571.6,467.2;592.3,370.8;530.3,322.6;482.1,326.1;540.6,357.1;519.9,450.0;506.2,326.1;513.1,202.1;513.1,198.7;525.1,135.0;595.7,226.2;592.3,257.2;557.8,205.5;471.7,191.8;427.0,160.8;476.9,135.0
203#588.5,457.1;598.7,358.9;530.9,325.0;483.5,331.8;530.9,365.6;520.8,460.5;507.2,328.4;517.4,203.1;517.4,199.7;529.2,137.0;598.7,240.3;591.9,264.0;564.8,209.8;476.7,196.3;490.3,243.7;517.4,230.2
204#607.6,446.6;611.0,352.0;533.3,325.0;486.0,331.7;529.9,379.0;519.8,473.7;506.3,328.4;519.8,203.3;523.2,200.0;528.2,137.5;604.3,247.3;594.1,267.5;563.7,210.1;482.6,196.6;486.0,243.9;516.4,237.1
205#621.1,433.0;614.2,340.3;538.7,326.6;487.2,336.9;531.9,385.0;518.1,481.0;511.3,330.0;525.0,203.1;525.0,199.6;530.1,132.7;610.8,258.0;593.6,271.7;569.6,209.9;483.8,199.6;487.2,247.7;518.1,244.3
206#632.1,418.9;621.1,327.3;540.5,327.3;489.2,331.0;529.5,386.0;518.5,484.9;511.2,331.0;529.5,202.8;529.5,199.1;531.3,138.6;613.8,261.4;599.1,268.7;569.8,206.4;489.2,199.1;485.5,246.7;511.2,272.4
207#635.8,404.0;621.7,313.3;546.4,322.7;493.3,329.2;526.9,394.2;518.2,493.8;516.1,326.5;532.3,200.6;532.3,196.8;534.8,133.5;622.2,292.3;608.4,264.8;574.0,204.4;491.9,195.5;492.2,243.4;516.1,263.2
208#639.4,389.1;622.2,299.2;552.2,318.1;497.4,327.5;524.3,402.4;518.0,502.8;520.9,322.1;535.1,198.4;535.1,194.5;538.4,128.5;630.6,323.1;617.6,260.8;578.2,202.3;494.7,191.8;498.8,240.0;520.9,254.0
209#643.1,374.2;622.8,285.2;558.1,313.5;501.5,325.7;521.7,410.6;517.7,511.7;525.8,317.6;537.9,196.2;537.9,192.2;541.9,123.4;639.0,354.0;626.9,256.9;582.4,200.3;497.4,188.2;505.5,236.7;525.8,244.8
210#554.8,542.5;572.5,427.2;563.7,316.3;510.4,325.2;519.3,413.9;519.3,515.9;537.0,320.7;541.5,192.1;541.5,192.1;545.9,116.7;643.5,351.8;643.5,272.0;585.8,196.6;501.6,187.7;510.4,236.5;545.9,267.5
211#552.7,553.0;585.0,432.9;566.5,308.3;520.4,317.5;511.1,428.3;525.0,520.7;543.5,312.9;543.5,188.2;543.5,188.2;543.5,109.7;640.4,340.6;645.0,262.1;589.6,192.8;501.9,179.0;432.6,188.2;414.2,197.5
212#559.8,542.8;586.7,434.8;574.3,309.1;525.0,316.6;513.4,427.7;521.4,518.6;549.7,313.5;548.3,186.4;548.3,186.4;555.0,112.8;650.2,288.0;650.6,241.0;593.7,189.5;507.3,180.3;466.4,198.4;464.8,208.6
213#566.9,532.7;588.3,436.7;582.2,309.9;529.5,315.6;515.8,427.2;517.7,516.6;555.8,314.1;553.2,184.7;553.2,184.7;566.5,115.8;660.1,235.5;656.3,219.9;597.9,186.2;512.7,181.6;500.3,208.6;515.4,219.7
214#574.0,522.5;590.0,438.6;590.0,310.7;534.1,314.7;518.1,426.6;514.1,514.5;562.0,314.7;558.0,182.9;558.0,182.9;578.0,118.9;669.9,182.9;661.9,198.8;602.0,182.9;518.1,182.9;534.1,218.8;566.0,230.8
215#580.7,523.0;595.7,436.6;591.9,312.7;539.3,320.2;520.6,425.3;516.8,511.7;565.6,316.4;565.6,185.0;565.6,181.2;582.5,123.0;625.7,166.2;670.8,185.0;603.2,185.0;524.3,188.7;539.3,211.2;569.4,237.5
216#586.0,525.1;597.8,430.2;589.9,311.7;542.5,315.7;522.8,426.3;518.8,513.2;566.2,315.7;570.2,185.3;570.2,181.3;589.9,122.1;625.5,137.9;665.0,169.5;609.7,189.2;530.7,181.3;530.7,205.0;589.9,205.0
217#590.6,525.1;601.9,427.4;594.4,310.9;545.5,314.7;526.8,423.7;523.0,513.8;571.8,314.7;575.6,183.2;575.6,183.2;594.4,123.0;620.7,123.0;665.8,164.4;613.2,186.9;534.3,179.4;539.9,109.9;577.5,102.4
218#588.7,526.4;603.8,424.2;600.0,310.7;550.8,318.3;531.9,424.2;520.5,515.1;573.5,314.5;577.3,182.0;577.3,185.8;596.2,125.2;626.5,113.9;660.6,151.7;619.0,189.6;535.7,178.2;528.1,121.4;567.9,104.4
219#589.4,525.1;619.5,299.4;608.2,314.4;555.5,322.0;533.0,419.8;517.9,517.6;585.6,318.2;581.9,182.8;581.9,186.5;596.9,122.6;625.1,105.7;657.1,141.4;627.0,190.3;540.5,179.0;533.0,126.4;565.0,105.7
220#590.4,522.8;613.3,427.2;613.3,320.2;556.0,324.0;533.0,419.6;517.7,519.0;586.6,324.0;582.7,190.1;582.7,190.1;598.0,129.0;630.5,100.3;651.6,136.6;628.6,190.1;540.7,178.7;531.1,100.3;567.4,117.5
221#591.8,517.4;599.8,429.9;615.7,322.6;556.0,334.5;536.2,422.0;516.3,517.4;587.8,322.6;587.8,187.5;587.8,191.5;595.8,131.8;633.5,90.1;647.5,131.8;631.6,191.5;552.1,187.5;536.2,139.8;530.2,90.1
222#591.3,514.7;595.1,418.9;621.9,330.7;564.4,334.5;537.6,415.0;522.2,510.9;595.1,334.5;591.3,192.7;591.3,196.5;595.1,135.2;635.3,98.7;648.8,127.5;637.3,192.7;549.1,188.8;529.9,154.3;497.3,98.7
223#593.1,510.8;596.9,389.3;631.1,332.3;570.3,336.1;539.9,412.1;520.9,507.0;600.7,332.3;593.1,191.7;596.9,199.3;596.9,138.5;636.8,98.6;650.1,130.9;638.7,191.7;547.5,191.7;520.9,157.5;500.0,98.6
224#590.1,504.6;590.1,418.5;631.3,332.4;571.4,332.4;537.7,407.3;522.7,500.9;601.3,332.4;597.6,197.6;597.6,205.1;597.6,141.4;644.4,94.6;653.8,130.2;638.8,193.8;560.2,197.6;507.7,156.4;500.2,107.7
225#588.6,419.3;592.2,364.1;636.4,331.1;577.5,331.1;537.1,397.2;518.7,489.1;606.9,331.1;595.9,195.1;595.9,198.7;599.6,139.9;649.2,101.3;658.4,132.6;640.0,187.7;551.8,195.1;504.0,165.7;500.3,117.9
226#590.0,429.3;603.6,364.4;641.2,333.6;579.7,333.6;538.7,378.0;518.2,480.5;610.5,333.6;600.2,197.0;600.2,197.0;596.8,138.9;646.3,106.4;665.1,138.9;641.2,190.1;552.4,197.0;508.0,173.1;497.7,125.2
227#598.6,427.9;591.6,347.8;636.9,330.4;581.2,333.9;535.9,372.2;518.5,473.2;609.0,333.9;598.6,198.1;598.6,205.0;595.1,145.8;647.3,107.5;671.7,149.3;640.4,191.1;553.3,198.1;504.5,180.7;494.1,135.4
228#597.0,436.5;587.2,358.2;639.4,338.6;587.2,335.3;534.9,358.2;515.3,459.4;613.3,335.3;600.2,201.4;600.2,198.2;590.4,139.4;650.8,111.6;675.3,155.7;639.4,191.6;557.8,201.4;502.3,191.6;495.7,145.9
229#594.6,442.8;588.0,343.1;644.5,333.1;588.0,329.8;534.8,349.8;518.2,449.4;614.6,329.8;601.3,196.9;601.3,200.3;588.0,140.5;651.1,120.5;677.7,160.4;641.1,193.6;561.4,203.6;504.9,196.9;495.0,160.4
230#594.2,451.8;594.2,356.5;643.5,336.7;587.6,333.5;528.5,336.7;515.3,438.7;617.2,336.7;600.8,202.0;604.1,202.0;587.6,142.8;650.1,132.9;679.7,165.8;643.5,192.1;561.3,205.3;508.8,202.0;492.3,162.5
231#594.3,462.6;590.8,365.3;642.9,340.9;587.3,334.0;528.2,327.0;514.3,427.8;615.1,337.5;601.2,202.0;601.2,202.0;583.8,142.9;649.9,139.4;681.1,174.2;639.4,195.0;559.5,208.9;514.3,205.4;503.9,174.2
232#593.9,476.8;590.5,381.5;641.6,337.2;583.7,337.2;515.6,320.2;512.2,415.5;614.3,337.2;600.7,204.5;600.7,197.7;578.6,138.1;651.8,150.0;682.4,184.0;638.1,190.8;559.9,207.9;505.4,218.1;495.2,184.0
233#644.4,474.8;593.3,389.6;641.0,331.6;589.9,331.6;514.9,304.3;600.1,485.0;617.2,331.6;600.1,202.1;600.1,198.7;581.4,139.1;654.6,157.8;685.3,191.9;641.0,191.9;555.8,208.9;501.3,229.4;497.9,191.9
234#645.6,490.0;591.3,388.3;645.6,330.6;591.3,327.2;520.1,300.1;513.3,398.4;618.4,327.2;601.5,201.8;598.1,201.8;586.2,139.0;652.3,171.3;689.6,201.8;642.2,191.6;557.4,208.5;493.0,239.1;493.0,205.2
235#598.3,498.6;591.3,396.5;640.6,329.6;587.8,319.1;506.8,294.4;513.8,389.5;615.9,326.1;598.3,199.4;594.8,199.4;586.0,130.8;651.1,178.3;689.8,206.4;640.6,192.4;552.6,206.4;499.8,234.6;499.8,213.5
236#598.1,506.0;598.1,402.3;639.6,322.7;587.7,315.8;504.7,288.1;518.5,381.5;615.4,319.2;594.6,198.2;594.6,198.2;579.1,134.2;646.5,184.3;691.5,212.0;636.2,191.3;553.1,205.1;501.3,239.7;490.9,222.4
237#595.8,511.0;609.9,408.7;638.1,313.5;588.8,306.5;497.1,288.9;518.3,384.0;613.4,310.0;595.8,193.7;592.3,190.1;579.9,128.4;652.2,200.7;698.0,214.8;638.1,186.6;550.0,200.7;497.1,239.5;490.1,225.4
238#598.9,514.1;613.7,410.7;635.9,310.9;584.2,307.2;491.8,288.7;521.3,388.5;610.0,310.9;591.5,188.9;591.5,185.2;578.6,116.9;665.4,192.6;698.7,211.1;639.6,181.5;547.2,196.3;495.5,237.0;488.1,225.9
239#606.3,507.6;624.9,406.8;636.1,309.7;580.1,306.0;490.6,302.3;524.1,399.3;610.0,306.0;591.3,182.8;591.3,179.1;582.0,113.8;666.0,190.3;707.0,201.5;639.9,175.4;546.5,190.3;490.6,227.6;498.0,216.4
240#610.5,505.5;628.7,399.4;632.4,304.4;584.9,300.7;493.5,315.3;526.4,414.1;610.5,304.4;592.2,180.1;588.5,172.8;579.4,116.1;676.3,180.1;705.5,191.0;639.7,172.8;548.3,183.7;486.1,223.9;489.8,293.4
241#618.7,501.0;633.3,398.9;633.3,300.4;578.6,296.8;491.1,325.9;523.9,424.4;604.1,300.4;593.2,176.4;589.5,169.2;580.4,112.6;688.0,176.4;709.9,180.1;640.6,169.2;545.8,176.4;483.8,209.3;520.2,187.4
242#626.0,501.9;633.3,396.0;633.3,301.0;574.9,297.4;498.2,330.3;523.7,428.9;604.1,297.4;593.1,173.2;589.5,165.9;584.0,109.3;680.8,169.6;710.0,165.9;640.6,162.3;545.7,173.2;479.9,195.1;520.1,180.5
243#631.9,494.2;639.3,389.5;630.5,297.0;573.8,292.1;503.7,339.3;523.3,438.0;600.9,293.4;594.8,167.6;593.7,164.0;584.3,102.8;674.2,143.0;706.9,151.3;641.7,157.8;549.3,168.8;490.3,177.1;531.0,154.7
244#637.9,486.5;645.4,382.9;627.6,293.1;572.8,286.8;509.3,348.4;522.8,447.0;597.7,289.3;596.6,161.9;597.9,162.0;584.7,96.4;667.5,116.5;703.8,136.7;642.7,153.2;552.9,164.5;500.6,159.1;541.8,128.9
245#643.8,478.8;651.4,376.4;624.8,289.1;571.7,281.5;514.8,357.4;522.4,456.1;594.5,285.3;598.3,156.3;602.1,160.1;585.0,89.9;660.9,89.9;700.7,122.1;643.8,148.7;556.5,160.1;511.0,141.1;552.7,103.1
246#642.2,465.9;664.0,367.5;627.6,287.2;569.2,287.2;518.2,367.5;525.5,462.3;598.4,287.2;602.1,156.0;602.1,156.0;598.4,90.3;654.9,73.9;693.2,108.6;645.8,148.7;561.9,156.0;529.1,130.4;561.9,94.0
247#642.4,447.8;671.0,358.4;624.5,286.9;567.3,286.9;528.0,372.7;524.5,469.2;595.9,286.9;606.7,151.1;606.7,154.7;606.7,86.8;672.8,70.7;681.7,97.5;649.5,147.5;567.3,151.1;545.9,122.5;578.1,86.8
248#643.6,434.6;677.5,348.0;621.0,283.9;564.5,283.9;534.4,381.9;523.1,472.3;594.7,283.9;606.0,144.5;609.7,148.3;611.6,82.3;664.4,74.8;671.9,82.3;647.4,144.5;568.3,140.7;553.2,121.9;587.1,88.0
249#640.9,417.5;685.4,335.8;622.3,283.8;570.3,283.8;536.8,384.1;514.6,469.6;592.6,283.8;614.9,146.4;611.1,150.1;618.6,83.2;661.3,62.8;670.6,83.2;652.0,150.1;577.7,146.4;570.3,112.9;600.0,83.2
250#637.7,397.8;692.2,325.1;626.8,270.7;572.3,270.7;532.3,379.6;510.5,470.5;597.7,274.3;615.9,147.1;615.9,147.1;623.1,81.7;672.2,65.4;677.6,85.4;655.8,147.1;575.9,143.5;568.7,129.0;597.7,99.9
251#638.0,380.9;695.4,312.7;630.8,280.4;577.0,273.2;526.8,373.7;505.3,470.6;602.1,280.4;620.1,147.7;620.1,147.7;627.3,83.1;672.1,74.1;684.7,97.4;659.6,147.7;580.6,144.1;566.3,144.1;595.0,115.4
252#635.6,361.7;689.7,289.7;635.6,275.3;581.6,271.6;534.7,361.7;502.3,469.8;606.8,275.3;621.2,145.5;624.8,149.1;632.0,84.3;666.3,75.3;689.7,109.5;660.9,145.5;581.6,145.5;570.8,159.9;599.6,116.7
253#637.3,347.6;684.7,292.9;637.3,274.7;586.2,274.7;535.1,365.9;505.9,457.1;611.7,274.7;626.3,147.0;626.3,147.0;633.6,84.9;662.8,81.3;688.3,114.1;662.8,147.0;586.2,147.0;567.9,165.2;600.8,147.0
254#631.5,345.1;667.3,280.8;642.3,287.9;588.6,284.4;545.7,359.4;506.4,452.4;617.2,284.4;631.5,152.1;631.5,148.5;635.1,84.2;663.7,91.4;688.7,127.1;670.8,148.5;588.6,148.5;570.8,173.6;610.1,173.6
255#509.0,382.4;664.1,285.9;646.9,285.9;595.2,282.4;543.5,361.7;509.0,447.9;622.7,282.4;633.1,151.4;633.1,144.5;638.3,80.7;664.1,96.3;688.2,134.2;677.9,148.0;591.7,151.4;567.6,185.9;609.0,172.1
256#515.2,393.2;575.8,312.4;653.3,288.8;602.8,282.1;545.5,362.9;511.9,440.3;629.7,285.4;636.5,157.5;636.5,147.4;639.8,90.1;666.8,110.3;687.0,137.3;680.2,157.5;596.1,154.1;572.5,191.2;606.2,174.3
257#503.7,405.0;579.5,309.4;655.3,293.0;602.5,289.7;546.5,355.6;516.9,434.6;628.9,293.0;642.1,157.9;642.1,151.3;645.4,92.0;642.1,190.8;671.7,204.0;684.9,157.9;595.9,157.9;572.9,197.4;609.1,180.9
258#643.2,345.3;614.0,309.7;665.8,293.5;607.6,293.5;549.3,348.5;526.7,429.4;636.7,293.5;643.2,160.8;643.2,154.3;649.6,96.1;646.4,193.1;675.5,206.1;688.5,160.8;597.9,160.8;575.2,202.9;610.8,196.4
259#640.1,369.8;624.3,300.1;671.8,296.9;611.6,293.7;554.6,338.1;532.4,423.6;640.1,293.7;646.4,167.0;646.4,157.5;654.4,92.6;652.8,189.2;678.1,201.9;690.8,163.9;598.9,163.9;576.7,211.4;605.3,198.7
260#640.6,378.2;628.2,306.9;674.7,291.4;622.0,291.4;559.9,328.6;541.3,418.5;649.9,291.4;646.8,167.3;646.8,161.1;657.6,97.5;668.5,198.3;708.8,247.9;693.3,164.2;603.3,167.3;575.4,220.0;590.9,207.6
261#645.1,395.6;633.7,315.6;679.5,289.8;628.0,287.0;562.2,324.1;545.1,412.8;653.7,287.0;650.9,166.9;650.9,161.2;660.9,99.7;676.6,198.3;716.6,249.8;696.6,164.0;605.1,166.9;576.5,224.1;588.0,212.6
262#643.2,411.6;637.2,328.7;678.7,293.2;628.4,287.3;566.2,313.9;548.4,405.7;655.0,290.2;652.1,168.8;652.1,165.9;659.5,99.2;681.7,204.4;717.2,248.8;696.5,165.9;604.7,171.8;578.0,228.0;595.8,210.3
263#640.4,420.8;637.4,331.3;682.2,295.4;631.4,289.4;565.7,310.3;547.8,402.9;658.3,292.4;655.3,170.0;655.3,164.0;665.8,99.8;685.2,199.9;721.0,208.8;700.1,167.0;607.5,173.0;577.7,232.7;595.6,208.8
264#689.7,431.3;640.5,333.0;692.7,293.1;637.5,290.0;576.1,299.3;551.5,397.5;662.0,293.1;662.0,170.3;659.0,164.2;669.7,101.2;701.9,197.9;735.7,207.1;705.0,167.2;612.9,176.4;579.1,237.8;619.0,210.2
265#644.6,437.0;641.5,339.5;693.3,296.9;638.5,293.9;577.6,296.9;550.2,394.3;665.9,296.9;662.8,175.1;665.9,166.0;670.4,106.6;714.6,196.4;748.1,205.6;708.5,169.0;617.2,178.2;580.6,239.1;620.2,214.7
266#692.3,448.2;634.4,353.6;695.4,298.7;643.5,295.7;579.5,292.6;549.0,387.2;671.0,298.7;667.9,179.7;667.9,170.6;672.5,117.2;732.0,191.9;762.5,198.0;713.7,173.6;619.1,179.7;576.4,237.7;613.0,222.4
267#645.8,460.5;642.6,364.7;696.9,300.8;645.8,291.2;581.9,288.0;546.7,383.8;671.4,297.6;671.4,182.5;671.4,173.0;673.0,117.0;732.1,182.5;776.8,195.3;722.5,176.2;623.4,182.5;575.5,233.7;613.8,211.3
268#651.0,470.3;644.7,376.4;697.9,307.6;644.7,295.0;582.1,285.7;544.6,376.4;672.9,301.3;676.0,182.4;676.0,173.0;683.8,130.8;732.3,182.4;785.5,188.7;726.0,179.3;629.0,185.5;569.6,226.2;600.9,210.6
269#649.4,481.4;649.4,387.0;696.6,311.6;646.3,299.0;589.7,283.3;542.5,371.3;674.6,305.3;684.0,182.6;680.9,176.4;682.4,133.9;743.8,176.4;794.1,185.8;737.5,179.5;633.7,182.6;567.7,217.2;589.7,210.9
270#648.6,491.7;651.8,391.9;700.1,314.6;648.6,301.7;587.4,279.2;539.1,366.1;674.4,308.1;687.3,185.8;687.3,179.3;685.6,132.6;754.9,150.3;796.8,185.8;732.3,182.5;642.2,182.5;568.1,208.3;577.8,201.9
271#652.7,505.6;659.5,400.7;700.0,316.2;649.3,302.7;578.3,272.3;537.7,360.2;676.4,309.5;689.9,187.8;689.9,181.0;684.8,128.6;767.6,147.2;798.1,187.8;733.8,184.4;649.3,181.0;564.8,197.9;602.0,187.8
272#657.8,509.2;672.3,411.3;704.9,317.0;657.8,302.5;581.7,266.3;538.2,356.9;683.2,306.2;694.1,182.9;694.1,186.5;685.0,115.8;777.4,146.7;802.8,193.8;737.6,182.9;650.6,182.9;567.2,186.5;599.8,157.5
273#660.2,516.9;682.1,422.1;707.6,320.0;660.2,301.8;583.6,258.0;539.8,352.8;685.7,309.1;700.3,185.1;700.3,185.1;683.9,124.9;776.9,155.9;806.0,199.7;744.0,181.4;656.5,181.4;572.7,174.2;601.8,141.3
274#667.5,520.6;693.4,431.9;711.9,321.0;660.2,302.5;586.2,254.4;541.8,350.5;686.0,309.9;700.8,184.2;700.8,187.9;684.2,123.2;774.8,180.5;808.0,210.1;741.5,187.9;660.2,180.5;578.8,162.0;602.8,123.2
275#677.2,519.5;699.9,436.3;715.0,322.9;662.1,304.0;594.0,254.8;552.5,345.6;688.6,311.6;699.9,186.8;699.9,190.6;684.8,126.3;775.5,186.8;802.0,220.8;741.5,190.6;662.1,183.0;590.3,156.5;588.4,120.6
276#683.2,524.8;702.3,429.2;713.8,325.9;664.1,306.7;599.0,249.3;560.8,345.0;687.0,314.4;702.3,191.9;702.3,195.8;690.9,130.7;767.4,195.8;798.0,234.0;744.4,191.9;664.1,184.3;606.7,146.0;589.5,113.5
277#692.8,525.9;708.1,434.3;719.5,323.7;669.9,308.4;605.1,251.2;570.7,346.6;692.8,316.1;704.2,194.0;704.2,194.0;696.6,129.1;765.3,216.9;792.0,243.6;750.0,197.8;666.1,186.4;608.9,148.2;635.6,338.9
278#700.8,528.2;711.8,433.1;722.8,330.7;675.2,308.7;613.0,250.2;583.8,348.9;697.2,319.7;711.8,199.0;711.8,199.0;700.8,136.8;774.0,228.2;785.0,257.5;755.7,202.6;671.6,191.6;609.4,158.7;581.9,131.3
279#706.6,527.5;714.0,431.3;725.1,327.7;676.9,316.6;617.7,249.9;602.9,349.9;699.1,324.0;717.7,205.5;717.7,205.5;706.6,142.6;762.1,242.5;784.3,268.4;762.1,212.9;673.2,194.4;606.6,164.8;590.0,126.0
280#712.2,530.2;716.0,432.2;727.3,334.2;678.3,319.1;621.7,255.1;625.5,364.4;704.7,326.7;723.5,209.8;719.7,206.1;712.2,145.7;757.4,247.5;783.8,273.9;765.0,217.4;678.3,202.3;606.6,179.7;591.6,142.0
281#715.8,527.6;719.3,429.4;729.8,338.2;680.7,320.6;631.6,257.5;638.6,390.8;705.3,327.6;722.8,215.4;722.8,211.9;715.8,148.7;757.9,261.0;785.9,285.5;768.4,222.4;684.2,204.9;610.6,187.3;593.0,152.2
282#716.3,530.8;723.5,430.2;730.7,344.0;684.0,329.6;633.7,265.0;633.7,412.3;709.2,333.2;727.1,218.3;723.5,214.7;719.9,153.6;759.4,275.8;795.4,290.1;766.6,229.1;684.0,207.5;615.8,196.8;594.2,168.0
283#716.6,534.8;726.9,439.3;733.7,350.6;682.5,340.4;648.4,381.3;634.8,422.2;706.4,347.2;726.9,224.4;723.4,224.4;721.7,157.9;761.0,279.0;795.1,299.5;767.8,231.3;682.5,210.8;614.3,210.8;593.9,180.1
284#715.5,537.9;729.0,446.9;739.1,352.6;688.6,339.1;654.9,379.6;641.4,433.5;715.5,349.2;729.0,231.3;729.0,227.9;724.0,162.2;766.1,292.0;803.1,302.1;772.8,238.1;688.6,217.8;621.2,217.8;597.6,187.5
285#713.9,545.8;730.6,452.0;744.0,361.6;690.4,348.2;643.5,324.8;636.8,445.3;717.2,354.9;734.0,234.3;734.0,231.0;725.6,172.4;764.1,298.0;807.7,304.7;777.5,247.7;690.4,224.3;623.4,227.6;600.0,197.5
286#722.1,551.5;736.2,452.5;746.8,360.5;693.8,349.9;651.3,335.7;676.1,420.6;718.5,357.0;732.7,236.7;732.7,236.7;727.4,174.8;771.6,321.6;810.5,307.4;778.7,250.8;686.7,226.1;623.0,236.7;601.8,208.4
287#728.6,559.1;739.1,450.9;749.6,360.2;693.7,353.2;651.9,339.2;679.8,426.5;721.7,356.7;732.1,241.5;732.1,238.0;726.9,180.4;781.0,349.7;812.4,314.8;777.5,252.0;690.3,231.0;623.9,245.0;599.5,220.6
288#734.3,565.4;741.3,461.4;748.2,367.8;692.7,357.4;654.6,347.0;682.3,433.6;720.5,360.8;734.3,243.0;730.9,239.5;725.7,185.8;769.0,326.2;814.1,315.8;779.4,256.8;689.3,232.6;626.9,253.4;599.1,232.6
289#732.9,567.1;743.4,465.4;746.9,370.6;690.8,360.1;655.7,360.1;680.2,444.3;718.8,367.1;732.9,247.8;729.4,244.2;724.1,186.3;764.5,332.0;817.1,314.4;778.5,258.3;690.8,233.7;624.1,261.8;599.5,237.2
290#732.1,568.4;745.9,468.4;745.9,371.8;687.3,361.5;659.7,375.3;680.4,458.1;718.3,368.4;732.1,251.1;728.7,244.2;730.4,190.7;766.6,337.3;814.9,320.1;777.0,261.4;687.3,237.3;625.2,268.3;601.0,251.1
291#735.9,570.6;742.8,471.0;749.7,371.5;687.8,361.1;660.4,381.8;684.4,471.0;718.8,368.0;729.1,254.7;729.1,244.4;734.2,194.6;770.3,350.8;814.9,323.4;773.7,265.0;684.4,241.0;626.0,278.7;602.0,258.1
292#734.2,575.5;740.9,484.4;747.7,373.1;686.9,363.0;660.0,390.0;683.6,484.4;717.3,369.7;730.8,255.1;730.8,244.9;739.2,196.0;767.9,359.6;811.7,325.9;778.0,268.6;683.6,241.6;626.2,282.0;602.6,268.6
293#736.0,579.2;739.3,485.2;742.7,377.7;685.6,367.7;658.7,397.9;682.2,491.9;715.8,374.4;729.3,260.2;729.3,240.1;741.0,214.9;776.3,364.3;809.8,330.7;779.6,270.3;682.2,243.4;625.2,283.7;598.3,273.7
294#736.9,578.2;740.4,486.9;740.4,378.1;684.2,367.5;656.1,413.2;684.2,504.5;712.3,374.5;729.9,258.7;729.9,244.6;742.2,204.2;772.0,367.5;803.6,335.9;782.5,272.7;680.7,244.6;624.5,276.2;596.4,286.7
295#736.5,581.5;736.5,488.5;733.0,374.0;679.3,366.9;657.9,427.7;679.3,520.7;704.4,374.0;729.4,259.6;729.4,245.3;749.1,200.6;768.7,377.6;797.3,338.3;783.0,270.3;679.3,245.3;611.4,277.5;604.2,277.5
296#734.7,582.1;738.3,489.4;731.2,375.4;677.7,368.3;659.9,432.4;677.7,532.2;702.7,371.8;727.6,257.8;727.6,247.1;736.5,188.2;759.7,375.4;788.2,339.7;781.1,268.5;677.7,247.1;602.8,275.6;631.4,261.3
297#735.1,587.0;738.7,490.1;727.9,375.3;677.7,368.1;663.3,447.1;677.7,543.9;702.8,371.7;727.9,256.9;727.9,246.1;736.9,186.9;749.4,364.5;781.7,339.4;781.7,271.2;677.7,246.1;598.7,264.1;652.6,256.9
298#734.9,587.8;738.5,487.4;727.7,376.3;674.0,369.1;666.8,455.2;674.0,555.5;699.0,372.7;724.1,258.0;727.7,250.9;736.7,188.1;745.6,362.0;781.5,336.9;777.9,268.8;674.0,247.3;598.7,258.0;641.7,250.9
299#732.7,585.0;740.0,489.2;729.0,382.2;673.7,374.9;670.0,463.4;673.7,566.6;699.5,382.2;725.3,256.9;725.3,253.2;734.5,192.3;747.4,352.7;780.6,334.3;776.9,267.9;677.3,245.8;599.9,245.8;640.5,216.3
300#733.5,587.1;741.1,492.0;729.7,381.7;676.5,377.9;668.9,476.8;668.9,587.1;703.1,381.7;725.9,256.1;725.9,252.3;727.8,185.7;741.1,343.6;779.2,332.2;775.4,271.3;676.5,244.7;608.0,233.3;634.6,206.6
301#736.2,591.0;744.0,493.5;728.4,380.3;677.6,376.4;669.8,485.7;662.0,594.9;705.0,380.3;724.5,259.3;724.5,259.3;726.4,191.0;740.1,325.7;779.1,329.6;771.3,271.0;677.6,251.5;619.1,220.3;640.6,191.0
302#739.3,597.7;747.1,495.9;731.5,382.3;676.6,382.3;664.9,495.9;661.0,609.4;704.0,382.3;719.7,260.9;719.7,260.9;713.8,188.4;735.4,319.6;774.5,323.6;766.7,272.6;676.6,253.1;641.4,213.9;635.5,188.4
303#748.8,599.7;748.8,496.3;728.9,384.9;677.2,384.9;661.2,500.2;657.3,615.6;705.0,384.9;716.9,265.5;716.9,265.5;707.0,195.9;736.8,309.3;772.6,325.2;760.7,273.5;673.2,257.6;651.3,195.9;720.9,317.2
304#754.2,606.6;754.2,500.5;730.6,394.3;675.6,394.3;659.9,508.3;652.0,622.4;703.1,394.3;711.0,276.4;711.0,272.4;701.1,207.6;734.6,319.6;766.0,327.5;758.1,276.4;667.7,284.2;671.6,323.6;718.8,315.7
