1#642.5,652.8;647.1,552.4;761.2,579.8;738.3,584.3;761.2,712.1;815.9,812.4;742.9,584.3;683.6,461.1;683.6,456.6;660.8,397.3;633.4,351.6;679.0,401.8;715.5,452.0;656.2,465.7;587.8,452.0;569.5,406.4
2#642.4,653.0;647.0,552.4;761.3,579.8;738.5,584.4;761.3,712.5;816.2,813.1;743.0,584.4;683.6,460.9;688.1,460.9;660.7,396.9;628.7,355.7;674.4,401.4;715.6,447.2;656.1,465.5;587.5,451.8;569.2,406.0
3#642.9,654.4;638.5,552.2;754.0,574.5;727.3,583.3;754.0,707.8;807.3,805.5;740.7,583.3;678.4,450.0;678.4,454.5;651.8,392.3;625.1,356.7;674.0,405.6;709.6,445.6;647.3,458.9;580.7,454.5;571.8,405.6
4#635.1,650.7;631.0,560.4;741.8,556.3;709.0,568.7;737.7,695.8;791.0,798.3;725.4,568.7;672.1,449.7;672.1,445.6;651.5,384.1;631.0,421.0;663.8,400.5;704.9,445.6;639.2,453.8;581.8,457.9;569.5,408.7
5#696.1,753.0;699.6,677.8;720.1,554.8;685.9,565.0;692.7,688.1;704.7,758.2;703.0,561.6;658.5,435.2;662.0,435.2;641.5,366.8;624.4,421.5;668.8,455.7;696.1,435.2;627.8,435.2;573.1,455.7;569.7,407.8
6#680.7,728.8;672.6,653.0;702.6,538.3;666.4,547.1;648.7,651.7;672.6,723.5;685.5,544.4;642.4,419.5;645.2,418.8;627.1,350.1;632.8,410.5;670.4,429.7;679.3,416.7;611.1,419.5;552.3,440.6;551.6,402.3
7#665.3,704.7;645.6,628.2;685.1,521.8;646.9,529.2;604.7,615.4;640.5,688.8;668.0,527.2;626.3,403.7;628.4,402.4;612.7,333.4;641.3,399.6;672.0,403.7;662.5,398.2;594.3,403.7;531.5,425.5;533.6,396.8
8#649.8,680.5;618.5,603.5;667.6,505.2;627.3,511.4;560.6,579.0;608.3,654.0;650.6,510.0;610.3,388.0;611.7,385.9;598.4,316.7;649.7,388.6;673.7,377.8;645.8,379.8;577.6,388.0;510.8,410.5;515.5,391.3
9#634.4,656.4;591.5,578.7;650.1,488.7;607.8,493.5;516.6,542.7;576.2,619.3;633.1,492.8;594.2,372.2;594.9,369.5;584.0,300.0;658.2,377.7;675.3,351.8;629.0,361.3;560.8,372.2;490.0,395.4;497.5,385.8
10#619.0,632.2;564.5,553.9;632.6,472.2;588.3,475.6;472.6,506.3;544.1,584.6;615.6,475.6;578.1,356.5;578.1,353.1;569.6,283.3;666.6,366.7;676.9,325.8;612.2,342.8;544.1,356.5;469.2,380.3;479.4,380.3
11#615.1,636.1;571.3,548.6;611.4,461.0;556.7,461.0;429.0,457.4;480.1,552.2;582.3,461.0;567.7,337.0;564.0,340.6;554.9,265.8;571.3,377.1;600.5,380.7;600.5,333.3;527.5,337.0;454.6,340.6;440.0,333.3
12#613.8,637.3;577.9,545.5;589.9,449.7;546.0,445.7;414.2,421.7;426.2,521.6;569.9,445.7;550.0,321.9;550.0,321.9;546.0,254.1;542.0,234.1;613.8,349.9;589.9,318.0;506.0,321.9;426.2,298.0;430.2,250.1
13#611.2,639.8;585.2,540.4;559.3,436.7;494.5,428.1;395.2,384.9;377.9,488.6;529.1,432.4;533.4,302.8;533.4,307.1;542.0,233.7;650.1,354.7;611.2,341.7;572.3,311.4;490.2,298.5;421.1,263.9;403.8,207.8
14#597.6,623.5;571.9,529.3;533.4,426.6;464.9,418.0;375.0,353.8;340.7,452.3;499.1,422.3;507.7,289.6;503.4,285.3;524.8,221.1;477.7,174.0;516.2,233.9;550.5,289.6;469.1,285.3;400.6,251.1;387.8,204.0
15#572.7,608.7;547.5,512.0;513.8,419.4;450.7,402.6;370.8,335.3;316.1,419.4;484.4,415.2;488.6,272.2;488.6,276.4;492.8,204.9;501.2,246.9;505.4,255.3;526.5,276.4;446.5,272.2;370.8,335.3;337.1,394.2
16#539.9,586.3;528.1,484.0;484.8,401.4;425.8,401.4;359.0,318.8;292.1,393.6;453.4,401.4;425.8,259.8;445.5,259.8;484.8,204.8;394.4,212.6;516.3,346.4;425.8,259.8;410.1,255.9;366.8,263.8;390.4,212.6
17#494.6,551.6;505.6,452.3;446.8,404.5;395.2,397.1;332.7,308.8;277.5,378.7;421.0,397.1;435.7,261.0;432.0,257.3;468.8,205.8;292.2,356.6;454.1,316.1;479.9,264.6;402.6,249.9;358.4,272.0;402.6,205.8
18#449.6,521.3;485.1,424.4;417.3,392.1;368.8,379.2;310.7,304.9;262.2,382.4;391.5,382.4;427.0,256.4;417.3,256.4;439.9,188.6;375.3,269.4;430.2,317.8;472.2,253.2;378.5,256.4;378.5,220.9;397.9,220.9
19#403.5,508.4;457.4,412.5;397.5,385.5;349.5,376.5;289.5,304.6;253.6,394.5;376.5,376.5;406.5,259.6;403.5,256.6;423.0,186.1;448.4,211.6;466.4,256.6;445.4,256.6;364.5,256.6;370.5,235.6;388.5,220.6
20#379.1,517.2;417.7,423.9;375.9,369.2;321.2,353.1;256.9,311.3;244.0,414.3;347.0,359.6;388.8,247.0;388.8,240.6;406.5,177.8;453.1,221.3;459.5,269.5;427.4,250.2;347.0,237.3;305.1,269.5;334.1,259.9
21#385.2,528.5;392.0,437.6;365.0,367.0;307.8,350.1;243.9,323.2;247.3,430.9;334.8,360.2;375.1,239.1;378.5,235.7;393.7,173.5;445.8,232.4;452.5,279.5;425.6,242.5;328.0,229.0;267.5,242.5;297.7,239.1
22#365.0,520.5;382.6,429.0;350.9,362.2;294.6,344.6;234.7,334.0;248.8,443.1;322.7,355.1;357.9,224.9;361.4,228.4;377.3,159.8;442.4,256.6;442.4,288.2;410.7,239.0;308.6,210.8;245.3,214.3;287.5,214.3
23#341.4,502.4;379.0,406.7;344.8,355.5;290.1,341.8;238.8,355.5;249.1,461.4;317.5,348.6;351.6,229.0;351.6,225.6;360.2,155.5;447.3,273.4;440.5,304.2;399.5,242.7;296.9,215.3;228.6,184.6;278.1,155.5
24#330.1,471.1;377.5,379.6;336.9,355.9;282.6,349.1;238.6,376.2;252.1,481.3;313.1,352.5;347.0,230.5;347.0,227.1;353.8,156.0;438.5,288.1;425.0,308.4;394.5,244.1;292.8,213.6;231.8,169.5;243.7,127.2
25#330.5,442.0;375.4,369.5;340.9,362.6;285.7,355.7;244.3,404.0;251.2,507.5;316.7,359.1;344.3,231.4;347.8,228.0;358.1,159.0;434.1,338.4;416.8,310.8;396.1,248.7;292.6,214.2;233.9,152.1;218.4,136.5
26#341.2,418.6;366.3,361.4;352.0,361.4;301.9,357.8;251.9,425.7;255.5,529.4;326.9,354.2;352.0,232.7;352.0,225.6;362.7,157.7;448.5,322.1;416.3,314.9;402.0,247.0;298.3,214.8;244.7,179.1;217.9,130.8
27#361.4,396.4;398.8,351.4;368.9,347.7;312.6,347.7;271.4,448.9;256.4,538.8;342.6,347.7;361.4,231.5;361.4,224.0;380.1,156.5;458.8,347.7;425.1,313.9;417.6,246.5;305.1,212.7;237.7,182.8;203.9,171.5
28#390.2,387.4;423.3,339.7;382.9,339.7;327.8,347.0;287.5,457.1;258.1,537.8;357.2,343.3;371.9,225.9;371.9,218.5;392.1,150.6;452.6,365.3;445.3,310.3;426.9,240.6;313.2,207.5;243.4,203.9;221.4,189.2
29#420.4,410.2;413.3,321.2;409.7,335.4;356.3,335.4;295.8,435.1;267.3,538.3;384.8,335.4;381.3,214.3;384.8,210.8;400.8,148.5;448.9,310.5;470.3,299.8;434.7,228.6;327.9,203.7;253.1,217.9;235.3,182.3
30#402.1,429.3;373.4,346.6;420.1,325.1;369.8,328.6;290.7,414.9;287.1,522.7;395.0,325.1;391.4,206.5;391.4,199.3;396.8,132.8;459.6,264.0;495.6,271.1;441.7,213.6;333.9,199.3;262.0,224.4;236.8,195.7
31#401.8,435.2;373.7,351.2;429.8,316.1;384.3,316.1;293.2,396.7;300.2,498.2;405.3,316.1;394.8,193.6;398.3,190.1;401.8,120.0;489.3,228.6;513.8,235.6;447.3,200.6;342.2,193.6;268.7,228.6;237.2,204.1
32#407.2,448.4;373.4,340.5;437.5,316.8;386.9,310.1;289.1,377.6;302.6,475.4;410.5,313.5;397.0,181.9;397.0,185.3;405.5,112.8;471.3,154.9;518.5,188.7;451.0,178.6;346.4,188.7;282.4,235.9;245.3,215.7
33#410.8,469.5;375.6,348.0;438.3,304.9;391.2,304.9;285.4,351.9;297.2,449.9;418.7,308.8;399.1,175.5;403.0,175.5;406.9,108.9;477.5,105.0;516.7,148.1;450.0,163.8;352.0,179.5;289.3,238.3;242.3,218.7
34#409.2,480.2;387.5,372.0;448.8,296.3;394.7,292.6;282.9,325.1;286.5,426.1;423.6,296.3;402.0,166.4;402.0,170.0;407.4,96.0;493.9,88.8;503.0,112.3;448.8,155.6;355.1,173.6;293.7,238.5;239.6,234.9
35#410.5,493.8;398.6,386.9;434.3,299.7;382.8,291.8;264.0,299.7;271.9,398.7;406.6,295.8;398.6,157.1;394.7,165.0;410.5,89.8;495.7,75.9;487.8,83.8;446.2,145.2;347.1,169.0;287.7,228.4;236.2,240.3
36#413.8,505.7;409.8,398.2;421.8,298.7;366.0,286.8;258.6,274.8;262.5,370.4;393.9,294.7;393.9,155.4;393.9,159.4;403.8,81.8;499.4,73.8;483.5,81.8;441.7,143.5;346.1,159.4;282.4,211.1;242.6,223.1
37#421.5,516.3;425.7,416.2;409.0,299.4;358.9,286.9;258.8,253.5;254.6,353.6;383.9,291.1;388.1,149.2;388.1,157.6;394.4,80.4;494.5,72.0;477.8,80.4;434.0,136.7;338.1,165.9;258.8,203.5;254.6,190.9
38#432.0,517.6;424.0,409.7;404.0,289.7;348.0,285.7;260.0,237.8;260.0,333.7;376.0,289.7;384.0,153.8;384.0,157.8;378.0,87.8;481.9,79.8;483.9,109.8;432.0,145.8;336.0,165.8;248.1,181.8;276.0,161.8
39#435.4,518.2;422.6,415.8;397.0,300.5;345.8,292.0;256.1,236.5;268.9,338.9;375.7,296.2;375.7,159.6;375.7,163.9;371.4,87.0;499.5,82.8;491.0,138.3;422.6,151.1;328.7,163.9;243.3,159.6;281.7,121.2
40#429.4,523.5;417.9,419.4;394.8,307.7;337.0,296.1;248.3,257.6;271.4,357.8;367.8,303.8;367.8,161.3;367.8,165.1;369.7,97.7;498.8,115.0;483.4,161.3;417.9,157.4;317.7,157.4;248.3,130.4;300.3,97.7
41#421.9,527.4;413.3,419.6;391.7,307.5;335.7,303.2;240.8,294.5;275.3,398.0;361.5,307.5;370.2,169.5;370.2,173.8;370.2,100.5;495.2,143.6;482.3,182.4;421.9,169.5;318.4,160.8;271.0,113.4;307.6,68.1
42#416.7,524.9;412.7,419.3;388.3,313.7;331.4,305.5;250.2,317.7;274.5,419.3;359.8,313.7;372.0,179.6;372.0,183.7;372.0,106.5;493.9,171.5;481.7,208.0;420.8,183.7;327.3,167.4;290.8,110.5;305.0,88.2
43#402.4,509.9;409.8,410.3;391.3,318.0;328.5,306.9;262.1,343.8;273.2,447.2;358.1,310.6;376.5,181.4;376.5,185.1;385.8,113.1;494.7,199.8;483.6,233.1;424.5,188.8;332.2,166.6;319.3,120.5;380.2,222.0
44#388.9,490.2;411.1,405.1;396.3,320.1;333.5,309.0;274.3,368.2;274.3,475.4;359.4,312.7;388.9,186.9;388.9,186.9;392.6,116.6;499.9,223.9;488.8,253.5;437.0,194.3;340.9,168.4;316.8,111.1;316.8,103.7
45#383.8,461.6;417.0,398.9;402.3,325.1;335.9,317.7;287.9,398.9;273.2,498.5;369.1,321.4;402.3,192.3;402.3,188.6;409.7,122.2;505.6,247.6;483.5,266.1;450.3,199.7;354.3,177.5;313.7,133.3;345.1,98.2
46#379.4,426.0;435.5,362.3;409.3,328.7;349.4,321.2;300.7,418.5;274.5,515.9;379.4,324.9;413.1,197.6;413.1,190.1;424.3,126.5;514.1,272.5;487.9,283.7;461.7,208.8;364.4,182.6;325.1,109.6;340.0,109.6
47#368.7,443.8;397.2,397.5;422.1,336.9;365.1,329.8;308.1,433.1;272.5,522.1;393.6,333.3;422.1,201.5;422.1,198.0;423.9,128.5;468.4,301.3;489.8,287.0;472.0,212.2;372.2,194.4;318.8,187.3;331.2,128.5
48#372.9,472.7;474.8,327.2;434.8,341.7;376.5,338.1;314.7,436.3;285.6,538.2;405.7,341.7;431.1,214.4;431.1,210.7;432.9,147.1;478.4,327.2;500.3,294.4;482.1,221.7;383.8,203.5;318.3,218.0;332.9,170.7
49#386.7,492.3;407.3,423.7;441.6,355.0;390.1,348.2;324.9,440.8;314.6,533.5;417.6,351.6;438.2,221.2;438.2,221.2;436.5,157.7;479.3,341.3;513.7,300.1;489.6,231.5;390.1,207.5;328.4,245.2;338.7,200.6
50#480.1,414.6;436.2,418.0;456.5,360.6;402.4,360.6;334.9,438.3;341.6,519.3;429.4,360.6;443.0,232.3;443.0,232.3;441.3,169.8;486.9,313.3;530.8,299.8;493.6,239.0;388.9,228.9;338.3,269.4;334.9,235.7
51#470.1,445.1;437.8,458.0;466.8,367.8;415.3,367.8;341.2,435.5;350.8,516.0;441.1,367.8;444.3,242.1;444.3,235.7;433.0,182.5;499.1,287.2;541.0,287.2;492.6,242.1;392.7,238.9;344.4,287.2;337.9,258.2
52#472.8,472.2;428.4,396.1;472.8,370.7;425.2,373.9;345.9,431.0;355.5,516.6;450.6,370.7;441.1,247.0;444.3,243.9;430.0,188.4;514.1,256.6;545.8,269.2;488.7,237.5;393.5,250.2;361.8,301.0;336.4,288.3
53#439.8,500.3;423.9,398.8;471.5,376.6;427.1,379.8;351.0,424.2;354.1,519.3;449.3,379.8;439.8,259.2;439.8,252.9;439.8,189.5;477.9,205.3;531.8,240.2;487.4,249.7;389.0,262.4;357.3,325.9;338.3,313.2
54#439.9,528.8;423.5,423.7;472.8,390.9;420.2,390.9;354.5,413.9;347.9,512.4;449.8,390.9;433.4,266.0;436.6,262.8;436.6,197.0;477.7,179.0;505.6,220.0;479.3,259.5;384.1,272.6;357.8,341.6;338.1,328.5
55#439.1,555.2;428.4,451.6;471.2,401.6;414.1,394.5;353.4,405.2;346.2,498.0;442.6,401.6;424.8,276.7;424.8,273.1;424.8,208.8;473.0,174.9;496.2,212.4;471.2,266.0;378.4,283.8;353.4,362.4;339.1,387.4
56#441.2,579.9;430.2,473.2;459.6,403.3;404.4,399.6;352.9,399.6;352.9,484.3;430.2,399.6;415.5,285.6;415.5,281.9;408.1,215.6;479.9,202.8;507.5,223.0;459.6,270.8;364.0,296.6;345.6,366.5;323.5,395.9
57#438.6,601.9;442.3,506.2;445.9,407.0;390.8,410.6;361.4,399.6;372.4,465.8;420.2,410.6;405.5,292.9;405.5,285.6;396.3,221.2;499.3,221.2;504.8,270.9;449.6,274.6;350.3,304.0;335.6,388.6;354.0,440.1
58#449.4,617.3;449.4,517.7;434.1,414.4;376.6,410.5;342.2,402.9;372.8,460.3;403.4,414.4;391.9,284.2;391.9,284.2;382.4,213.4;506.8,268.9;503.0,303.4;437.9,272.7;338.4,299.5;307.7,379.9;311.6,414.4
59#460.8,617.5;449.4,515.0;426.7,408.7;362.1,408.7;369.7,477.0;358.3,492.2;396.3,408.7;381.1,287.2;381.1,283.4;375.4,213.2;502.6,294.8;491.2,317.6;426.7,275.8;327.9,294.8;282.4,359.3;312.8,382.1
60#463.9,612.0;449.5,507.8;417.2,403.5;359.6,407.1;377.6,493.4;348.8,514.9;388.4,403.5;370.4,288.4;370.4,277.6;368.6,225.5;496.3,317.2;471.1,324.4;420.8,281.2;323.7,292.0;258.9,342.4;287.7,331.6
61#468.1,593.2;453.9,501.1;404.3,401.9;351.1,409.0;379.5,508.2;351.1,533.0;375.9,405.5;361.8,285.0;361.8,281.5;367.1,219.5;475.1,320.4;461.0,338.1;414.9,281.5;312.2,288.5;237.8,316.9;266.1,306.3
62#468.1,562.9;461.7,480.6;395.2,395.1;341.4,404.6;373.1,445.7;382.6,531.2;369.9,401.4;357.3,284.3;360.4,277.9;362.0,225.7;480.7,341.2;455.4,344.4;411.1,284.3;306.6,281.1;233.8,281.1;281.3,255.8
63#475.5,532.8;465.3,441.0;387.1,383.2;332.7,400.2;370.1,447.8;380.3,549.8;359.9,390.0;353.1,277.8;356.5,277.8;361.6,211.5;475.5,349.2;451.7,345.8;404.1,281.2;305.5,271.0;244.3,247.2;286.8,211.5
64#478.8,498.8;471.9,402.3;378.8,374.7;330.6,392.0;365.0,464.4;378.8,560.9;354.7,381.6;354.7,271.3;354.7,267.9;354.7,202.4;475.4,367.8;454.7,336.8;403.0,274.8;306.4,264.4;254.7,216.2;280.6,186.9
65#468.3,464.6;468.3,374.4;374.4,359.4;329.3,381.9;359.3,475.9;374.4,569.8;351.8,370.7;355.6,261.7;355.6,257.9;351.8,190.3;464.6,348.1;460.8,325.6;404.4,265.5;310.5,250.4;269.1,201.6;282.3,158.4
66#464.6,456.7;461.6,368.0;378.2,345.3;330.6,365.5;347.9,457.5;360.9,550.3;354.3,355.0;355.1,243.2;354.6,240.0;352.4,173.1;446.8,305.7;448.8,291.1;403.4,246.0;309.1,234.0;268.6,199.1;282.9,157.7
67#460.8,448.8;454.9,361.6;381.9,331.1;331.9,349.2;336.5,439.0;347.3,530.8;356.9,339.2;354.7,224.8;353.7,222.1;352.9,156.0;429.1,263.3;436.7,256.6;402.3,226.5;307.6,217.7;268.2,196.7;283.5,156.9
68#457.1,440.9;448.2,355.2;385.7,317.0;333.2,332.8;325.1,420.6;333.8,511.3;359.4,323.5;354.2,206.3;352.7,204.2;353.5,138.8;411.3,220.9;424.7,222.1;401.3,207.0;306.2,201.3;267.7,194.2;284.1,156.2
69#453.4,432.9;441.6,348.8;389.4,302.9;334.5,316.5;313.8,402.2;320.2,491.9;362.0,307.7;353.7,187.9;351.7,186.2;354.0,121.7;393.5,178.4;412.6,187.6;400.3,187.5;304.7,185.0;267.2,191.8;284.7,155.4
70#449.7,425.0;434.9,342.4;393.2,288.8;335.8,300.1;302.4,383.8;306.7,472.4;364.5,292.0;353.2,169.4;350.7,168.3;354.6,104.5;375.7,136.0;400.6,153.1;399.3,168.0;303.3,168.6;266.7,189.3;285.3,154.7
71#445.9,417.1;428.2,336.0;396.9,274.6;337.1,283.8;291.0,365.3;293.1,452.9;367.1,276.2;352.8,151.0;349.8,150.4;355.1,87.4;358.0,93.6;388.5,118.6;398.2,148.5;301.8,152.3;266.3,186.9;285.9,153.9
72#442.2,409.2;421.5,329.6;400.7,260.5;338.4,267.4;279.6,346.9;279.6,433.4;369.6,260.5;352.3,132.5;348.8,132.5;355.7,70.2;340.2,51.2;376.5,84.1;397.2,129.0;300.4,135.9;265.8,184.4;286.5,153.2
73#443.6,419.3;422.1,336.7;389.7,246.8;335.8,250.4;256.8,318.7;253.2,397.8;364.6,250.4;339.4,124.6;343.0,121.1;343.0,56.4;337.6,36.6;368.2,56.4;382.5,117.5;296.3,128.2;274.7,185.7;281.9,157.0
74#444.5,430.4;418.9,338.7;389.5,232.3;330.8,232.3;231.8,276.3;228.1,368.0;356.5,232.3;330.8,118.6;330.8,111.3;329.0,39.8;334.5,140.6;363.8,155.3;371.2,111.3;290.5,122.3;268.5,184.6;268.5,155.3
75#445.4,433.0;417.1,335.9;380.7,226.5;319.9,222.5;214.7,230.6;210.6,331.8;348.3,222.5;319.9,105.1;319.9,109.1;307.8,32.2;317.9,14.0;348.3,52.4;356.4,88.9;279.4,117.2;275.4,88.9;279.4,52.4
76#445.2,425.9;414.3,329.4;364.1,217.4;302.3,221.2;209.7,198.1;202.0,298.5;333.2,221.2;302.3,97.7;306.2,97.7;288.8,26.3;312.0,26.3;348.7,59.1;344.8,90.0;259.9,109.3;217.4,151.7;240.6,205.8
77#429.2,403.5;407.7,313.9;350.4,213.6;286.0,213.6;210.7,181.4;200.0,274.5;318.2,213.6;289.5,99.0;289.5,95.4;282.4,23.8;311.0,31.0;318.2,131.3;332.5,88.3;246.6,102.6;182.1,131.3;214.3,113.3
78#403.9,370.4;394.0,298.2;341.5,209.6;279.2,216.2;216.9,170.2;187.3,265.4;305.5,212.9;279.2,98.0;279.2,98.0;271.0,30.8;318.6,75.1;351.4,150.5;325.1,94.7;233.3,104.6;233.3,183.3;197.2,226.0
79#372.0,331.6;374.9,266.5;333.5,219.1;268.3,219.1;212.1,180.6;173.6,278.3;300.9,219.1;271.3,103.6;271.3,100.7;268.3,35.5;315.7,79.9;339.4,118.4;312.7,97.7;226.9,103.6;167.7,91.8;155.8,56.3
80#339.4,303.0;353.1,231.6;314.7,212.4;254.3,212.4;202.2,204.2;163.8,297.5;290.0,212.4;265.3,105.4;265.3,99.9;270.8,39.5;314.7,91.7;336.7,127.4;303.7,99.9;221.4,105.4;172.0,83.4;159.7,29.9
81#314.7,290.1;334.0,210.1;325.7,215.6;259.5,223.9;198.7,226.7;162.9,320.5;287.1,223.9;267.7,108.0;267.7,102.5;276.0,41.7;322.9,102.5;334.0,143.9;309.1,105.2;223.6,108.0;171.1,102.5;160.1,66.6
82#304.6,288.2;321.6,220.1;324.5,225.7;264.8,222.9;199.5,245.6;162.6,342.2;293.2,225.7;276.2,115.0;276.2,112.2;276.2,49.7;296.1,151.9;333.0,163.3;318.8,109.3;230.7,115.0;171.1,126.4;159.7,92.3
83#294.2,299.0;327.0,218.5;324.0,227.5;264.3,227.5;195.7,275.2;162.9,370.6;291.2,227.5;282.2,117.1;279.2,117.1;283.7,53.0;300.1,155.9;335.9,173.8;327.0,117.1;231.5,114.1;171.9,144.0;162.9,120.1
84#284.1,320.0;306.3,243.7;322.2,237.4;268.2,231.0;198.3,297.8;163.3,393.1;296.8,237.4;284.1,126.2;284.1,126.2;288.8,61.0;300.0,173.8;341.3,189.7;331.7,126.2;233.2,129.4;172.9,164.3;144.3,173.8
85#277.8,355.9;296.9,276.2;332.0,234.8;271.4,234.8;198.2,301.7;166.3,400.5;296.9,234.8;284.2,136.1;284.2,132.9;289.0,67.6;300.1,183.9;335.2,196.6;332.0,136.1;233.2,136.1;175.9,180.7;147.2,193.4
86#274.1,394.0;287.1,303.1;326.1,244.6;264.4,247.8;196.2,306.3;179.9,394.0;296.8,247.8;283.8,147.2;283.8,147.2;279.0,80.6;322.8,241.3;352.1,215.4;335.8,147.2;235.1,143.9;186.4,192.6;153.9,218.6
87#275.7,416.8;282.1,325.0;323.2,255.4;269.4,249.1;196.6,302.9;193.5,391.5;297.9,255.4;282.1,154.2;282.1,151.0;277.3,86.1;323.2,230.1;367.5,211.1;329.5,154.2;234.6,154.2;187.1,207.9;158.7,233.3
88#277.0,439.0;277.0,349.7;323.2,263.6;270.9,257.4;200.1,297.4;200.1,380.5;298.6,263.6;280.1,158.9;280.1,158.9;275.5,95.8;326.3,198.9;378.6,202.0;323.2,155.8;240.1,158.9;193.9,214.3;153.9,263.6
89#276.5,461.2;283.4,362.3;317.5,273.6;262.9,266.7;208.3,283.8;215.1,369.1;290.2,270.1;286.8,161.0;283.4,164.4;274.8,97.8;331.1,140.5;382.3,184.8;331.1,157.5;235.6,167.8;184.4,225.8;157.1,277.0
90#274.6,479.7;293.1,383.3;307.9,279.4;259.7,272.0;218.9,290.5;230.1,357.3;285.7,275.7;285.7,164.4;285.7,168.1;276.4,99.5;337.6,138.5;371.0,175.6;330.2,160.7;237.5,168.1;178.1,227.5;155.9,283.1
91#283.9,491.7;302.6,375.3;313.9,277.6;257.6,273.9;238.8,288.9;250.1,349.0;287.6,277.6;280.1,161.2;283.9,165.0;289.5,95.5;343.9,142.4;370.2,176.2;325.2,157.4;235.0,165.0;171.2,217.5;163.7,273.9
92#293.1,489.4;308.0,388.7;315.5,276.8;259.6,276.8;278.2,355.1;282.0,433.4;285.7,276.8;278.2,161.3;278.2,161.3;287.5,96.0;337.9,150.1;367.7,194.8;326.7,157.5;229.8,165.0;166.4,206.0;185.0,228.4
93#303.7,490.0;314.7,395.0;311.0,278.1;259.9,274.4;289.1,380.4;285.4,453.5;285.4,274.4;281.8,164.8;281.8,164.8;283.6,97.2;354.9,197.7;358.5,212.3;329.3,161.1;230.6,168.4;164.9,197.7;197.7,201.3
94#322.8,474.9;326.4,387.6;311.8,282.1;260.9,282.1;279.1,344.0;290.0,424.0;286.4,282.1;282.7,165.7;282.7,165.7;291.8,98.3;355.5,213.0;359.1,223.9;330.0,162.0;235.4,162.0;173.6,180.2;188.1,180.2
95#341.8,452.4;348.9,377.8;317.0,285.4;260.1,285.4;285.0,349.4;295.6,434.6;288.5,285.4;288.5,168.2;288.5,171.7;297.4,106.0;352.5,228.6;352.5,239.2;334.7,168.2;242.4,168.2;245.9,217.9;270.8,217.9
96#367.5,431.0;367.5,358.3;315.6,278.8;260.2,282.2;284.4,372.2;291.4,458.7;287.9,278.8;298.3,175.0;294.8,175.0;298.3,112.8;353.6,251.1;350.2,237.3;343.2,178.5;256.8,168.1;246.4,216.5;274.1,216.5
97#383.0,410.1;383.0,332.4;326.4,282.9;266.4,290.0;284.0,392.4;294.6,480.8;294.6,282.9;301.7,180.4;301.7,180.4;299.9,115.1;354.7,265.2;358.2,251.1;347.6,184.0;262.8,169.8;224.0,131.0;257.5,108.0
98#389.2,388.0;393.0,314.8;331.5,284.1;277.6,287.9;281.4,403.3;296.8,503.4;304.5,287.9;304.5,184.0;304.5,180.2;312.2,114.8;358.4,261.0;373.8,249.4;354.6,187.9;258.4,172.5;254.5,122.5;279.5,101.3
99#385.7,367.9;397.5,277.5;334.6,289.3;279.6,293.2;279.6,411.1;287.4,513.4;307.1,289.3;311.0,183.1;311.0,183.1;318.9,112.3;354.3,242.1;381.8,246.0;358.2,187.0;271.7,175.2;258.0,106.4;273.7,98.6
100#372.3,347.6;383.6,287.3;334.6,291.1;289.5,298.6;281.9,407.8;289.5,509.5;312.1,298.6;319.6,181.9;319.6,178.1;330.9,114.1;383.6,227.1;402.4,230.8;364.8,181.9;281.9,178.1;289.5,215.8;338.4,212.0
101#359.0,346.6;351.6,324.4;355.3,294.8;296.0,298.5;281.2,405.8;284.9,505.7;329.3,294.8;329.3,180.0;329.3,183.7;338.6,111.6;384.9,213.3;421.9,220.7;370.1,176.3;292.3,176.3;288.6,220.7;336.7,191.1
102#330.2,384.6;355.7,326.3;363.0,293.5;312.0,297.1;282.8,406.5;282.8,497.6;337.5,297.1;337.5,180.5;337.5,184.2;346.6,124.0;381.2,169.6;424.9,202.4;377.6,180.5;297.4,180.5;293.7,224.3;271.9,253.4
103#334.7,408.7;351.7,354.3;365.3,296.4;314.3,306.6;290.4,412.1;283.6,493.8;341.5,303.2;348.3,187.4;348.3,194.2;353.4,131.3;351.7,269.1;413.0,190.8;392.6,190.8;307.5,177.2;273.4,204.5;368.7,245.3
104#334.6,433.6;359.9,357.7;372.6,303.9;321.9,313.4;287.1,408.3;280.8,481.1;347.2,313.4;347.2,193.2;347.2,199.5;358.3,137.8;397.9,275.4;388.4,253.3;378.9,193.2;309.3,193.2;268.1,221.6;258.6,234.3
105#372.7,421.1;362.7,351.0;372.7,317.6;329.3,317.6;285.9,404.4;279.3,471.1;352.7,317.6;352.7,204.1;352.7,210.8;359.4,144.0;356.0,240.8;386.1,254.2;389.4,204.1;309.3,204.1;265.9,240.8;262.6,230.8
106#372.0,440.3;351.6,365.7;382.2,321.6;331.3,325.0;277.1,399.6;283.8,464.0;358.4,321.6;355.0,206.3;355.0,213.1;355.0,148.7;351.6,240.2;375.4,247.0;388.9,209.7;321.1,206.3;266.9,253.8;260.1,247.0
107#371.0,453.4;341.5,371.3;387.5,325.3;334.9,322.0;272.5,387.7;282.4,456.6;361.2,325.3;354.6,217.0;354.6,220.2;348.1,157.9;348.1,262.9;374.3,266.2;387.5,217.0;318.5,213.7;279.1,259.6;266.0,269.5
108#373.8,473.4;339.9,393.3;392.3,328.6;343.0,331.6;265.9,368.6;278.2,445.7;367.6,328.6;349.1,220.7;349.1,223.8;339.9,165.2;373.8,186.8;358.4,260.8;383.0,220.7;309.0,220.7;275.1,285.4;256.7,282.3
109#373.4,494.4;333.8,411.6;395.0,336.1;337.4,332.5;258.2,357.6;269.0,436.8;366.2,332.5;341.0,231.7;341.0,231.7;330.2,170.6;380.6,202.9;427.3,238.9;380.6,231.7;305.0,231.7;276.2,300.1;261.8,310.9
110#377.6,515.2;340.8,426.9;388.7,327.5;333.4,331.2;252.4,342.2;259.8,423.2;362.9,327.5;340.8,231.8;344.5,235.4;320.5,171.0;370.2,206.0;421.8,253.9;370.2,228.1;307.7,242.8;281.9,305.4;281.9,264.9
111#378.5,529.7;356.4,441.1;385.9,330.4;334.2,323.0;245.6,334.1;256.7,419.0;360.1,326.7;326.8,230.7;326.8,234.4;317.6,166.1;363.8,208.6;422.8,260.2;363.8,219.6;289.9,238.1;267.8,304.5;278.9,271.3
112#380.3,541.3;376.6,448.9;380.3,326.9;328.5,323.2;232.4,341.7;258.3,423.0;354.4,326.9;324.8,230.8;324.8,230.8;308.2,169.8;384.0,245.6;428.4,253.0;369.2,223.4;284.2,234.5;254.6,301.0;236.1,319.5
113#384.5,535.9;388.3,444.7;376.9,326.9;316.1,330.7;224.9,361.1;262.9,444.7;346.5,326.9;323.7,224.3;319.9,224.3;302.8,153.9;388.3,231.9;430.1,239.5;365.5,220.5;278.1,228.1;236.3,281.3;259.1,262.3
114#395.2,526.9;384.5,430.8;373.8,316.9;316.9,320.5;227.9,384.6;267.1,470.0;345.4,320.5;320.5,220.9;316.9,220.9;300.9,158.6;402.3,217.3;434.3,217.3;359.6,213.7;277.8,220.9;220.8,263.6;231.5,249.3
115#410.4,514.8;386.6,426.3;369.6,314.0;315.1,317.4;236.8,395.7;267.4,480.8;342.3,314.0;321.9,211.9;318.5,215.3;311.7,150.6;386.6,201.7;427.4,198.2;366.2,208.5;277.7,215.3;223.2,239.1;250.4,225.5
116#412.1,497.0;394.4,418.8;362.3,315.6;312.6,319.2;252.1,408.1;266.3,497.0;337.4,315.6;323.2,201.8;326.8,205.4;312.6,141.4;348.1,144.9;412.1,176.9;365.9,201.8;280.5,198.3;248.5,205.4;298.3,219.6
117#401.8,468.4;405.4,404.9;359.5,309.6;310.1,309.6;271.3,415.5;264.3,507.2;334.8,309.6;327.8,193.2;331.3,196.8;331.3,129.7;359.5,133.3;387.7,161.5;373.6,189.7;285.4,193.2;289.0,242.6;331.3,214.4
118#387.3,436.9;419.9,382.7;358.4,299.4;311.3,303.0;278.8,411.6;260.7,498.5;333.0,303.0;340.3,198.1;340.3,194.5;358.4,118.5;365.6,143.8;380.1,263.2;380.1,198.1;296.9,194.5;300.5,237.9;329.4,205.3
119#383.1,408.2;424.3,363.6;365.9,291.5;314.4,294.9;280.1,391.0;256.0,490.6;338.5,291.5;348.8,191.9;348.8,191.9;357.3,114.6;376.2,233.1;383.1,246.8;393.4,188.4;307.5,188.4;283.5,219.3;311.0,198.7
120#370.6,387.6;418.0,343.5;377.3,289.3;326.5,289.3;279.0,394.4;255.3,482.5;350.2,292.7;360.4,197.7;357.0,201.1;353.6,133.3;370.6,235.0;394.3,248.6;397.7,197.7;319.7,194.3;292.6,231.6;316.3,201.1
121#368.0,377.5;401.9,334.3;383.4,294.1;334.0,291.0;284.6,392.9;253.7,479.4;358.7,291.0;364.9,201.5;364.9,201.5;366.4,141.3;374.1,238.5;398.8,250.9;405.0,201.5;327.8,198.4;296.9,241.6;318.5,220.0
122#366.8,386.8;388.9,323.4;395.3,294.9;344.6,294.9;287.6,383.6;259.1,459.6;369.9,294.9;369.9,203.0;373.1,206.2;369.9,142.8;382.6,234.7;408.0,247.4;411.1,203.0;328.8,209.4;300.2,250.5;325.6,234.7
123#372.0,405.2;380.9,340.0;398.6,301.5;345.3,304.5;292.0,372.6;268.3,443.7;374.9,301.5;374.9,200.9;377.9,203.8;372.0,144.6;386.8,233.4;413.4,239.4;416.4,200.9;333.5,200.9;306.8,257.1;330.5,236.4
124#382.7,417.9;371.6,336.8;407.9,308.9;349.2,303.3;293.3,359.2;276.5,429.1;377.1,306.1;377.1,202.7;377.1,205.5;372.9,148.2;391.1,236.2;416.3,244.6;419.1,202.7;335.2,202.7;310.1,264.2;332.4,247.4
125#385.8,433.1;358.4,359.0;407.8,306.7;352.9,301.2;295.2,342.5;284.2,413.9;383.1,304.0;377.6,202.3;377.6,205.1;373.5,148.7;394.1,238.0;429.8,251.8;416.1,202.3;339.1,202.3;311.6,271.0;333.6,246.3
126#383.7,447.6;356.5,372.1;420.0,299.5;359.5,293.5;293.1,329.8;287.0,402.3;386.7,299.5;377.7,202.9;377.7,208.9;368.6,148.5;420.0,233.1;459.2,239.1;410.9,196.8;338.4,205.9;308.2,269.3;332.3,254.2
127#386.1,461.3;360.4,384.1;418.3,300.5;354.0,294.1;292.8,323.0;289.6,390.6;382.9,300.5;376.5,207.2;379.7,213.6;376.5,149.3;469.8,191.1;476.2,226.5;418.3,207.2;337.9,204.0;308.9,268.3;334.7,255.5
128#389.3,472.7;363.9,396.6;414.7,307.7;360.8,291.8;294.1,314.0;290.9,383.9;389.3,301.4;386.2,212.5;386.2,212.5;381.4,150.6;465.5,187.1;414.7,250.6;424.2,203.0;348.1,212.5;297.3,256.9;332.2,253.7
129#392.9,486.0;373.0,402.8;416.2,303.0;363.0,293.0;293.1,299.6;283.1,379.5;389.6,299.6;392.9,213.1;389.6,216.4;384.6,148.2;459.5,196.5;426.2,256.4;429.6,206.5;353.0,213.1;293.1,239.7;306.4,229.8
130#397.2,500.2;397.2,410.7;417.9,304.1;362.8,293.8;290.6,290.3;276.9,369.5;390.4,304.1;397.2,211.2;397.2,218.1;390.4,149.3;466.0,190.6;493.5,221.6;435.1,211.2;356.0,200.9;287.2,221.6;331.9,331.6
131#405.6,505.2;415.6,425.4;422.2,305.7;369.0,295.7;295.9,279.1;272.6,358.9;395.6,302.4;402.3,225.9;402.3,222.6;380.6,157.8;478.7,242.5;502.0,235.9;442.1,216.0;365.7,239.2;335.8,285.8;352.4,325.7
132#421.2,506.2;424.5,415.0;431.0,307.5;375.6,297.7;310.5,271.7;277.9,349.8;401.7,304.2;404.9,229.3;404.9,226.0;380.5,162.5;460.3,213.0;499.4,255.4;450.6,219.5;365.9,242.3;310.5,258.6;284.4,336.8
133#435.0,503.4;425.1,413.9;435.0,307.8;382.0,301.2;322.3,268.0;302.4,347.6;405.2,307.8;411.8,228.3;408.5,228.3;396.9,160.3;461.5,271.4;478.1,291.3;451.6,228.3;368.7,241.5;322.3,268.0;305.7,337.7
134#441.4,506.6;431.6,415.6;434.9,321.3;386.1,311.6;353.6,366.8;334.1,340.8;408.9,311.6;412.1,233.6;412.1,233.6;404.0,167.0;464.1,288.8;486.9,282.3;454.4,230.3;369.9,243.3;327.6,262.8;334.1,331.1
135#439.1,510.4;435.8,419.5;439.1,325.4;387.1,318.9;354.7,374.1;338.4,422.8;409.8,318.9;416.3,234.5;416.3,237.7;411.5,171.2;474.8,312.4;491.0,279.9;452.0,228.0;331.9,263.7;328.7,283.2;354.7,328.6
136#436.7,512.0;440.1,425.1;446.7,318.2;396.6,311.5;333.1,304.8;349.8,428.4;420.0,311.5;426.7,238.0;426.7,241.3;415.0,172.8;473.5,324.8;493.5,284.7;466.8,244.6;386.6,231.3;333.1,231.3;293.0,231.3
137#440.6,510.8;440.6,420.0;450.3,309.7;408.1,299.9;343.3,335.6;388.7,400.5;430.8,306.4;424.4,238.3;424.4,238.3;419.5,178.3;476.3,325.9;499.0,283.7;463.3,248.0;391.9,225.3;333.5,244.8;291.3,244.8
138#441.6,507.1;441.6,421.1;447.9,309.6;400.1,303.2;346.0,344.6;387.4,411.5;425.6,309.6;422.4,239.5;422.4,239.5;414.5,180.6;460.7,325.5;508.5,287.3;460.7,249.1;384.2,226.8;323.7,255.5;288.7,252.3
139#441.4,509.0;431.5,420.0;448.0,317.7;395.2,311.1;352.4,360.6;388.6,426.6;421.6,311.1;418.3,235.2;418.3,241.8;406.8,180.8;467.8,337.5;504.1,288.0;454.6,248.4;382.1,231.9;326.0,264.9;289.7,268.2
140#437.6,504.4;427.4,418.8;437.6,319.5;393.1,312.7;352.0,384.6;389.7,446.2;417.1,316.1;413.7,240.8;413.7,240.8;415.4,174.0;465.0,346.9;499.3,292.1;451.3,247.6;376.0,227.1;321.2,268.2;290.4,275.0
141#438.8,505.3;428.4,418.6;435.3,328.4;379.8,328.4;352.0,397.8;390.2,460.2;407.5,328.4;407.5,238.2;407.5,238.2;412.8,170.6;463.0,349.2;487.3,297.2;445.7,245.2;369.4,227.8;317.4,259.0;286.1,286.8
142#447.2,500.1;432.8,417.0;429.1,312.3;378.6,315.9;360.5,409.8;393.0,471.2;403.9,312.3;403.9,232.9;403.9,236.5;407.5,167.9;454.4,359.3;472.5,297.9;443.6,240.1;364.1,229.3;295.5,254.5;313.6,254.5
143#455.9,502.2;441.2,413.7;426.4,310.4;378.5,314.1;371.1,417.4;396.9,487.4;404.3,310.4;400.6,225.6;400.6,225.6;408.0,159.2;437.5,328.9;470.7,292.0;441.2,233.0;360.0,221.9;290.0,240.4;319.5,233.0
144#464.7,490.9;446.9,416.1;425.6,309.3;382.9,309.3;375.7,419.7;397.1,494.4;404.2,309.3;400.7,216.7;400.7,216.7;407.8,152.6;439.8,305.7;468.3,287.9;446.9,216.7;354.4,209.6;286.7,223.8;333.0,213.1
145#480.8,482.7;452.2,407.6;427.1,296.6;384.1,300.2;377.0,414.7;394.9,497.1;405.6,300.2;398.5,199.9;398.5,203.5;405.6,142.6;434.3,264.4;466.5,275.1;448.6,199.9;351.9,199.9;294.6,203.5;334.0,167.7
146#494.2,471.7;461.6,399.3;432.7,294.3;385.6,290.7;382.0,406.6;392.8,497.1;407.3,290.7;403.7,200.2;403.7,200.2;400.1,131.4;439.9,265.3;461.6,261.7;447.2,200.2;363.9,196.5;356.6,254.5;403.7,276.2
