1#645.7,664.1;649.6,571.4;757.7,594.6;742.3,602.3;765.5,714.3;823.4,810.9;750.0,598.4;695.9,482.5;695.9,482.5;641.8,432.3;630.3,443.9;692.1,440.0;719.1,478.7;668.9,486.4;603.2,486.4;572.3,436.2
2#640.9,672.3;640.9,574.2;747.2,586.5;734.9,594.6;755.3,713.1;812.5,811.2;739.0,590.6;690.0,480.2;694.0,480.2;673.6,423.0;636.8,398.5;690.0,488.4;718.6,468.0;669.5,488.4;596.0,488.4;575.6,439.4
3#720.7,794.8;675.7,700.8;745.2,586.3;728.8,594.5;737.0,713.0;798.3,815.2;732.9,590.4;683.9,475.9;688.0,475.9;659.3,414.6;643.0,410.5;675.7,447.3;716.6,467.7;659.3,480.0;593.9,492.3;573.5,443.2
4#711.9,786.5;696.0,702.6;723.9,582.8;704.0,594.7;696.0,706.6;779.8,794.4;711.9,586.7;676.0,466.9;676.0,470.9;656.0,403.0;636.0,458.9;692.0,494.9;707.9,458.9;648.0,474.9;588.1,490.9;572.1,450.9
5#681.1,750.2;658.5,668.3;703.1,571.4;681.8,580.3;647.5,677.9;732.4,757.5;690.1,574.0;659.2,458.1;661.2,456.8;644.3,394.0;622.5,452.8;676.8,484.8;691.4,448.8;629.5,464.4;575.6,489.1;567.9,449.4
6#650.3,713.9;621.0,633.9;682.3,559.9;659.7,565.9;599.0,649.3;684.9,720.5;668.3,561.2;642.3,449.3;646.3,442.6;632.7,384.9;609.0,446.6;661.7,474.6;675.0,438.6;611.0,454.0;563.0,487.3;563.7,448.0
7#619.5,677.6;583.5,599.6;661.5,548.5;637.5,551.5;550.5,620.6;637.5,683.6;646.5,548.5;625.5,440.5;631.5,428.5;621.0,375.9;595.5,440.5;646.5,464.5;658.5,428.5;592.5,443.5;550.5,485.5;559.5,446.5
8#618.5,683.4;582.1,602.0;646.5,541.9;614.7,543.9;518.2,585.5;584.2,660.3;628.6,541.9;604.4,429.2;608.4,421.2;584.5,369.2;600.3,437.1;633.1,457.7;638.9,420.1;572.2,431.2;517.1,462.6;527.6,427.6
9#617.5,689.3;580.6,604.5;631.5,535.4;591.9,536.4;486.0,550.4;530.8,636.9;610.7,535.4;583.4,418.0;585.4,414.0;547.9,362.5;605.0,433.8;619.8,450.8;619.2,411.7;552.0,419.0;483.7,439.8;495.8,408.6
10#616.5,695.1;579.2,606.9;616.5,528.8;569.1,528.8;453.7,515.3;477.5,613.6;592.8,528.8;562.3,406.7;562.3,406.7;511.4,355.8;609.8,430.4;606.4,444.0;599.6,403.3;531.7,406.7;450.3,416.9;463.9,389.7
11#610.3,700.2;588.3,616.1;588.3,528.3;540.8,517.3;434.8,488.1;416.5,583.2;562.7,524.7;551.8,396.7;551.8,393.0;493.3,352.8;570.0,425.9;595.6,425.9;588.3,396.7;511.5,393.0;434.8,385.7;432.9,325.4
12#606.7,702.6;585.4,617.4;564.1,532.1;504.4,515.1;423.4,463.9;376.5,553.4;534.2,527.9;530.0,391.5;525.7,391.5;474.6,344.6;632.2,434.1;589.6,429.8;568.3,391.5;483.1,378.7;423.4,361.7;402.1,306.3
13#598.4,696.2;567.2,610.5;539.9,524.9;485.4,509.3;407.5,447.0;341.3,528.8;512.7,513.2;508.8,384.7;504.9,384.7;516.6,318.4;532.2,439.2;571.1,443.1;555.5,396.3;465.9,373.0;395.8,361.3;392.0,314.6
14#571.0,691.0;555.4,597.8;508.8,516.2;442.8,516.2;392.3,438.6;314.7,512.3;477.8,516.2;477.8,388.1;477.8,388.1;489.4,329.9;481.7,395.9;516.6,426.9;524.4,395.9;450.6,376.4;388.5,450.2;353.5,489.1
15#534.3,675.9;538.1,580.6;465.7,523.4;408.5,515.7;374.2,435.7;297.9,496.7;435.2,511.9;393.2,447.1;446.6,363.2;425.6,281.3;461.8,389.9;397.0,454.7;511.4,405.2;385.6,435.7;378.0,435.7;370.3,466.2
16#494.3,653.7;522.0,553.1;376.3,511.4;369.4,511.4;504.7,560.0;483.9,646.7;386.7,514.9;390.2,438.6;386.7,424.7;393.7,407.4;376.3,379.6;341.6,449.0;393.7,449.0;404.1,435.1;348.6,462.9;338.2,466.3
17#443.6,638.0;490.6,543.9;365.2,515.7;352.6,512.5;462.4,531.3;277.3,515.7;374.6,515.7;352.6,465.5;355.7,465.5;423.2,313.3;412.2,471.7;421.6,471.7;471.8,399.6;371.4,462.3;349.5,427.8;390.3,387.1
18#406.1,634.4;456.7,545.1;409.1,518.3;349.6,506.4;290.0,446.9;272.2,533.2;376.3,509.4;418.0,393.3;418.0,387.4;422.5,326.4;453.7,357.6;462.7,390.4;459.7,396.3;376.3,387.4;337.7,429.1;373.4,381.4
19#389.2,649.6;412.1,561.6;389.2,509.4;333.8,502.8;265.3,457.2;265.3,558.3;363.2,506.1;392.5,382.2;392.5,378.9;407.2,315.3;451.2,375.6;461.0,411.5;434.9,385.4;353.4,378.9;314.2,414.8;343.6,411.5
20#388.2,662.6;391.6,576.5;371.0,507.5;315.8,500.6;250.3,466.1;264.1,566.1;343.4,504.1;381.3,376.5;381.3,376.5;386.5,312.7;446.8,380.0;450.2,421.3;422.7,383.4;336.5,369.6;298.6,407.5;333.0,407.5
21#360.9,655.1;384.7,559.9;354.1,505.4;299.7,495.2;245.2,481.6;262.3,580.3;326.9,502.0;364.3,376.1;364.3,369.3;379.6,306.4;442.6,403.3;439.2,430.6;412.0,382.9;313.3,362.5;238.4,365.9;282.7,365.9
22#333.5,626.9;384.4,535.3;347.1,504.8;292.8,491.2;248.7,498.0;262.2,596.4;319.9,501.4;357.2,372.4;357.2,365.7;364.0,304.6;438.7,419.9;435.3,450.5;404.7,382.6;302.9,358.9;231.7,338.5;265.6,308.0
23#324.5,602.9;380.2,514.4;344.1,498.0;291.7,488.2;249.1,511.1;255.6,612.7;317.9,491.5;347.4,373.5;347.4,366.9;354.0,304.7;429.3,425.9;413.0,445.6;399.8,386.6;295.0,357.1;245.8,321.1;247.5,267.0
24#326.3,572.5;375.8,499.8;349.4,489.9;296.5,483.3;246.9,526.2;256.9,628.7;323.0,486.6;346.1,370.9;349.4,364.3;356.0,304.8;435.3,440.3;412.2,446.9;399.0,387.4;296.5,351.1;253.6,311.4;232.1,263.5
25#326.1,548.9;339.9,511.2;357.0,490.6;305.6,480.3;250.7,545.5;254.1,645.0;333.0,483.8;353.6,367.2;353.6,360.3;367.3,302.0;439.3,456.3;411.9,452.9;401.6,384.3;302.1,346.6;243.8,315.7;225.0,279.7
26#316.7,533.7;341.3,495.2;365.8,477.6;313.2,470.6;267.7,561.8;253.6,656.4;337.8,474.1;358.8,365.4;362.3,358.4;379.8,298.8;439.4,477.6;418.4,442.6;407.9,379.5;313.2,344.4;246.6,337.4;230.8,286.6
27#405.3,527.2;273.6,556.5;387.0,465.0;321.2,465.0;280.9,567.5;251.7,655.3;350.4,465.0;368.7,355.3;368.7,351.6;390.7,289.4;438.2,479.7;438.2,443.1;419.9,373.6;317.5,340.6;244.3,344.3;233.4,304.1
28#400.4,542.3;345.9,484.3;393.1,466.1;338.7,462.5;287.9,553.2;262.5,651.1;364.1,462.5;375.0,350.1;378.6,346.5;391.3,283.0;436.6,440.8;462.0,426.2;425.7,361.0;327.8,335.6;255.3,353.7;229.9,317.4
29#377.5,557.5;367.5,480.3;407.7,456.8;354.0,453.5;286.9,537.4;283.6,634.7;380.9,456.8;384.2,342.7;384.2,336.0;389.3,284.0;444.6,406.5;478.2,399.8;434.6,352.8;330.5,332.7;260.1,362.9;229.9,332.7
30#377.6,563.5;357.9,488.2;410.3,448.9;361.2,445.6;285.9,520.9;295.7,609.4;387.4,445.6;384.1,337.5;384.1,327.7;392.3,267.1;485.7,357.2;492.2,370.3;433.2,340.8;331.7,331.0;266.2,373.5;233.4,347.3
31#380.9,576.6;357.9,481.5;413.7,445.4;364.5,438.9;282.5,501.2;302.2,589.7;387.4,442.1;380.9,327.4;384.2,324.1;394.0,261.8;472.7,343.8;498.9,333.9;433.3,324.1;331.7,327.4;272.7,373.3;230.0,360.2
32#384.6,592.5;359.4,498.8;417.1,441.1;373.8,433.9;272.9,484.3;294.5,563.7;391.9,441.1;381.0,318.5;381.0,314.9;395.5,257.2;445.9,250.0;485.6,293.2;427.9,314.9;330.6,325.7;276.5,376.2;229.6,372.6
33#386.0,610.8;366.0,506.8;414.0,434.7;366.0,426.7;266.0,458.7;286.0,538.8;394.0,430.7;382.0,306.7;382.0,306.7;390.0,246.6;454.0,210.6;470.1,262.6;426.0,298.7;338.0,314.7;278.0,370.7;233.9,386.7
34#388.1,625.8;378.9,515.5;411.0,432.8;355.9,423.6;259.4,428.2;268.6,515.5;383.5,428.2;378.9,294.9;378.9,299.5;388.1,235.2;466.2,184.6;457.0,239.8;420.2,285.7;332.9,304.1;277.8,354.7;231.8,382.2
35#391.5,627.1;391.5,523.4;399.8,423.9;345.9,419.7;250.6,403.2;258.9,486.1;375.0,423.9;375.0,287.1;375.0,295.4;375.0,224.9;472.4,185.5;449.6,237.3;416.4,274.6;329.3,299.5;263.0,345.1;234.0,361.7
36#403.1,625.1;399.1,526.9;391.3,420.8;340.2,409.0;249.8,377.6;253.7,460.1;363.8,412.9;367.7,283.2;367.7,287.2;363.8,220.4;467.9,202.7;458.1,240.0;407.0,271.4;320.5,295.0;234.1,342.2;241.9,326.5
37#420.1,611.1;400.6,517.6;385.0,416.2;330.5,408.4;252.5,357.7;252.5,451.3;357.7,412.3;361.6,283.7;361.6,287.6;348.0,215.4;457.2,223.2;455.2,260.3;404.5,275.9;314.9,287.6;229.1,311.0;252.5,272.0
38#421.1,608.0;406.3,515.7;384.1,415.9;325.0,412.2;251.1,356.8;262.2,449.1;354.5,415.9;350.8,282.9;350.8,282.9;356.4,221.9;465.4,234.8;461.7,279.2;398.9,279.2;295.4,290.2;236.3,279.2;265.9,242.2
39#412.3,602.4;397.1,507.3;381.9,408.5;324.9,408.5;241.2,378.1;264.0,469.3;355.3,408.5;347.7,275.4;351.5,279.2;353.4,216.4;469.4,252.6;465.6,286.8;400.9,279.2;305.9,275.4;245.0,248.8;284.9,216.4
40#404.7,593.1;396.9,500.4;382.1,402.8;325.3,401.7;248.4,395.5;263.6,489.1;355.0,402.8;354.6,275.4;357.1,278.0;359.0,215.6;468.5,269.6;463.6,299.4;405.3,279.1;311.5,271.9;263.8,277.6;285.8,276.0
41#397.0,583.7;396.7,493.4;382.2,397.2;325.7,394.8;255.7,412.8;263.3,508.8;354.6,397.2;361.4,275.5;362.7,276.7;364.5,214.8;467.7,286.6;461.7,312.1;409.6,279.1;317.0,268.5;282.7,306.5;286.6,335.5
42#389.4,574.4;396.5,486.5;382.4,391.5;326.1,388.0;262.9,430.2;262.9,528.6;354.3,391.5;368.3,275.5;368.3,275.5;370.1,214.0;466.8,303.6;459.7,324.7;414.0,279.0;322.6,265.0;301.5,335.3;287.5,395.1
43#377.1,552.9;402.0,474.4;384.2,392.3;330.7,385.2;270.0,445.9;262.9,545.8;355.6,392.3;380.6,271.0;380.6,267.5;394.9,210.4;477.0,313.8;462.7,328.1;427.0,278.2;334.2,256.7;302.1,217.5;318.2,187.2
44#373.0,520.7;409.1,444.9;391.0,390.9;329.7,387.3;282.9,459.4;261.2,560.3;358.6,387.3;387.4,271.9;391.0,268.3;405.5,210.6;474.0,333.2;463.2,344.0;441.5,279.1;329.7,271.9;293.7,246.6;311.7,196.2
45#372.1,490.6;425.7,416.8;409.0,390.0;348.6,383.3;295.0,470.4;258.1,564.3;378.8,386.6;402.3,272.6;405.6,265.9;412.3,208.9;459.3,353.1;466.0,346.4;452.6,279.3;352.0,259.2;301.7,259.2;308.4,215.6
46#353.1,499.7;379.4,450.3;422.1,387.9;366.2,374.7;303.7,473.4;264.3,568.8;395.8,381.3;415.6,276.0;415.6,266.2;417.2,221.8;445.2,374.7;471.5,355.0;464.9,285.9;362.9,262.9;307.0,276.0;310.3,233.3
47#354.9,520.4;389.8,415.6;424.8,396.5;373.9,383.8;310.4,469.6;281.8,568.0;402.5,390.2;418.4,275.8;421.6,266.3;423.2,236.1;450.2,393.3;478.7,355.2;472.4,288.5;370.8,263.1;304.1,291.7;313.6,250.4
48#379.4,504.8;392.5,439.0;438.5,406.2;379.4,396.3;316.9,471.9;310.3,550.8;412.2,396.3;428.7,281.2;425.4,271.4;420.4,236.9;441.8,386.4;484.5,360.1;478.0,291.1;379.4,268.1;303.8,314.1;316.9,271.4
49#443.1,445.8;407.7,429.7;446.3,397.5;398.0,394.3;327.2,465.1;340.1,539.1;420.6,397.5;430.2,281.6;430.2,275.2;422.2,231.7;465.6,381.4;501.0,349.2;481.7,288.0;382.0,275.2;327.2,317.0;317.6,291.3
50#408.5,477.5;408.5,399.0;460.7,384.5;414.3,387.4;332.9,457.1;353.3,523.9;437.5,384.5;428.8,280.0;428.8,277.1;424.4,220.4;481.1,355.5;515.9,332.2;478.2,282.9;379.4,277.1;332.9,326.4;318.4,309.0
51#412.4,491.7;409.5,412.1;468.5,385.5;415.4,388.5;338.7,450.4;356.4,521.2;441.9,385.5;424.2,279.4;427.2,279.4;419.8,218.9;483.2,317.7;521.5,308.9;471.4,279.4;377.0,282.3;335.7,338.3;318.0,323.6
52#414.9,510.2;398.0,417.5;465.4,383.8;420.5,392.3;341.8,437.2;353.1,518.7;443.0,386.7;420.5,285.5;420.5,277.1;419.1,244.8;485.1,288.4;507.6,285.5;465.4,282.7;372.7,288.4;341.8,344.5;319.4,341.7
53#414.5,533.7;407.8,439.7;464.9,389.3;417.9,396.0;344.0,426.3;340.7,510.2;441.4,396.0;417.9,285.2;417.9,285.2;414.5,228.2;444.8,231.5;481.7,261.7;458.2,278.5;370.9,292.0;340.7,355.7;313.8,362.5
54#418.2,547.7;405.0,455.8;457.5,406.6;405.0,400.0;342.7,409.8;336.1,498.4;431.3,400.0;411.6,288.4;411.6,288.4;405.0,232.7;444.4,219.5;470.7,252.3;451.0,281.9;369.0,298.3;339.4,367.2;309.9,383.6
55#416.8,564.1;406.2,472.5;448.5,398.5;399.2,398.5;339.3,398.5;339.3,479.5;423.9,398.5;402.7,296.3;406.2,296.3;392.1,236.4;450.3,227.6;480.2,254.0;445.0,282.2;356.9,303.4;335.8,373.8;304.1,402.0
56#411.7,586.9;411.7,492.0;433.6,404.5;378.9,404.5;404.4,506.6;408.1,568.6;408.1,404.5;393.5,295.0;393.5,298.7;380.7,234.8;455.5,258.5;470.1,276.8;437.3,291.4;342.4,306.0;316.9,378.9;298.6,419.1
57#417.2,602.1;424.5,514.0;417.2,404.0;365.8,411.3;398.8,514.0;409.8,594.7;391.5,407.6;376.8,297.6;376.8,301.3;371.3,233.4;453.9,282.9;464.9,301.3;420.8,286.6;329.1,308.6;299.8,371.0;310.8,429.7
58#429.2,599.2;422.0,504.9;403.8,399.8;353.1,403.4;396.6,523.1;414.7,599.2;378.4,403.4;363.9,298.2;367.6,298.2;358.5,234.7;451.0,309.1;458.2,330.8;414.7,290.9;320.4,305.5;276.9,359.9;295.0,392.5
59#431.1,597.4;417.0,501.8;388.6,399.1;335.5,402.7;395.7,523.1;409.9,601.0;363.9,402.7;356.8,300.0;356.8,300.0;355.0,241.6;455.9,331.9;445.3,342.5;399.3,296.5;307.2,303.5;261.2,349.6;236.4,370.8
60#426.6,583.9;406.4,509.6;386.1,401.4;325.3,404.8;342.2,519.7;335.4,523.1;359.1,401.4;348.9,303.5;348.9,300.1;347.2,247.7;450.3,347.4;440.2,354.1;396.2,303.5;294.9,303.5;234.0,333.9;278.0,317.0
61#403.4,582.2;418.4,489.4;382.5,405.6;322.6,408.6;343.5,444.5;349.5,516.4;349.5,405.6;340.5,306.8;343.5,297.8;348.0,260.4;451.3,381.6;430.4,357.7;394.4,306.8;289.6,303.8;223.8,315.8;274.7,297.8
62#427.1,539.2;420.9,465.5;365.7,401.0;316.6,404.1;338.0,456.3;341.1,548.4;341.1,404.1;335.0,312.0;335.0,308.9;339.6,252.1;408.7,376.4;427.1,367.2;384.1,312.0;285.8,305.8;230.6,290.5;267.4,262.8
63#425.9,529.3;425.9,449.8;360.2,401.4;308.3,411.8;332.5,474.0;336.0,570.8;332.5,408.3;329.1,311.5;329.1,315.0;336.0,252.8;408.6,398.0;422.4,377.2;380.9,321.9;280.7,304.6;239.2,273.5;266.8,242.4
64#419.5,516.8;426.6,431.3;351.8,410.0;305.5,424.2;326.8,495.5;334.0,595.2;326.8,417.1;326.8,313.8;326.8,317.3;330.4,260.3;415.9,417.1;423.0,377.9;373.2,324.5;277.0,310.2;252.0,267.5;257.4,226.5
65#408.0,504.1;415.7,415.1;353.8,422.8;303.5,438.3;319.0,519.6;334.5,616.4;326.7,426.7;322.8,322.2;322.8,322.2;326.7,264.1;404.1,407.3;427.4,372.5;369.3,329.9;276.4,306.7;260.9,271.9;255.1,215.7
66#405.0,478.7;401.0,406.7;357.0,418.7;305.0,434.7;309.0,538.7;329.0,638.6;329.0,434.7;317.0,322.8;317.0,322.8;329.0,262.8;401.0,386.7;424.9,362.8;365.0,322.8;273.0,314.8;245.0,274.8;253.0,234.8
67#434.0,504.5;382.0,497.1;356.0,419.1;304.0,437.7;300.3,545.3;318.9,641.9;330.0,426.5;315.1,318.9;318.9,318.9;333.7,259.4;385.7,348.6;426.5,356.0;363.4,322.6;270.6,307.7;229.7,292.9;244.6,255.7
68#431.9,520.1;382.5,504.9;359.7,425.1;295.1,440.3;295.1,546.7;306.5,634.0;329.3,432.7;317.9,322.5;321.7,326.3;331.2,256.0;382.5,478.3;386.3,417.5;359.7,322.5;260.9,330.1;226.7,314.9;241.9,276.9
69#388.5,508.2;377.7,429.1;356.1,421.9;295.0,439.9;291.4,540.6;295.0,619.7;327.4,429.1;316.6,324.8;316.6,324.8;325.6,265.5;374.1,317.6;392.1,317.6;356.1,317.6;266.2,324.8;230.3,335.6;237.5,306.8
70#386.3,541.6;376.1,463.4;352.3,419.2;301.3,429.4;280.9,534.8;277.5,613.0;325.1,426.0;314.9,317.2;311.5,317.2;321.7,262.8;338.7,293.4;369.3,307.0;355.7,317.2;274.1,317.2;223.1,354.6;229.9,320.6
71#382.7,560.0;368.6,482.5;351.0,422.6;298.1,429.6;262.9,524.8;241.8,616.4;322.8,426.1;308.7,320.4;308.7,320.4;319.3,264.0;298.1,260.5;329.9,334.5;343.9,316.9;270.0,316.9;220.6,373.3;231.2,355.6
72#378.9,580.3;361.0,497.9;346.6,429.8;289.3,437.0;242.7,505.1;221.2,583.9;318.0,433.4;300.0,322.3;300.0,322.3;300.0,261.4;300.0,351.0;328.7,354.5;339.5,322.3;260.6,322.3;231.9,383.2;231.9,354.5
73#382.2,596.7;360.1,512.0;341.7,427.3;282.7,434.7;220.1,489.9;205.4,567.3;312.2,434.7;290.1,324.2;290.1,324.2;290.1,261.5;282.7,353.6;319.6,361.0;330.6,324.2;253.3,324.2;234.9,386.8;220.1,364.7
74#380.2,613.0;354.5,528.7;332.5,429.6;273.8,433.3;196.8,462.7;189.5,543.4;303.2,429.6;277.5,323.3;277.5,326.9;272.0,255.4;259.2,363.6;306.8,363.6;317.8,323.3;240.8,323.3;229.8,382.0;255.5,363.6
75#383.9,611.0;356.4,520.7;321.1,430.5;270.1,438.3;187.7,430.5;175.9,516.8;293.7,438.3;262.3,316.7;262.3,312.8;244.6,248.0;246.6,438.3;293.7,359.8;297.6,308.8;227.0,324.5;199.5,379.5;172.0,406.9
76#386.1,606.1;348.5,524.1;307.5,435.3;249.5,438.7;174.3,408.0;167.5,500.2;280.2,438.7;208.5,418.2;246.0,326.0;153.8,370.4;229.0,435.3;232.4,438.7;283.6,326.0;208.5,336.2;174.3,418.2;177.7,483.1
77#373.8,587.1;344.7,506.4;296.3,428.9;234.9,441.8;328.6,529.0;157.4,490.2;273.7,432.1;196.2,393.4;199.4,386.9;225.2,277.2;218.8,341.7;212.3,422.4;212.3,386.9;180.0,399.8;176.8,438.6;160.7,480.6
78#321.1,584.6;333.6,493.8;280.4,428.0;224.0,437.4;177.1,403.0;145.8,484.4;252.2,431.2;230.3,340.4;230.3,343.5;217.8,287.2;267.9,327.9;286.7,356.0;267.9,337.2;192.7,334.1;136.4,343.5;139.5,309.1
79#288.2,561.5;315.9,467.3;279.9,436.8;218.9,439.6;174.6,417.4;130.2,506.1;249.4,439.6;224.5,342.6;224.5,348.1;218.9,292.7;274.4,342.6;285.4,370.3;260.5,342.6;185.7,342.6;149.6,334.3;133.0,309.3
80#264.3,543.3;304.1,448.1;277.6,448.1;217.8,443.7;160.3,448.1;116.0,532.2;246.6,448.1;226.7,348.5;226.7,346.3;221.1,305.4;277.6,355.2;284.2,381.7;266.5,344.1;184.6,348.5;197.9,372.9;122.7,333.0
81#246.9,527.6;185.9,497.1;270.3,457.2;211.7,459.5;148.3,483.0;94.4,565.1;239.8,459.5;232.8,354.0;232.8,354.0;226.9,305.9;246.9,386.8;279.7,391.5;270.3,354.0;190.6,349.3;143.6,358.7;122.5,354.0
82#82.3,578.8;146.3,525.0;259.1,460.9;197.6,458.3;136.1,509.6;77.2,591.6;225.8,466.0;233.5,353.3;233.5,353.3;234.8,318.7;238.6,394.3;282.2,404.5;271.9,358.4;189.9,348.1;141.2,366.1;120.7,371.2
83#216.8,538.4;149.6,533.0;259.9,457.7;198.0,460.4;133.5,527.7;68.9,605.6;230.3,457.7;238.3,355.5;238.3,360.9;239.7,316.5;238.3,395.9;284.1,414.7;276.0,363.6;195.3,350.1;136.1,379.7;125.4,377.0
84#211.5,549.4;231.3,473.0;256.8,458.9;203.0,450.4;132.3,529.6;72.9,617.4;234.2,456.0;237.0,362.6;237.0,365.5;235.6,321.6;242.7,405.1;279.4,424.9;276.6,371.1;197.4,357.0;135.1,393.8;121.0,402.3
85#216.4,558.0;230.7,483.8;247.8,466.7;199.3,458.1;127.9,532.3;87.9,618.0;225.0,458.1;233.5,372.4;233.5,375.3;232.1,328.2;247.8,441.0;282.1,435.3;273.5,378.2;193.6,363.9;133.6,406.7;119.3,412.4
86#213.4,579.2;216.3,504.8;253.5,467.6;199.1,461.9;130.5,533.4;104.8,613.5;224.9,467.6;230.6,379.0;227.7,379.0;226.3,329.0;253.5,447.6;296.4,439.0;270.6,384.7;184.9,373.3;139.1,419.0;124.8,433.3
87#207.3,594.7;218.9,525.2;253.6,473.2;198.7,470.3;137.9,536.8;114.8,614.9;227.6,473.2;224.7,386.4;224.7,386.4;226.1,327.1;265.2,447.1;311.5,435.6;268.1,389.3;175.5,383.5;140.8,435.6;123.5,452.9
88#209.5,610.6;218.5,529.6;254.5,472.5;203.5,469.5;146.5,538.6;125.4,607.6;227.5,472.5;218.5,391.5;218.5,391.5;221.5,334.4;290.6,421.5;320.6,421.5;263.5,391.5;170.5,394.5;140.5,445.5;125.4,466.5
89#209.3,626.5;218.7,557.9;249.8,473.7;200.0,473.7;159.4,533.0;134.5,604.7;224.9,473.7;218.7,395.8;218.7,392.7;221.8,339.7;281.0,408.3;318.4,408.3;262.3,392.7;171.9,398.9;140.7,448.8;125.2,476.9
90#211.7,647.5;225.0,574.2;238.3,487.6;185.0,491.0;168.4,534.3;148.4,597.5;215.0,491.0;218.3,401.1;218.3,404.4;223.3,346.1;284.9,381.1;311.6,401.1;261.6,397.7;171.7,401.1;141.7,454.3;125.1,487.6
91#211.3,664.0;231.2,587.9;234.5,491.9;178.2,491.9;178.2,548.1;168.3,581.3;208.0,491.9;218.0,402.5;218.0,405.8;232.9,344.5;294.1,369.4;294.1,402.5;257.7,402.5;174.9,402.5;135.2,448.8;128.6,495.2
92#213.7,680.6;233.9,593.1;230.5,495.6;176.7,492.2;203.6,596.5;129.6,552.8;203.6,492.2;217.0,398.1;217.0,404.8;232.2,342.6;294.4,384.6;294.4,404.8;257.4,391.3;173.3,398.1;122.9,441.8;126.2,492.2
93#225.2,685.3;232.1,598.3;232.1,497.4;173.0,493.9;200.8,587.9;214.7,629.6;200.8,497.4;214.7,396.4;211.3,403.4;233.9,346.0;298.3,403.4;291.3,420.8;256.5,396.4;169.5,396.4;113.8,431.3;141.7,476.5
94#234.4,677.7;234.4,596.6;227.4,501.3;167.4,504.8;213.2,610.7;245.0,628.3;199.1,501.3;209.7,398.9;206.2,402.5;229.1,344.2;301.5,420.1;287.4,420.1;252.1,395.4;167.4,398.9;114.4,423.6;139.1,437.8
95#231.9,658.2;251.4,586.6;222.1,505.3;166.8,511.8;225.4,586.6;244.9,641.9;196.1,508.6;209.1,398.0;209.1,404.5;227.0,350.9;303.4,437.0;283.9,433.8;251.4,398.0;170.1,398.0;121.3,417.5;157.1,420.8
96#244.6,644.7;267.9,572.0;224.3,502.2;166.1,505.1;227.2,563.2;233.0,644.7;198.1,502.2;209.7,400.4;209.7,400.4;228.6,358.2;297.0,449.8;282.4,444.0;253.4,400.4;166.1,397.5;137.0,426.6;145.7,382.9
97#258.5,626.0;287.8,555.7;226.3,502.9;164.7,511.7;235.0,558.6;235.0,626.0;197.0,508.8;208.7,400.4;208.7,406.3;233.6,355.0;287.8,473.7;284.8,456.1;252.6,403.3;161.8,394.6;170.6,441.4;205.7,461.9
98#291.3,601.1;301.4,533.6;220.4,506.6;169.8,533.6;240.7,567.4;233.9,648.4;190.1,523.5;210.3,402.0;210.3,408.7;233.9,358.1;267.7,483.0;287.9,466.1;257.6,408.7;166.4,398.6;176.6,442.5;203.6,442.5
99#307.0,599.3;313.6,513.9;231.5,494.2;172.4,533.6;241.4,576.3;231.5,655.1;195.4,517.2;221.7,408.8;221.7,412.1;236.4,348.1;287.3,484.3;290.6,467.9;261.1,412.1;182.3,405.5;188.8,372.7;216.7,354.7
100#318.1,584.7;321.6,494.4;245.3,494.4;182.8,522.2;238.3,588.2;234.9,671.5;217.5,508.3;227.9,411.2;227.9,407.7;233.1,336.5;283.4,501.4;300.8,466.7;269.6,414.6;186.3,411.2;193.2,369.5;212.3,343.5
101#321.2,565.9;324.8,483.5;263.9,494.2;203.0,512.2;228.0,601.7;231.6,676.9;235.2,505.0;231.6,411.9;231.6,415.4;249.5,361.7;324.8,551.6;321.2,469.2;274.6,411.9;195.8,408.3;181.5,436.9;149.2,444.1
102#312.3,557.3;333.5,469.1;277.0,493.8;227.7,507.9;217.1,620.8;248.8,730.1;252.3,497.3;238.2,412.7;238.2,412.7;255.9,359.7;315.8,543.2;329.9,465.6;277.0,409.1;203.0,419.7;185.3,444.4;157.1,455.0
103#282.8,564.2;237.2,578.2;286.3,494.0;237.2,501.1;226.7,602.8;230.2,676.5;258.3,497.6;247.7,416.9;247.7,420.4;265.3,364.3;314.4,539.6;331.9,476.5;279.3,416.9;212.7,420.4;198.6,455.5;153.0,466.0
104#290.4,564.3;242.0,585.0;293.8,498.6;245.5,509.0;235.1,591.9;231.6,671.4;269.6,502.1;259.3,422.6;290.4,536.6;304.2,605.7;314.6,529.7;331.8,484.8;286.9,422.6;228.2,412.2;210.9,467.5;259.3,540.1
105#290.0,580.3;300.2,522.7;303.6,502.3;252.7,512.5;242.6,597.3;235.8,671.8;276.5,509.1;262.9,427.7;262.9,427.7;286.6,373.5;290.0,512.5;310.4,498.9;290.0,424.3;235.8,420.9;229.0,448.1;205.3,404.0
106#294.0,601.0;323.3,509.7;313.5,509.7;258.1,516.2;248.3,604.3;238.6,676.0;287.4,509.7;277.7,428.2;277.7,431.5;303.7,376.1;313.5,379.3;339.6,405.4;310.3,428.2;232.0,428.2;215.7,405.4;196.2,398.9
107#306.7,597.3;319.9,534.4;323.2,514.5;270.3,511.2;253.7,610.5;237.2,676.7;296.8,514.5;290.1,431.7;290.1,438.3;306.7,382.1;210.7,415.2;316.6,471.5;326.6,428.4;253.7,428.4;217.3,415.2;207.4,395.3
108#305.1,615.7;311.2,545.4;326.5,517.8;280.6,520.9;253.1,612.7;240.9,670.8;302.1,520.9;302.1,435.3;299.0,444.4;309.7,381.7;320.4,472.0;332.6,472.0;335.7,438.3;265.4,426.1;222.5,426.1;207.2,413.9
109#306.8,623.0;312.5,557.4;335.4,523.1;289.7,523.1;252.6,608.7;241.2,662.9;315.4,523.1;304.0,434.7;301.1,443.2;308.2,393.3;292.5,477.5;335.4,480.3;338.2,437.5;266.9,431.8;221.2,437.5;209.8,420.4
110#306.1,634.8;303.3,581.8;336.8,526.0;292.1,526.0;247.5,595.7;244.7,654.4;314.5,526.0;308.9,439.4;306.1,445.0;307.5,387.8;325.6,481.3;334.0,481.3;345.2,442.2;269.8,436.7;225.2,445.0;211.2,436.7
111#304.5,645.2;298.8,583.0;344.0,532.2;296.0,526.6;242.3,577.4;242.3,642.4;321.4,532.2;310.1,436.2;310.1,441.8;300.2,389.6;287.5,467.3;329.9,475.7;344.0,439.0;276.2,433.4;231.0,453.1;211.3,444.7
112#309.7,660.3;289.6,588.6;347.0,525.4;301.1,516.8;235.1,559.9;243.7,614.4;324.1,525.4;309.7,436.5;309.7,439.4;294.0,389.1;309.7,468.0;355.6,468.0;341.3,436.5;275.3,433.6;232.3,462.3;209.3,456.6
113#309.0,676.8;293.5,605.4;327.7,552.6;293.5,518.4;225.2,530.8;237.6,602.2;324.6,518.4;271.8,527.7;271.8,524.6;240.7,478.0;324.6,583.6;312.1,527.7;287.3,506.0;259.3,521.5;228.3,530.8;215.9,518.4
114#312.3,667.9;301.5,600.7;325.6,545.4;290.6,515.5;228.2,536.8;236.0,609.8;320.9,515.5;275.0,514.8;275.0,512.4;248.0,466.1;323.6,569.5;314.0,520.6;293.0,495.8;259.7,509.0;229.9,522.6;220.4,518.5
115#315.6,659.1;309.4,596.0;323.6,538.2;287.8,512.5;231.1,542.8;234.3,617.3;317.2,512.5;278.3,501.9;278.3,500.2;255.3,454.1;322.6,555.3;316.0,513.4;298.7,485.6;260.1,496.6;231.5,514.4;224.8,518.6
116#319.0,650.2;317.4,591.4;321.6,531.0;284.9,509.6;234.1,548.8;232.7,624.9;313.5,509.6;281.5,489.0;281.5,488.1;262.6,442.2;321.6,541.2;317.9,506.3;304.4,475.4;260.5,484.1;233.0,506.2;229.3,518.7
117#322.3,641.4;325.4,586.7;319.5,523.7;282.1,506.6;237.1,554.8;231.1,632.4;309.8,506.6;284.7,476.1;284.7,475.9;269.9,430.2;320.6,527.0;319.8,499.1;310.1,465.2;260.9,471.7;234.6,498.0;233.8,518.8
118#325.6,632.5;333.4,582.0;317.4,516.5;279.2,503.7;240.1,560.8;229.5,640.0;306.1,503.7;288.0,463.2;288.0,463.7;277.2,418.3;319.7,512.9;321.7,492.0;315.8,455.1;261.3,459.2;236.2,489.7;238.3,518.9
119#328.9,623.6;341.4,577.4;315.4,509.3;276.3,500.8;243.0,566.8;227.8,647.6;302.4,500.8;291.2,450.3;291.2,451.6;284.5,406.4;318.7,498.8;323.7,484.8;321.5,444.9;261.7,446.7;237.8,481.5;242.8,519.0
120#332.3,614.8;349.3,572.7;313.3,502.1;273.5,497.8;246.0,572.8;226.2,655.1;298.7,497.8;294.5,437.4;294.5,439.4;291.8,394.4;317.7,484.6;325.6,477.7;327.2,434.7;262.1,434.3;239.3,473.3;247.2,519.1
121#335.6,605.9;357.3,568.0;311.3,494.9;270.6,494.9;249.0,578.8;224.6,662.7;295.0,494.9;297.7,424.5;297.7,427.2;299.1,382.5;316.7,470.5;327.5,470.5;332.9,424.5;262.5,421.8;240.9,465.1;251.7,519.2
122#328.1,588.4;359.1,549.0;325.3,495.4;280.2,492.6;254.9,563.1;226.7,650.4;302.8,495.4;305.6,427.8;305.6,430.6;304.2,381.3;331.0,554.6;333.8,475.7;339.4,427.8;269.0,422.1;249.2,472.9;257.7,518.0
123#307.5,598.2;318.3,549.9;342.4,517.7;286.1,504.3;248.5,576.7;224.4,643.8;312.9,512.3;310.2,431.8;310.2,434.5;306.2,384.9;329.0,549.9;342.4,480.1;347.8,431.8;275.3,426.5;253.9,480.1;256.6,523.1
124#312.3,595.6;320.0,549.3;340.6,510.7;291.7,505.6;242.8,585.3;217.1,649.6;312.3,505.6;314.9,436.1;314.9,438.7;311.0,391.1;325.2,505.6;348.3,477.3;350.9,433.6;278.9,436.1;258.3,479.9;273.7,497.9
125#316.0,589.3;328.6,528.9;341.1,513.8;298.4,511.3;245.6,579.2;217.9,654.7;321.0,513.8;318.5,438.3;321.0,440.9;317.2,394.3;326.1,483.6;348.7,476.1;356.2,435.8;283.3,438.3;263.2,488.7;265.7,496.2
126#313.7,615.2;316.0,558.8;352.1,511.3;300.2,513.6;250.5,567.8;214.4,649.1;329.5,511.3;325.0,439.1;325.0,441.4;321.6,401.8;316.0,493.3;354.3,477.5;361.1,439.1;286.6,439.1;268.6,486.5;284.4,486.5
127#322.2,618.7;308.8,565.0;358.0,504.5;313.3,506.8;257.3,556.0;232.7,620.9;333.4,506.8;326.7,444.1;326.7,444.1;323.3,404.9;315.5,500.1;344.6,482.2;362.5,439.6;288.6,439.6;268.5,488.9;286.4,486.6
128#320.2,635.5;304.2,576.4;363.4,505.8;322.4,501.3;256.5,551.3;238.3,610.5;342.9,501.3;329.3,446.7;329.3,448.9;325.9,406.9;315.6,501.3;347.5,485.4;363.4,444.4;290.6,444.4;270.1,494.5;290.6,496.7
129#324.0,642.8;306.7,585.9;366.1,514.2;326.5,501.8;259.7,538.9;239.9,598.3;346.3,509.2;331.4,449.9;331.4,452.4;332.7,401.7;358.6,489.5;395.7,487.0;371.0,447.4;294.3,445.0;267.1,487.0;291.9,499.4
130#324.3,652.2;314.3,597.1;364.4,514.4;321.8,506.9;261.6,526.9;239.1,587.1;344.3,506.9;339.3,446.7;336.8,456.7;333.1,402.9;402.0,446.7;414.5,479.3;376.9,449.2;301.7,439.2;261.6,476.8;284.2,504.4
131#323.4,663.3;323.4,600.3;365.4,519.0;323.4,500.6;263.1,516.3;234.2,576.7;347.1,508.5;341.8,448.1;341.8,456.0;330.0,402.2;326.1,660.7;320.8,600.3;378.6,450.7;310.3,440.2;260.4,461.2;276.2,469.1
132#329.5,668.7;340.0,597.6;369.0,521.2;332.1,505.5;266.3,508.1;232.1,568.6;350.5,513.3;284.7,513.3;290.0,513.3;336.1,406.7;332.1,668.7;432.2,473.9;384.8,450.2;274.2,505.5;261.0,513.3;237.3,560.7
133#338.5,679.1;354.6,609.2;370.7,512.5;335.8,504.4;276.7,499.0;241.7,555.5;349.2,509.8;357.3,458.7;351.9,458.7;342.5,403.6;338.5,679.1;437.9,472.2;386.8,450.7;279.3,493.7;265.9,509.8;241.7,550.1
134#352.7,681.4;363.3,598.8;371.3,510.8;336.7,500.2;288.7,484.2;248.7,548.1;358.0,505.5;358.0,465.5;387.3,505.5;430.0,481.5;355.3,676.1;430.0,486.8;379.3,513.5;294.0,486.8;278.0,494.8;254.0,548.1
135#369.5,669.7;369.5,597.7;377.2,505.0;333.4,502.4;300.0,479.2;284.5,541.0;354.0,505.0;323.1,479.2;361.8,463.8;357.9,411.0;400.4,502.4;426.1,494.7;400.4,456.1;300.0,479.2;294.8,494.7;274.2,546.2
136#376.8,663.6;374.3,593.5;376.8,500.9;331.8,498.4;341.8,591.0;311.7,588.5;351.8,498.4;341.8,473.3;359.3,470.8;373.1,412.0;396.9,498.4;426.9,503.4;406.9,458.3;304.2,478.3;276.7,470.8;244.1,455.8
137#375.8,665.5;380.5,595.4;387.5,506.7;340.8,502.1;291.8,509.1;310.5,593.1;361.8,502.1;333.8,483.4;324.5,497.4;365.3,421.5;394.5,499.7;429.5,506.7;410.9,467.1;315.2,483.4;282.5,476.4;256.8,462.4
138#372.4,668.0;382.2,592.1;387.1,511.3;355.3,503.9;308.7,501.5;313.6,601.9;370.0,503.9;372.4,506.4;330.8,513.7;376.1,412.1;401.8,501.5;438.5,499.0;404.3,513.7;316.1,508.8;301.4,496.6;254.8,472.1
139#382.8,664.5;390.2,585.5;400.1,499.1;358.1,496.6;316.1,531.2;331.0,602.8;380.3,499.1;382.8,452.2;382.8,454.6;381.6,409.0;407.5,518.8;447.0,496.6;417.4,454.6;355.6,432.4;303.8,449.7;264.3,459.6
140#388.7,659.7;396.3,581.3;403.9,492.9;360.9,490.3;323.0,538.3;350.8,578.8;381.1,490.3;381.1,449.9;381.1,452.4;387.4,405.7;414.0,518.1;451.9,490.3;414.0,449.9;355.8,432.2;302.8,452.4;264.9,467.6
141#393.0,650.9;397.9,575.5;402.8,485.5;361.4,485.5;327.3,546.3;354.1,585.2;380.9,485.5;383.3,439.2;383.3,449.0;391.8,403.9;419.8,519.5;451.4,487.9;414.9,451.4;354.1,427.1;305.4,451.4;273.8,468.4
142#400.2,650.5;402.7,567.2;400.2,481.4;359.8,481.4;327.0,547.0;357.3,592.4;380.0,478.9;385.1,441.0;385.1,446.1;396.4,396.9;412.8,526.8;448.2,483.9;417.9,448.6;354.8,423.4;301.8,446.1;276.6,468.8
143#403.0,643.6;403.8,563.2;399.5,476.7;358.3,476.7;336.4,551.5;361.1,602.2;378.9,475.0;385.8,432.9;385.8,438.0;393.8,390.6;412.3,515.8;442.1,479.2;419.2,441.5;352.3,417.6;297.4,435.4;290.4,453.2
144#405.8,636.6;404.9,559.1;398.7,471.9;356.8,471.9;345.9,555.9;364.9,611.9;377.8,471.1;386.6,424.7;386.6,430.0;391.2,384.3;411.8,504.8;436.0,474.6;420.6,434.3;349.8,411.7;293.1,424.6;304.2,437.5
145#408.6,629.7;406.0,555.1;398.0,467.2;355.3,467.2;355.3,560.4;368.7,621.7;376.7,467.2;387.3,416.6;387.3,421.9;388.6,378.0;411.3,493.8;429.9,469.9;421.9,427.2;347.3,405.9;288.7,413.9;318.0,421.9
146#408.2,623.2;410.8,552.3;397.7,462.9;363.6,465.6;355.7,549.6;368.8,623.2;379.3,462.9;379.3,415.6;381.9,413.0;383.3,367.0;403.0,462.9;424.0,457.7;416.1,415.6;350.4,405.1;308.4,410.4;311.0,386.8
147#NULL