1#310.4,722.7;416.4,765.7;430.8,673.9;410.7,685.4;393.5,777.1;310.4,725.5;416.4,676.8;341.9,593.6;344.8,590.8;301.8,550.6;265.9,483.3;316.1,524.8;362.0,573.6;321.8,608.0;261.6,576.4;235.8,533.4
2#311.5,721.2;417.0,764.0;434.1,675.6;405.6,684.1;394.2,778.2;311.5,726.9;417.0,681.3;342.8,592.9;342.8,590.0;300.1,550.1;267.3,483.1;314.3,521.6;359.9,572.9;322.9,607.1;260.1,578.6;237.3,533.0
3#311.8,723.5;418.2,762.7;429.4,673.1;401.4,684.3;393.0,776.7;311.8,723.5;415.4,675.9;339.8,594.7;337.0,591.9;295.0,552.7;268.4,486.9;314.6,521.9;359.4,575.1;317.4,608.7;255.8,577.9;236.2,533.1
4#312.5,720.2;416.7,762.4;428.0,675.1;397.0,683.6;388.6,776.5;309.7,725.8;413.9,680.8;335.0,596.3;335.0,593.4;295.6,551.2;271.7,485.0;312.5,525.9;357.6,576.5;306.9,607.5;250.5,576.5;236.5,534.3
5#308.5,723.4;405.4,760.4;422.5,669.2;388.3,683.4;382.6,769.0;391.2,837.4;402.6,677.7;334.1,589.3;337.0,592.2;297.1,546.6;270.0,488.1;308.5,526.6;356.9,577.9;308.5,600.7;254.3,577.9;237.2,532.3
6#403.4,836.9;392.0,757.1;411.9,665.9;374.9,677.3;363.5,757.1;386.3,845.4;392.0,671.6;335.0,583.3;335.0,583.3;303.6,540.5;258.0,532.0;389.1,600.4;360.6,571.9;309.3,591.8;255.2,574.7;238.1,532.0
7#398.2,822.7;297.8,654.5;398.2,657.4;365.7,672.2;327.3,748.9;374.5,825.7;377.5,666.3;339.1,571.8;339.1,574.8;315.5,527.6;345.0,524.6;365.7,568.9;368.6,565.9;309.6,580.7;256.5,571.8;235.8,533.5
8#388.7,790.0;321.9,729.6;388.7,650.1;353.7,659.7;283.8,653.3;363.3,799.6;369.6,656.5;334.7,564.3;334.7,564.3;318.8,513.4;277.4,484.8;321.9,519.7;363.3,554.7;306.1,570.6;255.2,567.4;236.1,529.3
9#357.2,756.7;273.7,652.3;366.1,634.4;339.3,643.4;264.7,700.0;339.3,759.7;351.2,640.4;324.4,553.9;324.4,547.9;315.4,494.2;279.6,488.3;318.4,506.2;348.2,544.9;297.5,559.9;249.8,562.8;234.9,530.0
10#342.6,748.8;271.0,648.8;349.2,623.5;318.3,631.2;244.4,679.2;313.3,739.4;332.5,628.6;305.5,540.0;305.5,536.4;296.8,482.4;263.1,472.3;302.4,491.7;330.9,531.8;276.5,546.2;227.6,546.2;212.3,511.1
11#328.0,740.9;268.4,645.3;332.4,612.6;297.3,619.0;224.0,658.5;287.3,719.0;313.8,616.9;286.7,526.2;286.7,524.9;278.2,470.5;246.7,456.4;286.3,477.1;313.6,518.7;255.4,532.4;205.4,529.5;189.8,492.1
12#313.4,733.0;265.7,641.8;315.5,601.7;276.3,606.8;203.7,637.7;261.3,698.7;295.1,605.1;267.8,512.3;267.8,513.4;259.6,458.7;230.2,440.4;270.3,462.6;296.3,505.6;234.4,518.7;183.2,512.9;167.2,473.2
13#298.9,725.0;263.1,638.4;298.7,590.8;255.3,594.7;183.4,616.9;235.3,678.4;276.3,593.4;248.9,498.4;248.9,501.8;241.1,446.9;213.7,424.4;254.3,448.0;279.1,492.6;213.4,505.0;161.1,496.2;144.7,454.2
14#284.3,717.1;260.4,634.9;281.8,579.9;234.3,582.5;163.1,596.1;209.3,658.1;257.6,581.6;230.0,484.5;230.0,490.3;222.5,435.1;197.2,408.4;238.3,433.5;261.8,479.5;192.4,491.3;138.9,479.6;122.1,435.3
15#269.7,709.2;257.8,631.4;265.0,569.0;213.3,570.3;142.7,575.4;183.3,637.7;238.9,569.9;211.2,470.7;211.2,478.8;203.9,423.2;180.8,392.5;222.2,418.9;244.5,466.4;171.3,477.5;116.7,462.9;99.6,416.3
16#255.1,701.3;255.1,627.9;248.1,558.1;192.3,558.1;122.4,554.6;157.3,617.4;220.2,558.1;192.3,456.8;192.3,467.3;185.3,411.4;164.3,376.5;206.2,404.4;227.2,453.3;150.3,463.8;94.5,446.3;77.0,397.4
17#223.5,682.2;245.8,615.3;226.7,554.7;169.3,557.9;115.1,567.4;156.5,634.4;198.0,557.9;175.7,459.1;175.7,465.4;175.7,404.9;150.2,376.2;191.6,411.3;217.1,452.7;137.4,462.3;76.8,446.3;73.7,411.3
18#200.2,656.6;233.5,594.9;208.5,555.2;147.7,562.8;91.1,556.9;128.9,624.0;175.0,560.1;157.4,462.2;158.1,463.7;158.1,407.6;156.8,401.5;191.9,430.3;199.3,457.9;121.7,465.7;70.4,461.8;73.7,427.6
19#176.9,630.9;221.1,574.6;190.2,555.8;126.1,567.7;67.1,546.3;101.4,613.7;152.0,562.2;139.1,465.2;140.5,461.9;140.5,410.4;163.3,426.7;192.1,449.3;181.6,463.1;105.9,469.0;63.9,477.4;73.8,443.9
20#153.6,605.3;208.8,554.2;172.0,556.3;104.5,572.6;43.1,535.8;73.8,603.3;129.0,564.4;120.8,468.3;122.9,460.2;122.9,413.1;169.9,452.0;192.4,468.3;163.8,468.3;90.2,472.4;57.5,492.9;73.8,460.2
21#137.3,589.6;190.0,542.7;170.5,554.4;88.4,570.0;24.0,523.2;35.7,597.4;145.1,562.2;104.1,474.3;108.0,464.6;102.1,421.6;160.7,447.0;176.3,474.3;141.2,474.3;63.1,478.2;70.9,493.9;90.4,493.9
22#123.4,590.6;166.4,549.6;131.2,535.9;62.9,565.2;6.2,522.3;6.2,594.5;82.4,555.5;94.1,473.4;94.1,463.7;86.3,420.7;148.8,453.9;168.3,483.2;129.3,467.6;51.1,473.4;39.4,479.3;74.6,481.2
23#108.7,620.7;144.0,554.3;90.0,550.2;48.6,546.0;83.8,546.0;27.8,562.6;71.4,548.1;77.6,467.2;79.7,461.0;72.4,414.3;150.2,463.1;162.6,492.1;114.9,465.1;44.4,471.4;44.4,496.3;67.2,481.7
24#102.4,607.2;138.2,546.6;78.6,546.0;36.9,540.9;77.9,539.4;22.2,564.1;59.3,544.0;72.8,460.8;74.8,454.2;72.0,407.7;148.7,471.4;150.7,495.6;110.5,462.2;38.1,460.5;39.1,484.6;68.4,482.9
25#96.2,593.7;132.3,538.9;67.2,541.8;25.1,535.8;72.0,532.9;16.6,565.6;47.3,539.8;67.9,454.4;70.0,447.4;71.7,401.1;147.1,479.7;138.8,499.1;106.1,459.2;31.8,449.6;33.8,472.9;69.5,484.1
26#89.9,580.1;126.5,531.3;55.9,537.6;13.4,530.7;66.1,526.3;11.1,567.1;35.2,535.6;63.0,448.0;65.1,440.6;71.3,394.5;145.6,488.0;126.8,502.6;101.7,456.2;25.4,438.8;28.4,461.1;70.7,485.3
27#83.6,566.6;120.7,523.6;44.5,533.4;1.6,525.6;60.2,519.7;5.5,568.6;23.1,531.5;58.2,441.6;60.2,433.8;70.9,387.9;144.1,496.3;114.9,506.1;97.3,453.3;19.1,427.9;23.1,449.4;71.9,486.5
28#86.5,551.5;125.4,518.6;41.7,539.5;8.8,536.6;-0.1,590.4;11.8,668.0;29.8,539.5;65.6,437.9;65.6,429.0;113.4,387.1;152.3,509.7;116.4,500.7;107.5,449.9;32.8,414.0;23.8,494.7;119.4,485.8
29#6.3,668.1;17.7,608.1;57.6,534.0;17.7,531.1;12.0,605.3;3.4,668.1;37.6,531.1;71.9,436.9;91.9,425.5;121.8,381.3;166.1,528.2;126.1,499.7;114.7,445.5;26.2,439.8;69.0,476.9;69.0,522.5
30#7.4,664.2;22.3,604.8;57.9,533.6;22.3,530.7;13.4,601.9;4.5,664.2;43.0,530.7;84.6,423.9;93.5,415.0;139.5,374.9;170.6,530.7;161.7,495.1;120.2,438.7;51.9,415.0;66.8,474.3;102.4,509.9
31#100.5,562.5;148.5,508.5;82.5,496.5;37.5,499.5;22.5,586.5;10.5,658.5;58.5,499.5;94.5,415.5;100.5,406.5;141.0,366.0;196.5,511.5;178.5,484.5;130.5,424.5;58.5,403.5;79.5,472.5;115.5,511.5
32#104.0,574.9;159.3,512.2;96.7,486.4;52.4,482.7;37.7,574.9;26.6,652.4;70.8,482.7;107.7,397.9;107.7,397.9;155.7,357.4;222.0,479.0;185.2,460.6;144.6,420.0;74.5,375.8;78.2,327.9;93.0,283.6
33#113.6,585.6;158.6,516.3;120.5,474.8;65.1,471.3;40.8,561.4;40.8,637.5;92.8,471.3;120.5,395.1;120.5,395.1;158.6,350.1;227.8,447.1;196.7,443.6;158.6,409.0;82.4,374.4;72.0,319.0;85.9,284.3
34#117.8,599.6;166.2,509.4;133.9,480.5;82.4,477.2;40.5,544.9;59.9,615.7;108.2,480.5;127.5,387.1;127.5,390.3;162.9,342.0;240.2,377.4;233.8,419.3;166.2,399.9;92.1,377.4;56.7,332.3;88.9,296.9
35#117.5,609.3;156.5,549.4;147.5,474.5;96.6,468.5;33.7,522.4;75.6,594.3;123.5,474.5;135.5,375.7;135.5,381.7;165.5,330.8;228.3,336.8;237.3,381.7;177.4,384.7;96.6,372.7;57.7,342.8;93.6,309.8
36#123.6,626.3;156.4,557.8;165.3,480.4;105.7,471.5;34.2,501.2;90.8,560.8;135.5,471.5;141.5,367.2;138.5,370.2;147.4,322.5;214.4,297.2;233.8,349.3;180.2,367.2;102.7,367.2;64.0,358.3;96.8,325.5
37#146.7,620.1;155.9,586.4;174.4,485.1;116.1,475.9;33.2,475.9;106.9,525.0;146.7,475.9;143.7,356.3;137.5,359.3;140.6,307.2;211.2,273.4;223.4,325.6;180.5,353.2;100.7,362.4;73.1,374.7;97.6,344.0
38#160.6,621.1;171.5,557.5;177.7,467.6;121.8,467.6;44.3,449.0;90.8,470.7;149.8,467.6;143.6,362.1;143.6,365.2;140.4,312.5;218.0,262.9;208.7,312.5;180.8,359.0;103.2,365.2;81.5,390.1;100.1,359.0
39#188.0,531.5;209.4,480.9;190.7,470.2;134.7,467.5;54.6,435.5;105.3,472.8;158.7,467.5;145.3,363.5;148.0,363.5;142.7,310.1;220.0,262.1;206.7,310.1;185.3,352.8;105.3,366.1;94.6,406.1;100.0,395.5
40#203.2,508.9;221.9,474.3;200.6,458.4;136.7,461.0;64.8,431.7;107.4,463.7;168.6,461.0;150.0,359.9;150.0,362.5;147.3,311.9;221.9,277.3;216.6,317.3;189.9,357.2;104.8,370.5;96.8,421.1;104.8,431.7
41#204.5,551.0;219.8,472.1;196.9,449.2;135.8,456.8;115.5,464.4;112.9,477.2;166.4,449.2;153.6,370.3;153.6,365.2;158.7,314.3;224.9,293.9;232.5,334.7;191.8,362.6;110.4,377.9;100.2,431.4;92.6,459.4
42#212.1,525.8;222.7,466.1;195.0,449.1;135.4,455.5;90.6,464.0;141.8,517.3;165.2,453.3;160.9,374.5;160.9,363.9;169.5,319.1;231.3,312.7;239.8,357.5;203.6,372.4;118.3,376.6;94.9,429.9;109.8,406.5
43#217.4,522.9;232.6,459.7;197.8,455.3;134.6,457.5;82.3,468.4;143.3,531.6;167.3,457.5;167.3,376.9;169.4,366.1;182.5,320.3;237.0,335.6;239.1,372.6;210.8,374.8;123.7,376.9;88.9,427.0;115.0,416.1
44#214.4,537.3;236.4,464.8;192.5,453.8;135.3,458.2;84.8,464.8;141.9,528.5;168.3,456.0;172.7,374.7;174.9,363.7;187.0,318.6;238.6,361.5;245.2,385.7;214.4,374.7;126.5,372.5;87.0,420.8;117.8,416.4
45#223.4,566.7;232.9,484.0;199.8,458.0;145.5,453.2;95.8,453.2;147.8,517.1;176.2,450.9;180.9,372.9;178.5,361.1;189.2,312.6;249.4,370.5;230.5,427.2;225.8,375.3;133.6,368.2;81.7,408.3;102.9,406.0
46#223.2,581.4;225.7,513.9;235.7,451.5;163.2,451.5;110.8,446.5;125.8,493.9;198.2,454.0;188.2,371.5;188.2,356.5;226.9,320.3;225.7,429.0;238.2,441.5;240.7,376.5;138.3,364.0;78.3,389.0;105.8,389.0
47#227.4,595.2;224.8,525.5;242.9,455.7;152.5,453.1;126.6,507.4;113.7,520.3;206.7,458.3;196.4,367.9;196.4,360.1;223.5,317.5;242.9,429.9;250.6,422.1;245.5,375.6;142.1,360.1;82.7,367.9;121.4,365.3
48#240.0,606.1;221.0,530.2;218.3,446.2;153.3,448.9;185.8,486.9;120.8,538.3;183.1,448.9;185.8,365.0;185.8,359.5;184.4,309.4;226.4,405.6;240.0,413.7;231.8,370.4;139.7,356.8;91.0,348.7;119.4,309.4
49#238.2,606.3;230.4,527.9;219.9,444.2;157.2,444.2;162.4,509.5;120.5,564.5;185.9,441.5;196.4,365.7;199.0,360.5;234.3,314.7;230.4,420.6;253.9,423.2;240.8,373.6;146.7,357.9;99.6,336.9;162.4,499.1
50#225.1,585.0;235.3,516.1;230.2,444.6;171.5,436.9;171.5,480.3;161.3,544.1;199.6,444.6;202.1,368.0;204.7,362.9;239.2,318.2;235.3,431.8;255.8,424.2;243.0,373.1;148.5,357.8;102.6,352.7;101.3,323.3
51#219.0,562.7;236.9,503.9;234.3,452.8;180.6,450.2;183.2,493.7;160.2,560.2;208.7,450.2;203.6,371.0;203.6,360.8;197.2,316.0;234.3,422.1;267.5,422.1;247.1,373.5;155.0,365.9;109.0,376.1;103.9,345.4
52#221.9,554.0;234.7,497.7;242.3,467.0;191.2,456.8;180.9,510.5;160.5,587.3;219.3,459.3;211.6,377.5;209.1,367.2;195.0,319.9;242.3,444.0;275.6,433.8;257.7,385.1;168.1,372.4;119.5,392.8;111.8,364.7
53#249.5,515.7;224.4,523.3;249.5,455.4;196.7,462.9;176.6,528.3;164.0,603.8;224.4,460.4;221.9,382.4;219.4,369.8;203.0,328.3;247.0,440.3;299.9,427.7;267.1,382.4;174.1,379.9;128.8,410.1;116.2,379.9
54#236.5,544.6;223.6,511.1;262.4,467.1;203.0,474.9;171.9,542.1;161.6,619.6;234.0,469.7;223.6,384.4;218.5,371.5;201.7,331.5;259.8,436.1;306.3,405.1;267.6,379.3;174.5,384.4;138.4,420.6;115.1,402.5
55#170.5,621.5;226.3,510.0;266.1,456.9;205.0,467.5;178.5,547.1;162.5,621.5;234.2,462.2;215.6,379.9;215.6,372.0;203.7,325.5;239.5,433.0;266.1,417.1;258.1,372.0;175.8,387.9;146.6,430.4;117.4,419.7
56#248.2,563.1;237.7,486.7;266.7,455.0;214.0,462.9;179.7,539.4;182.3,618.5;237.7,457.7;216.6,378.6;216.6,370.6;210.0,324.5;224.5,418.1;266.7,415.5;256.1,370.6;174.4,389.1;142.8,433.9;113.8,431.3
57#247.0,574.7;225.8,502.0;265.2,459.5;216.7,462.5;174.3,526.2;207.6,595.9;241.0,459.5;213.7,377.7;207.6,371.6;207.6,320.1;244.0,304.9;280.4,332.2;244.0,362.5;174.3,386.8;144.0,432.2;116.7,444.4
58#246.7,587.8;218.5,515.8;259.2,453.2;218.5,456.3;165.3,500.1;212.2,565.9;243.5,453.2;202.8,374.9;206.0,374.9;196.6,321.7;243.5,299.8;274.8,327.9;240.4,362.4;165.3,390.6;143.3,440.6;112.0,459.4
59#247.8,607.4;229.7,522.9;259.9,465.5;205.6,465.5;157.3,486.6;211.6,535.0;232.7,468.5;199.5,377.9;199.5,374.9;184.4,323.6;250.9,314.5;281.1,338.7;235.8,359.8;157.3,393.0;133.1,441.3;108.9,471.5
60#242.8,619.8;237.0,532.7;254.4,468.8;193.5,463.0;161.5,465.9;144.1,518.2;222.5,465.9;187.6,378.8;187.6,373.0;168.8,319.2;245.7,329.4;277.7,349.7;231.2,364.3;147.0,393.3;123.7,445.6;106.3,483.3
61#243.3,625.9;237.3,539.3;243.3,464.6;186.5,464.6;183.5,512.4;144.7,530.3;210.4,464.6;174.6,381.0;174.6,378.0;158.2,319.8;240.3,464.6;252.2,390.0;213.4,363.1;132.8,393.0;117.8,446.7;108.9,494.5
62#245.1,617.7;236.5,537.2;230.7,453.7;176.1,459.5;153.0,511.3;138.7,551.6;199.1,459.5;161.7,378.9;161.7,373.2;148.7,320.0;256.6,370.3;256.6,390.5;204.8,361.7;118.5,393.3;109.9,445.1;107.0,491.1
63#236.2,608.7;221.3,528.2;212.3,456.7;155.7,456.7;167.6,480.5;140.8,552.1;182.5,456.7;155.7,376.2;155.7,373.2;151.2,312.1;260.0,406.0;245.1,400.1;197.4,364.3;111.0,388.1;93.1,438.8;117.0,483.5
64#227.4,590.7;230.3,511.9;188.0,452.8;140.2,452.8;174.0,486.6;140.2,554.1;165.5,452.8;151.4,374.0;151.4,374.0;147.2,313.5;255.6,427.5;238.7,407.8;196.5,371.2;109.2,379.6;72.6,427.5;117.7,452.8
65#215.7,568.4;240.2,497.7;177.6,451.4;128.7,459.6;177.6,497.7;142.3,571.2;153.2,459.6;150.4,378.0;150.4,375.3;151.8,316.8;240.2,416.1;232.1,410.6;191.2,375.3;104.2,380.7;57.9,410.6;101.5,418.8
66#214.1,543.0;249.2,481.6;176.1,464.0;126.4,472.8;170.2,510.9;141.0,592.8;149.8,469.9;143.9,379.2;143.9,379.2;148.3,319.2;237.5,423.1;240.5,420.2;184.9,376.3;100.0,382.1;47.4,393.8;67.8,396.8
67#211.6,521.3;251.7,456.4;180.6,462.5;121.9,471.8;155.9,530.6;140.4,607.9;149.7,465.6;140.4,379.1;143.5,385.3;151.3,321.9;233.2,422.4;236.3,416.2;183.7,376.0;100.3,379.1;41.5,366.7;72.4,369.8
68#202.4,494.2;250.1,446.5;182.0,460.1;134.3,484.0;137.7,545.3;144.5,616.9;158.1,473.8;137.7,374.9;137.7,381.7;151.3,320.4;243.3,446.5;233.1,405.6;182.0,378.3;93.4,371.5;52.5,340.8;78.0,305.0
69#251.7,504.2;244.7,430.4;177.9,462.0;132.2,476.1;132.2,553.4;139.2,627.2;156.8,469.1;135.7,367.2;132.2,374.2;149.8,318.0;220.1,409.3;234.1,391.8;174.4,370.7;97.1,363.7;65.5,314.5;70.7,288.1
70#206.1,484.8;238.2,423.7;180.4,449.4;129.0,468.7;132.2,545.8;135.4,622.9;154.7,459.1;141.8,359.5;138.6,372.3;154.7,314.5;206.1,475.2;218.9,369.1;180.4,365.9;100.1,356.3;64.7,317.7;66.3,300.0
71#212.8,502.2;232.5,440.0;170.3,446.6;121.2,466.2;127.7,541.5;134.3,613.5;144.1,456.4;137.5,358.2;134.3,364.7;149.0,304.2;239.0,354.9;222.7,354.9;183.4,358.2;95.0,354.9;45.9,328.7;57.3,304.2
72#210.5,517.7;224.7,451.8;167.9,438.8;116.8,452.9;110.9,528.6;128.6,597.0;141.2,446.4;133.8,353.4;131.6,357.7;141.4,299.0;203.5,330.8;206.9,337.9;176.6,352.4;92.2,352.2;45.2,343.9;55.8,317.4
73#208.2,533.3;216.8,463.5;165.5,431.1;112.4,439.7;94.2,515.8;122.9,580.6;138.4,436.4;130.0,348.5;129.0,350.7;133.9,293.8;168.0,306.6;191.1,320.9;169.9,346.5;89.4,349.5;44.4,359.1;54.4,330.5
74#205.9,548.8;209.0,475.3;163.1,423.3;108.0,426.4;77.4,502.9;117.2,564.1;135.5,426.4;126.3,343.7;126.3,343.7;126.3,288.6;132.5,282.5;175.3,303.9;163.1,340.7;86.6,346.8;43.7,374.3;52.9,343.7
75#207.9,562.5;201.7,490.5;154.7,424.8;107.8,431.1;51.5,481.1;98.4,540.6;129.7,427.9;117.2,343.5;114.0,337.2;114.0,287.1;114.0,265.2;157.9,296.5;154.7,337.2;73.4,346.6;51.5,387.3;67.1,368.5
76#210.4,572.5;189.6,499.8;158.4,416.7;103.0,420.2;30.3,454.8;75.3,513.7;130.7,420.2;103.0,337.1;103.0,333.6;99.6,281.6;103.0,253.9;137.7,288.6;141.1,333.6;64.9,344.0;54.5,389.0;71.9,378.6
77#210.8,581.3;176.0,504.7;155.1,421.2;95.9,417.7;8.9,424.7;54.2,490.8;123.8,421.2;92.5,334.2;92.5,334.2;85.5,275.0;169.0,428.1;155.1,375.9;130.7,327.2;54.2,341.1;43.7,393.3;68.1,375.9
78#197.8,578.7;166.3,496.8;141.1,418.0;78.1,418.0;8.7,411.7;40.2,477.9;112.7,418.0;78.1,332.8;78.1,326.5;68.6,273.0;160.0,414.8;144.3,361.2;122.2,317.1;37.1,342.3;11.9,395.9;33.9,383.3
79#162.2,556.2;165.1,495.5;127.5,420.3;72.5,426.1;11.8,402.9;20.5,475.2;95.7,423.2;66.7,336.4;63.8,333.5;65.3,282.9;130.4,397.1;136.2,362.4;115.9,327.7;20.5,348.0;6.0,397.1;17.6,455.0
80#130.6,532.8;162.0,483.0;114.9,433.2;62.5,435.9;23.2,425.4;12.7,451.6;86.1,428.0;59.9,344.2;57.3,341.6;53.3,290.5;135.8,409.7;125.4,378.2;104.4,338.9;12.7,352.0;10.1,409.7;4.9,469.9
81#118.4,532.2;146.5,482.2;110.2,435.2;62.3,436.1;26.9,432.9;18.8,464.2;84.5,430.5;64.3,349.9;63.1,346.8;59.5,297.7;127.6,412.3;122.8,386.1;102.7,345.8;23.4,355.8;10.8,410.1;11.7,461.2
82#106.1,531.6;131.0,481.4;105.4,437.2;62.0,436.4;30.6,440.4;24.9,476.8;83.0,433.0;68.8,355.7;69.0,352.0;65.7,304.9;119.4,415.0;120.2,394.0;101.0,352.8;34.0,359.6;11.5,410.4;18.4,452.5
83#93.9,530.9;115.4,480.7;100.7,439.1;61.8,436.6;34.4,448.0;31.1,489.3;81.4,435.6;73.2,361.4;74.8,357.2;71.8,312.1;111.1,417.6;117.7,401.8;99.4,359.8;44.7,363.4;12.1,410.8;25.2,443.8
84#81.7,530.3;99.9,479.9;96.0,441.1;61.6,436.8;38.1,455.5;37.2,501.9;79.8,438.1;77.6,367.2;80.7,362.4;78.0,319.3;102.9,420.2;115.1,409.7;97.7,366.7;55.4,367.2;12.8,411.2;32.0,435.1
85#69.4,529.7;84.4,479.1;91.2,443.1;61.3,437.1;41.8,463.0;43.3,514.5;78.3,440.6;82.1,372.9;86.5,367.6;84.2,326.5;94.7,422.9;112.5,417.6;96.0,373.6;66.0,371.0;13.5,411.5;38.7,426.4
86#57.2,529.1;68.9,478.3;86.5,445.1;61.1,437.3;45.5,470.5;49.4,527.1;76.7,443.1;86.5,378.7;92.4,372.8;90.4,333.7;86.5,425.5;109.9,425.5;94.3,380.6;76.7,374.8;14.2,411.9;45.5,417.7
87#62.3,560.3;55.0,491.8;67.2,445.3;23.2,445.3;1.1,494.3;57.4,555.4;45.2,447.8;47.6,374.3;50.1,371.9;51.3,324.2;81.9,413.5;106.4,425.7;94.1,379.2;8.5,374.3;3.6,415.9;23.2,423.3
88#61.7,573.9;49.9,509.1;82.4,467.8;20.5,464.9;2.8,503.2;52.9,573.9;49.9,464.9;52.9,379.4;55.8,382.4;45.5,319.0;100.1,438.4;135.4,429.5;97.1,385.3;11.6,379.4;8.7,417.7;38.2,438.4
89#57.4,591.7;55.0,520.7;96.6,471.8;25.6,459.5;1.1,498.7;52.5,589.2;74.6,471.8;55.0,388.5;57.4,381.2;51.3,348.2;101.5,430.2;145.5,425.3;96.6,391.0;13.4,381.2;6.0,420.4;37.9,425.3
90#57.3,612.8;60.0,539.7;89.8,480.1;41.0,474.7;49.1,537.0;51.8,607.4;70.8,477.4;57.3,388.0;57.3,388.0;50.5,337.8;152.1,412.3;135.8,406.9;97.9,390.7;13.9,388.0;5.8,431.3;30.2,425.9
91#55.9,624.2;58.7,555.7;90.1,484.4;33.1,470.1;67.3,552.9;50.2,621.3;61.6,475.8;61.6,387.3;61.6,390.2;58.7,336.0;113.0,378.8;150.1,395.9;107.3,387.3;18.8,390.2;4.5,435.9;30.2,421.6
92#62.1,629.9;78.4,559.7;86.5,492.2;37.8,489.5;56.7,562.4;54.0,624.5;62.1,492.2;56.7,389.5;56.7,389.5;66.2,336.9;121.6,349.0;140.5,384.1;100.0,386.8;16.2,389.5;8.1,427.4;32.4,427.4
93#71.0,628.5;79.1,563.9;87.2,491.2;46.8,491.2;54.9,561.2;60.3,625.8;68.3,491.2;57.6,388.8;57.6,388.8;61.6,336.3;127.6,372.7;141.1,388.8;95.3,388.8;17.2,388.8;6.4,429.2;19.9,456.2
94#64.3,624.6;79.1,565.4;89.0,481.5;29.8,476.6;61.8,550.6;59.4,614.7;61.8,481.5;56.9,385.3;59.4,380.4;63.1,347.1;133.4,397.6;148.2,407.5;93.9,387.8;17.4,385.3;5.1,427.2;29.8,447.0
95#63.9,604.9;94.0,542.3;80.1,479.8;17.6,475.2;63.9,514.5;54.6,567.8;45.4,479.8;56.9,384.8;59.3,382.5;99.8,353.5;133.4,412.6;117.2,414.9;91.7,384.8;12.9,384.8;17.6,428.8;33.8,458.9
96#72.1,588.2;112.6,522.9;67.6,480.2;22.6,482.4;74.4,520.7;60.9,583.7;47.4,480.2;51.9,387.9;51.9,387.9;66.5,346.3;128.4,421.7;139.6,432.9;90.1,390.2;13.6,387.9;18.1,421.7;56.4,428.4
97#87.8,571.2;123.3,507.1;75.9,478.7;26.1,483.4;66.4,530.8;64.1,599.6;52.2,483.4;52.2,395.7;54.6,393.3;65.3,349.5;118.6,438.4;125.7,436.0;92.5,393.3;16.7,395.7;26.1,428.9;52.2,436.0
98#99.9,550.2;129.5,493.4;77.6,471.2;28.3,473.6;57.9,542.8;67.8,616.8;53.0,473.6;57.9,397.1;57.9,397.1;69.0,349.0;127.0,446.5;122.1,439.1;94.9,399.6;18.4,394.6;33.2,431.7;55.4,436.6
99#85.4,578.5;110.0,519.4;86.0,474.7;38.7,477.3;54.6,550.4;59.2,621.9;62.9,476.3;63.2,401.3;63.2,399.3;70.6,350.9;129.5,465.0;132.0,442.8;101.4,403.9;22.4,397.7;23.6,434.0;47.1,435.3
100#71.0,606.8;90.5,545.5;94.4,478.3;49.0,481.0;51.2,558.1;50.7,627.1;72.7,479.1;68.6,405.4;68.6,401.6;72.3,352.8;132.1,483.6;142.0,446.4;107.9,408.2;26.5,400.7;14.1,436.2;38.8,434.0
101#56.5,635.1;71.0,571.5;102.8,481.8;59.4,484.7;47.9,565.7;42.1,632.2;82.6,481.8;73.9,409.6;73.9,403.8;73.9,354.7;134.6,502.1;151.9,450.1;114.4,412.5;30.5,403.8;4.5,438.5;30.5,432.7
102#55.7,632.9;64.6,570.2;109.4,489.5;67.6,489.5;40.7,564.2;40.7,632.9;88.5,489.5;79.5,411.9;79.5,405.9;73.6,358.1;133.3,474.6;175.1,450.7;118.4,414.9;37.7,405.9;7.9,447.7;25.8,444.7
103#60.6,626.0;65.9,562.6;113.2,490.4;70.2,488.4;36.3,554.0;41.1,620.5;92.0,489.8;84.6,413.1;84.6,409.2;78.1,360.4;137.2,448.5;172.7,437.4;122.0,415.3;44.4,407.9;10.4,445.4;30.0,443.1
104#65.5,619.1;67.1,555.0;117.0,491.4;72.8,487.2;32.0,543.8;41.6,608.2;95.5,490.0;89.7,414.2;89.7,412.6;82.6,362.8;141.2,422.4;170.3,424.1;125.6,415.8;51.0,409.9;12.9,443.1;34.1,441.6
105#70.3,612.3;68.4,547.3;120.7,492.3;75.4,486.1;27.6,533.5;42.0,595.9;99.1,490.2;94.7,415.4;94.7,415.9;87.1,365.1;145.2,396.2;167.9,410.8;129.1,416.2;57.7,411.9;15.3,440.8;38.2,440.1
106#75.2,605.4;69.7,539.7;124.5,493.2;78.0,485.0;23.2,523.3;42.4,583.5;102.6,490.5;99.8,416.6;99.8,419.3;91.6,367.4;149.1,370.1;165.5,397.5;132.7,416.6;64.3,413.9;17.8,438.5;42.4,438.5
107#72.5,623.2;80.7,554.9;140.8,500.2;83.4,489.3;20.6,508.4;47.9,563.1;119.0,494.8;97.1,412.8;97.1,415.5;91.6,366.3;151.7,374.5;168.1,401.9;132.6,412.8;58.8,412.8;6.9,426.4;-6.7,415.5
108#70.2,641.4;93.2,564.9;149.3,501.2;88.1,496.1;24.3,488.4;60.0,544.5;126.3,503.7;95.7,411.9;95.7,411.9;81.7,372.3;149.3,386.4;177.3,414.4;134.0,411.9;57.5,411.9;3.9,417.0;1.3,417.0
109#83.0,635.4;114.7,567.2;161.0,498.9;114.7,496.5;31.8,477.0;61.1,537.9;136.7,496.5;100.1,406.3;97.7,403.9;94.0,380.7;153.7,406.3;183.0,423.4;139.1,406.3;61.1,408.8;5.0,418.5;53.8,530.6
110#99.8,636.9;129.3,563.2;168.6,496.8;124.4,504.1;35.8,472.2;62.9,541.0;144.0,496.8;102.2,410.7;102.2,403.3;91.2,377.5;176.0,430.4;185.8,435.3;141.6,408.2;60.4,408.2;11.2,430.4;1.4,423.0
111#134.8,611.2;134.8,545.0;167.9,491.6;106.8,483.9;35.6,483.9;50.8,552.6;137.4,486.5;109.4,407.6;109.4,405.0;97.9,370.7;150.1,435.6;185.7,443.2;152.6,415.2;68.6,407.6;27.9,445.7;43.2,438.1
112#149.9,572.7;162.7,521.6;154.2,472.6;92.4,470.5;30.7,498.2;47.7,568.4;122.2,472.6;113.7,406.6;109.5,391.7;102.0,365.1;160.5,538.6;188.2,451.3;158.4,410.9;71.1,404.5;34.9,444.9;47.7,444.9
113#155.7,553.1;181.6,512.1;144.9,466.8;95.3,462.4;30.5,509.9;45.6,579.0;121.2,464.6;121.2,406.3;116.9,397.7;113.6,353.5;160.0,451.6;192.4,458.1;168.7,417.1;75.9,402.0;34.9,440.9;41.3,445.2
114#157.2,554.4;189.3,500.8;140.1,466.5;88.6,464.4;32.9,522.2;47.9,588.7;114.4,464.4;127.2,404.4;125.1,395.8;126.1,358.3;167.9,447.2;204.3,455.8;170.1,413.0;84.4,398.0;32.9,432.2;43.7,451.5
115#154.1,565.2;189.0,507.9;141.7,468.0;94.3,468.0;44.5,532.8;49.5,600.1;119.2,468.0;129.2,400.7;129.2,398.2;133.0,349.6;164.1,438.1;213.9,440.6;171.6,408.2;86.8,395.7;32.0,418.2;56.9,425.6
116#152.2,587.1;182.2,527.0;144.0,477.8;94.8,475.1;62.0,535.2;45.6,600.8;119.4,477.8;135.8,393.1;135.8,393.1;134.4,337.1;220.5,423.2;223.2,425.9;176.7,398.6;92.0,387.7;40.1,406.8;62.0,409.5
117#149.6,603.7;168.6,546.6;155.0,475.8;106.0,470.3;70.6,532.9;48.8,595.6;130.5,473.0;138.7,383.2;138.7,377.8;131.9,330.1;212.2,396.8;220.4,399.5;176.8,388.6;97.9,380.5;51.6,391.4;76.1,394.1
118#154.4,614.9;159.8,546.7;162.6,475.8;116.2,467.6;67.1,527.6;67.1,584.9;138.0,473.0;140.7,380.3;140.7,372.1;128.5,324.3;187.1,448.5;208.9,385.7;176.2,377.5;108.0,383.0;72.5,383.0;91.6,358.4
119#170.4,615.5;162.3,540.2;178.5,475.7;122.0,467.7;68.3,524.1;100.5,569.8;146.2,475.7;148.9,373.6;146.2,379.0;128.8,334.6;191.9,473.0;194.6,424.7;183.8,379.0;108.6,376.3;84.4,389.7;97.8,370.9
120#174.4,615.1;174.4,546.2;187.7,479.9;126.7,471.9;68.3,509.0;121.4,546.2;155.8,477.2;147.9,381.7;145.2,379.1;133.3,340.6;198.3,461.3;200.9,418.9;185.0,384.4;110.8,381.7;84.2,397.6;102.8,384.4
121#181.0,601.4;187.0,545.4;195.0,467.4;139.0,459.4;73.0,491.4;137.0,525.4;169.0,463.4;145.0,383.4;143.0,377.4;130.0,354.4;173.0,483.4;199.0,407.4;175.0,381.4;113.0,385.4;85.0,407.4;95.0,403.4
122#215.2,608.9;204.0,546.8;197.9,465.3;144.9,461.3;79.7,481.6;153.1,522.4;171.4,463.3;144.9,383.8;144.9,379.8;129.6,352.3;151.0,394.0;201.9,406.3;175.5,383.8;114.4,387.9;89.9,418.5;96.0,416.4
123#226.4,609.0;204.3,540.5;204.3,471.9;149.1,467.5;93.8,483.0;151.3,531.6;173.4,469.7;157.9,394.5;151.3,381.3;181.1,362.5;217.6,465.3;211.0,436.5;197.7,401.2;115.9,387.9;93.8,425.5;107.0,423.3
124#205.6,578.0;211.8,530.3;207.7,460.0;147.6,457.9;108.3,501.4;160.0,553.1;174.5,457.9;149.7,389.6;145.5,377.1;134.2,355.4;197.3,472.4;205.6,435.1;199.4,399.9;112.4,389.6;97.9,431.0;108.3,424.8
125#205.8,571.8;216.5,518.3;197.3,452.0;139.5,458.4;118.2,511.9;167.3,571.8;167.3,449.9;152.4,394.3;146.0,375.0;140.6,352.5;197.3,449.9;212.3,447.7;199.4,398.5;107.5,392.1;94.6,434.9;118.2,432.8
126#199.0,553.3;228.4,501.2;185.3,446.7;140.0,455.8;121.9,519.3;164.9,576.0;160.4,453.5;149.1,387.8;146.8,383.2;143.4,341.3;208.0,415.0;212.6,408.2;187.6,390.0;106.0,390.0;81.0,430.9;99.2,435.4
127#199.8,527.1;238.6,485.8;181.7,449.6;137.8,465.1;127.5,527.1;166.2,586.6;161.0,457.4;148.1,385.0;148.1,387.6;157.2,334.6;228.2,392.8;223.1,392.8;186.9,382.4;109.4,387.6;62.9,413.4;93.9,426.4
128#193.8,501.6;241.3,462.0;180.7,459.4;138.5,469.9;135.9,530.5;162.2,591.1;159.6,467.3;149.0,385.6;149.0,385.6;168.8,336.9;109.5,459.4;172.8,419.9;183.3,383.0;114.8,383.0;56.8,396.2;77.9,406.7
129#163.1,589.6;165.8,532.8;173.9,459.9;138.7,462.6;146.8,532.8;149.5,592.3;157.6,462.6;154.9,381.5;154.9,381.5;169.8,328.8;187.4,462.6;198.2,427.4;190.1,384.2;119.8,376.1;63.0,378.8;71.1,381.5
130#162.7,581.6;162.7,526.2;187.6,451.3;146.1,456.9;143.3,523.4;151.6,584.4;165.5,454.1;157.2,368.2;157.2,376.5;168.2,326.6;104.5,473.5;226.4,373.7;193.2,365.4;115.6,371.0;68.5,368.2;57.4,348.8
131#172.0,562.3;153.3,514.2;193.4,450.1;148.0,455.5;134.7,508.9;166.7,564.9;169.4,452.8;158.7,367.4;158.7,372.7;164.0,322.0;193.4,399.4;228.1,388.7;193.4,364.7;116.0,370.0;75.9,359.4;43.9,343.3
132#157.9,491.1;165.0,455.4;203.2,431.5;155.5,443.4;134.0,503.0;174.6,538.8;181.7,433.9;160.3,364.7;160.3,367.1;162.7,321.8;208.0,422.0;227.0,395.7;196.0,362.3;117.3,367.1;81.6,364.7;43.4,352.8
133#182.8,517.1;180.8,453.8;205.3,419.0;160.4,421.1;133.8,478.3;170.6,508.9;180.8,421.1;164.5,363.9;164.5,363.9;159.3,319.9;217.6,421.1;229.8,400.6;203.3,361.8;125.6,365.9;80.7,372.0;43.9,363.9
134#183.1,490.8;173.4,447.8;202.7,404.9;167.5,406.8;134.3,453.7;173.4,494.7;185.1,406.8;161.6,359.9;163.6,359.9;150.9,319.9;232.0,401.0;220.2,373.6;194.9,356.0;128.4,361.9;79.6,377.5;48.4,371.7
135#176.3,498.6;176.3,459.6;211.4,395.1;178.2,399.0;133.3,434.2;172.4,467.4;195.8,399.0;164.6,352.1;164.6,356.0;146.0,316.0;82.5,395.1;119.6,383.4;191.9,350.2;137.2,358.0;84.5,377.5;66.9,387.3
136#176.7,511.5;178.7,458.1;246.0,432.4;202.5,432.4;137.2,412.6;158.9,466.0;220.3,430.4;160.9,349.3;162.9,351.2;144.1,320.6;87.7,416.5;121.3,402.7;188.6,345.3;133.2,355.2;83.7,384.9;69.9,402.7
137#185.7,515.7;183.8,458.2;249.2,424.4;215.5,420.5;142.1,412.5;154.0,472.0;231.4,420.5;161.9,347.0;161.9,345.0;141.1,320.2;90.5,418.5;179.8,384.7;189.7,339.1;130.2,351.0;94.5,384.7;66.7,408.5
138#201.3,516.1;193.1,458.3;250.9,423.2;215.8,421.2;143.5,419.1;160.0,485.2;232.3,419.1;164.2,340.7;164.2,338.6;146.6,310.7;112.5,427.4;153.8,396.4;193.1,336.5;135.3,344.8;104.3,377.8;73.3,406.7
139#215.3,508.2;213.2,456.8;256.0,422.5;181.1,388.3;146.8,428.9;161.8,493.2;238.9,420.4;170.4,334.8;170.4,334.8;150.0,299.4;223.9,394.7;215.3,375.4;202.5,332.6;142.5,336.9;121.1,360.4;101.9,384.0
140#238.8,512.2;230.0,461.5;232.2,377.7;185.9,401.9;150.6,430.6;161.6,494.5;214.6,410.8;177.1,327.0;174.9,327.0;151.7,303.8;232.2,393.1;247.6,364.4;203.5,331.4;150.6,327.0;141.8,333.6;135.2,362.2
141#252.9,516.4;240.8,463.0;260.2,421.7;199.5,412.0;155.8,426.6;160.7,494.6;228.6,414.4;182.5,339.2;182.5,341.6;152.2,294.3;235.9,433.9;235.9,373.2;201.9,336.8;167.9,336.8;153.4,431.4;160.7,482.4
142#266.6,526.7;251.9,470.3;264.1,406.4;195.4,406.4;156.1,433.4;161.0,499.7;242.1,413.8;190.5,340.1;188.0,340.1;164.7,294.7;229.8,445.7;244.5,374.5;217.5,340.1;161.0,337.7;156.1,330.3;207.7,327.9
143#278.1,535.9;261.2,477.7;266.0,409.8;200.5,409.8;159.3,438.9;159.3,504.4;234.5,407.3;193.2,334.6;193.2,341.8;170.2,299.4;292.7,368.5;253.9,361.2;219.9,339.4;164.1,334.6;188.4,332.1;215.1,327.3
144#287.4,541.5;262.5,479.3;272.5,412.1;215.2,399.6;165.5,441.9;160.5,506.6;240.1,409.6;197.8,342.4;197.8,347.4;184.1,298.9;312.3,369.8;260.0,364.8;225.2,342.4;172.9,334.9;195.3,330.0;240.1,327.5
145#293.6,546.4;268.0,486.0;256.4,395.2;221.5,399.9;168.0,441.8;158.7,511.6;261.0,420.8;207.5,346.4;205.2,346.4;180.8,315.0;214.5,474.3;272.7,372.0;235.4,346.4;181.9,337.1;212.2,341.7;258.7,334.8
146#292.4,553.6;273.4,489.5;294.8,427.8;221.2,418.3;173.7,446.8;159.5,513.2;254.4,420.7;214.1,344.8;214.1,344.8;201.0,310.4;282.9,347.1;242.6,342.4;202.2,342.4;195.1,344.8;230.7,340.0;271.0,342.4
147#289.0,559.8;274.7,495.2;293.8,423.5;229.2,421.1;181.4,447.4;159.9,514.4;262.7,428.3;231.6,354.2;231.6,354.2;201.8,312.4;241.2,344.6;298.6,387.7;267.5,354.2;200.6,347.0;219.7,344.6;231.6,325.5
148#282.2,562.9;277.5,497.9;272.9,412.0;238.1,414.3;182.3,451.5;159.1,516.5;261.3,418.9;219.5,451.5;263.6,405.0;289.2,349.3;221.8,477.0;270.6,511.8;228.8,432.9;284.5,402.7;180.0,467.7;161.4,507.2
149#272.4,568.9;270.1,503.7;267.8,457.1;216.5,443.1;186.2,457.1;158.3,515.4;246.8,450.1;291.1,438.5;242.1,412.8;215.3,334.8;272.4,555.0;274.8,522.3;284.1,419.8;251.5,426.8;260.8,366.2;267.8,403.5
150#160.0,523.0;269.7,516.1;269.7,470.4;242.3,445.3;187.4,461.3;160.0,520.7;253.7,456.7;294.8,408.7;240.0,383.6;283.4,372.1;208.0,436.1;237.7,420.1;272.0,397.3;224.0,381.3;256.0,376.7;274.3,420.1
151#158.7,523.0;267.3,527.7;267.3,462.9;244.2,456.0;193.3,467.5;158.7,523.0;255.8,460.6;246.5,398.2;246.5,395.9;236.1,350.8;209.5,442.1;235.0,428.2;230.3,400.5;235.0,391.2;262.7,391.2;272.0,437.5
152#162.3,527.7;267.4,545.9;246.8,468.3;246.8,468.3;196.6,468.3;157.8,525.4;258.2,477.4;260.5,418.1;256.0,408.9;238.8,364.4;208.0,440.9;226.3,431.8;237.7,413.5;237.7,413.5;187.5,477.4;160.1,516.2
153#247.5,608.0;265.4,552.0;269.9,500.4;252.0,478.0;202.7,473.5;157.8,525.1;263.2,487.0;254.2,428.7;254.2,424.2;246.4,373.7;209.4,439.9;236.3,439.9;240.8,430.9;263.2,421.9;187.0,482.5;157.8,520.6
154#246.0,609.1;264.4,551.6;285.1,521.8;246.0,489.6;209.3,475.9;161.0,524.1;266.7,503.4;259.8,436.8;257.5,434.5;246.0,381.7;156.4,521.8;257.5,565.4;243.7,432.2;266.7,432.2;188.6,485.0;158.7,521.8
155#242.3,609.8;260.8,558.8;265.5,521.7;237.7,496.2;200.6,475.3;161.2,524.0;253.9,510.1;256.2,440.5;258.5,438.2;243.5,386.1;242.3,607.5;258.5,565.7;281.7,440.5;242.3,429.0;191.3,482.3;156.5,517.1
156#235.6,607.9;253.0,557.8;266.1,505.6;235.6,486.0;196.4,479.4;111.4,551.3;255.2,496.9;259.5,435.9;255.2,433.7;256.3,384.7;213.8,442.4;231.2,453.3;277.0,444.6;244.3,427.2;187.7,486.0;157.2,523.0
157#233.3,604.0;255.6,557.2;306.9,525.9;226.7,479.1;202.1,476.9;112.9,548.2;275.7,519.2;255.6,432.3;255.6,432.3;254.5,379.8;240.0,601.8;278.0,474.6;275.7,441.2;237.8,423.3;244.5,461.3;157.5,521.5
158#233.0,601.6;253.9,553.6;293.5,528.6;237.2,489.0;189.3,487.0;110.1,553.6;268.5,514.0;253.9,426.5;256.0,422.4;261.2,379.6;218.5,457.8;264.3,466.1;276.8,432.8;233.0,420.3;210.1,472.4;162.2,518.2
159#229.2,598.1;253.0,550.5;294.1,513.7;222.7,481.2;160.0,509.4;110.2,548.3;246.5,489.9;250.9,418.5;253.0,414.2;256.3,374.1;233.5,479.1;259.5,461.8;272.5,422.8;229.2,412.0;192.4,453.1;166.5,485.6
160#225.3,595.8;254.7,548.3;284.2,500.7;227.6,478.1;184.5,473.6;157.4,516.6;247.9,487.1;245.7,410.2;245.7,407.9;260.4,361.5;227.6,462.2;254.7,450.9;272.8,417.0;218.5,403.4;180.0,437.3;152.9,462.2
161#227.0,592.9;252.8,541.4;262.1,482.8;205.9,461.7;182.5,457.0;156.7,510.9;234.0,473.4;236.4,400.7;236.4,398.4;253.9,348.0;212.9,442.9;252.8,435.9;264.5,407.8;205.9,391.4;163.7,426.5;152.0,435.9
162#227.9,591.9;245.3,539.7;245.3,465.7;195.3,454.8;160.5,504.9;158.3,504.9;219.2,461.3;230.1,389.5;234.4,378.7;244.2,351.5;227.9,426.5;277.9,457.0;258.4,396.1;195.3,380.8;151.7,411.3;162.6,415.6
163#232.8,587.5;237.5,528.3;235.2,455.0;187.8,445.5;154.7,497.6;116.8,537.8;211.5,450.2;221.0,374.5;223.3,365.0;241.1,330.7;228.1,410.0;251.7,419.4;254.1,381.6;185.4,365.0;145.2,393.4;164.1,398.1
164#235.7,577.1;231.2,514.0;229.0,444.1;181.6,432.9;152.3,487.0;118.5,534.3;206.4,439.6;210.9,360.7;217.7,351.7;285.3,342.7;222.2,412.6;262.8,387.8;244.7,374.3;172.6,351.7;134.3,376.5;156.8,385.5
165#231.5,563.8;223.8,492.1;221.2,430.7;172.6,420.4;175.2,456.3;118.8,528.0;198.2,425.5;205.9,348.7;205.9,346.2;225.1,298.8;241.7,394.8;269.9,371.8;236.6,356.4;167.5,343.6;121.4,361.5;152.1,366.6
166#228.8,542.2;216.1,470.8;200.8,409.6;157.4,402.0;177.8,450.4;134.5,486.1;177.8,407.1;195.7,338.2;195.7,338.2;214.8,283.3;239.0,366.2;241.6,394.3;223.7,343.3;162.5,330.5;111.5,343.3;134.5,345.8
167#213.6,516.3;213.6,442.5;180.5,394.1;139.8,391.6;175.5,442.5;132.2,478.1;160.2,391.6;188.2,325.4;188.2,327.9;203.4,279.6;206.0,383.9;223.8,376.3;221.3,327.9;155.1,317.8;109.3,325.4;116.9,330.5
168#198.6,490.7;214.4,429.9;173.9,373.6;131.1,375.9;169.4,429.9;128.8,475.0;149.1,375.9;176.1,310.6;176.1,315.1;197.5,271.2;203.1,380.4;214.4,360.1;207.7,312.8;146.9,310.6;99.6,308.3;99.6,308.3
169#182.8,459.5;215.5,409.2;169.6,372.1;121.6,363.4;163.1,428.9;128.1,468.3;145.6,365.5;169.6,295.6;169.6,295.6;192.6,263.9;202.4,372.1;215.5,345.9;202.4,302.2;136.9,291.2;86.6,289.0;117.2,284.7
170#182.5,426.8;157.3,431.3;171.0,360.4;120.7,355.8;152.7,419.9;125.2,461.1;143.5,358.1;161.9,280.3;157.3,287.1;185.9,247.1;207.6,367.3;219.1,330.6;193.9,287.1;127.5,278.0;84.0,266.5;131.0,251.7
171#226.3,410.9;234.6,374.8;179.1,347.1;120.7,341.5;145.7,408.2;115.2,491.5;154.1,344.3;151.3,263.7;151.3,266.5;173.5,224.9;209.6,335.9;226.3,302.6;184.6,269.3;120.7,258.2;84.6,241.5;115.2,261.0
172#116.0,480.0;136.3,395.9;159.5,317.6;118.9,323.4;133.4,393.0;127.6,451.0;139.2,320.5;150.8,239.3;150.8,245.1;165.4,201.6;211.8,303.1;226.3,262.5;179.9,245.1;118.9,236.4;89.9,207.4;126.2,191.5
173#127.9,453.4;121.6,371.3;165.7,292.5;124.7,286.2;127.9,368.2;127.9,434.4;146.8,292.5;146.8,213.6;146.8,219.9;162.6,182.1;244.6,235.7;225.7,226.2;178.3,216.8;112.1,207.3;86.9,182.1;118.4,175.8
174#124.9,453.2;229.1,313.4;172.5,271.7;124.9,277.7;133.9,352.0;122.0,453.2;148.7,277.7;139.8,185.4;136.8,176.5;135.4,124.5;211.2,218.2;226.1,197.3;172.5,185.4;107.1,188.4;119.0,212.2;196.3,218.2
175#138.1,389.8;129.9,315.9;129.9,247.5;124.4,239.3;127.1,321.4;140.8,392.5;149.0,242.0;143.5,162.7;140.8,154.5;131.2,92.9;121.6,116.1;80.6,140.8;176.4,162.7;168.2,165.4;217.4,168.1;214.7,190.0
176#151.5,363.1;133.4,290.7;164.5,218.4;120.5,223.5;133.4,298.5;148.9,363.1;141.2,221.0;146.4,146.0;148.9,146.0;152.8,90.5;203.2,153.8;211.0,148.6;177.4,146.0;120.5,146.0;84.3,125.4;216.1,171.9
177#168.1,343.2;141.9,275.0;168.1,204.2;118.2,206.8;215.3,251.4;162.8,343.2;144.5,206.8;149.7,128.2;178.6,138.6;134.0,88.8;128.7,99.3;99.9,130.8;204.8,133.4;178.6,130.8;94.6,125.5;126.1,101.9
178#252.6,298.1;208.9,233.8;163.0,183.3;117.1,194.7;149.2,261.4;181.4,316.5;142.3,190.1;156.1,128.1;153.8,128.1;138.9,85.6;225.0,144.2;202.0,125.8;174.5,118.9;123.9,132.7;130.8,178.7;151.5,197.0
179#247.3,279.5;213.0,215.4;169.6,174.3;121.5,181.1;155.8,247.4;190.1,290.9;142.1,178.8;149.0,110.2;146.7,110.2;134.1,70.2;229.0,133.1;197.0,112.5;165.0,101.1;126.1,117.1;135.3,162.8;167.3,181.1
