1#642.9,774.2;659.5,679.2;779.3,675.1;754.5,683.4;655.3,675.1;638.8,782.5;762.7,679.2;667.7,559.4;671.9,563.6;614.0,505.7;581.0,398.3;647.1,464.4;696.6,542.9;634.7,567.7;560.3,538.8;531.4,472.7
2#641.9,778.9;655.5,676.7;778.2,680.1;744.1,686.9;652.1,676.7;635.1,785.8;761.2,683.5;669.2,571.0;665.7,564.2;614.6,506.3;601.0,489.2;655.5,506.3;696.4,550.6;638.5,584.7;560.1,543.8;529.4,475.6
3#630.0,790.9;654.7,682.6;778.5,673.3;735.2,695.0;645.5,679.5;633.1,790.9;753.7,685.7;664.0,568.1;664.0,565.0;617.6,506.2;685.7,565.0;704.2,602.2;698.0,552.7;630.0,577.4;558.8,549.6;529.4,479.9
4#629.8,788.9;648.7,684.5;765.7,684.5;731.0,700.3;636.1,681.4;629.8,798.4;749.9,697.2;661.4,564.4;661.4,561.2;623.4,494.8;598.1,491.6;705.7,599.1;699.3,551.7;620.3,570.7;557.0,548.5;528.6,482.1
5#627.9,795.9;631.7,687.7;766.0,691.4;710.0,706.4;683.9,840.7;624.2,788.4;739.9,702.6;665.2,553.4;665.2,549.7;627.9,475.1;672.7,545.9;706.3,594.4;710.0,545.9;624.2,560.9;553.3,545.9;531.0,486.3
6#620.6,798.8;612.2,686.2;741.6,682.0;691.5,698.7;645.6,836.4;637.3,794.7;716.5,694.5;662.3,540.2;662.3,536.0;628.9,456.7;591.4,415.0;653.9,452.6;708.2,531.8;616.4,548.5;549.6,544.3;528.8,485.9
7#607.3,873.3;626.7,776.3;715.9,667.7;665.5,675.5;584.0,776.3;673.2,884.9;688.8,671.6;653.8,524.2;653.8,520.3;618.9,438.9;617.0,425.3;673.2,442.8;700.4,516.5;603.4,532.0;545.2,543.6;529.7,489.3
8#623.8,807.6;601.9,716.4;693.0,647.1;638.3,658.1;539.9,731.0;623.8,822.2;663.9,654.4;634.7,508.6;627.4,501.3;601.9,421.0;612.8,512.2;671.2,541.4;678.5,501.3;583.7,515.8;539.9,552.3;525.3,494.0
9#614.6,800.4;588.4,706.5;663.4,646.5;599.6,646.5;490.8,676.5;573.4,777.8;633.4,646.5;607.1,496.3;603.4,481.3;571.5,408.1;580.9,481.3;629.7,511.3;659.7,481.3;558.3,503.8;520.8,556.4;520.8,500.1
10#607.0,809.3;573.1,704.0;629.5,632.5;558.1,632.5;456.5,617.5;524.2,722.8;595.7,632.5;576.9,478.3;569.4,467.0;537.4,386.1;554.3,478.3;614.5,512.2;625.8,463.3;524.2,489.6;494.1,553.5;531.7,542.3
11#597.0,813.6;573.0,709.7;601.0,601.7;525.0,605.7;421.1,561.7;473.0,665.7;561.0,605.7;541.0,449.8;537.0,449.8;503.0,375.8;597.0,401.8;660.9,413.8;593.0,433.8;485.0,469.8;445.1,525.8;497.0,521.8
12#587.5,826.5;571.1,711.7;562.9,588.7;485.1,584.6;403.1,514.9;431.8,625.6;517.9,588.7;505.6,437.1;501.5,433.0;466.6,357.1;550.6,383.8;628.5,392.0;554.7,428.9;448.2,449.4;386.7,494.4;431.8,609.2
13#557.8,808.1;549.9,690.6;530.8,573.6;454.6,570.9;377.2,522.9;414.5,633.2;488.6,573.6;474.3,419.4;471.6,416.7;445.3,338.7;499.0,336.0;568.4,359.0;525.3,412.4;416.3,427.6;351.0,443.9;382.6,500.7
14#528.1,789.7;528.7,669.4;498.6,558.6;424.1,557.2;351.2,530.9;397.2,640.7;459.4,558.6;443.1,401.7;441.7,400.3;424.0,320.4;447.5,288.3;508.4,325.9;495.9,396.0;384.5,405.8;315.4,393.5;333.4,392.3
15#498.4,771.3;507.5,648.3;466.5,543.5;393.6,543.5;325.3,538.9;379.9,648.3;430.1,543.5;411.8,384.0;411.8,384.0;402.7,302.0;395.9,240.5;448.3,292.9;466.5,379.5;352.6,384.0;279.7,343.0;284.2,283.8
16#444.6,732.9;483.8,611.3;436.7,536.8;350.4,532.8;299.4,540.7;366.1,646.6;393.6,536.8;385.7,376.0;385.7,376.0;381.8,293.6;389.6,415.2;452.4,438.7;436.7,376.0;326.9,379.9;252.4,356.4;275.9,301.5
17#401.5,683.2;466.5,576.3;401.5,526.7;313.7,522.9;264.1,519.1;317.5,626.0;359.5,526.7;355.7,374.0;355.7,374.0;355.7,293.8;380.5,276.6;416.8,435.0;413.0,374.0;302.3,370.1;241.2,374.0;279.4,312.9
18#370.0,626.5;446.1,540.4;370.0,543.7;287.2,533.8;224.3,497.4;270.7,613.3;327.0,543.7;336.9,378.2;333.6,371.6;333.6,292.1;373.3,292.1;393.2,341.8;393.2,374.9;283.9,374.9;234.3,391.5;274.0,341.8
19#359.3,591.7;422.7,502.9;349.8,537.8;245.2,534.6;191.3,480.8;213.5,591.7;299.1,534.6;308.6,385.7;308.6,373.0;318.1,303.2;372.0,309.6;394.2,369.8;359.3,385.7;254.7,376.2;226.2,423.7;273.7,423.7
20#337.2,581.5;403.0,492.8;331.5,530.0;208.5,527.1;154.2,461.4;168.5,575.7;285.7,535.7;282.9,392.7;285.7,372.7;297.2,307.0;374.4,324.1;388.7,404.2;334.3,387.0;231.4,384.2;237.1,418.5;260.0,392.7
21#313.6,599.3;387.2,505.8;310.7,531.3;188.9,525.6;129.5,452.0;143.6,573.8;273.9,537.0;265.4,392.5;268.2,372.7;275.3,306.2;373.0,350.1;381.5,429.4;319.2,389.7;208.8,381.2;228.6,429.4;138.0,542.6
22#303.7,635.2;367.0,532.8;282.6,550.9;165.1,526.7;104.8,466.5;138.0,581.0;246.5,553.9;249.5,388.1;252.5,370.0;263.1,311.3;373.1,367.0;367.0,445.4;303.7,385.1;192.2,376.1;210.3,424.3;258.5,421.3
23#310.0,654.1;352.0,547.5;264.8,534.6;174.3,518.4;96.8,495.8;145.2,608.9;213.1,528.1;235.7,382.7;238.9,366.6;247.0,310.1;374.6,392.4;352.0,460.3;293.8,389.2;174.3,373.1;177.5,434.4;226.0,431.2
24#322.6,669.3;344.0,551.3;258.2,537.0;147.4,511.9;97.3,533.4;147.4,647.8;208.1,526.3;229.6,379.6;233.2,365.3;245.7,295.6;379.8,415.4;336.9,447.6;290.4,386.8;168.8,361.7;165.2,419.0;211.7,426.1
25#336.0,672.9;347.0,552.7;245.0,523.5;161.2,530.8;113.8,570.9;157.5,683.8;201.3,530.8;226.8,377.8;230.4,366.9;250.4,295.9;387.0,436.1;336.0,465.2;285.0,388.7;172.1,359.6;175.8,417.9;215.8,406.9
26#323.8,655.5;362.0,544.7;251.2,525.6;163.3,529.4;132.7,594.4;167.1,705.2;209.1,533.3;239.7,380.4;243.5,369.0;268.4,294.5;396.3,464.5;335.2,487.4;297.0,395.7;178.6,365.2;186.2,414.8;224.4,395.7
27#304.9,632.2;376.5,528.7;253.1,520.7;185.4,520.7;157.6,624.2;173.5,735.7;221.3,524.7;257.1,381.4;257.1,373.5;298.9,299.8;412.3,488.9;352.6,484.9;308.8,401.3;205.3,361.5;189.4,421.2;249.1,429.2
28#307.0,597.9;383.2,525.7;274.9,525.7;202.7,521.7;186.7,642.0;178.6,758.4;238.8,525.7;278.9,385.3;282.9,373.2;325.1,315.1;423.4,517.7;371.2,489.6;331.1,401.3;226.8,365.2;202.7,429.4;278.9,489.6
29#317.1,571.3;391.1,517.8;288.3,509.6;218.3,505.5;206.0,645.3;177.2,768.7;251.2,513.7;308.8,382.1;312.9,369.8;356.1,318.3;444.6,534.3;399.3,489.0;354.1,402.7;259.5,361.5;259.5,419.1;317.1,538.4
30#349.8,576.4;414.0,508.0;311.3,516.5;242.8,512.3;225.7,636.4;191.5,760.5;277.1,512.3;324.1,379.6;332.7,375.3;373.4,309.0;469.6,546.5;431.1,486.6;371.2,401.0;281.3,358.2;298.5,448.1;358.4,537.9
31#367.1,620.1;440.4,526.5;318.3,494.0;257.2,502.1;240.9,636.4;216.5,762.6;285.7,498.0;350.8,375.9;350.8,367.8;385.4,308.8;501.4,542.8;448.5,477.7;395.6,396.3;302.0,355.6;322.3,453.3;293.8,542.8
32#368.7,652.5;455.2,554.1;341.2,495.1;278.2,495.1;262.5,632.8;250.7,766.5;305.8,499.0;372.6,373.2;376.6,365.3;402.1,296.5;553.6,514.8;471.0,475.4;423.8,392.8;325.4,349.6;297.9,412.5;356.9,444.0
33#388.6,667.3;458.5,562.4;361.4,492.5;295.3,492.5;283.7,632.4;279.8,752.8;330.3,492.5;396.3,372.1;400.2,360.4;417.7,300.2;598.3,461.4;493.4,461.4;446.8,391.5;341.9,352.7;318.6,422.6;376.9,477.0
34#397.8,690.0;468.8,585.5;389.4,497.8;322.5,485.2;297.4,623.1;305.8,740.2;356.0,493.6;414.5,359.8;414.5,355.6;441.6,270.0;619.3,389.1;544.0,435.1;468.8,380.7;356.0,338.9;316.2,270.0;341.3,261.6
35#409.6,715.1;472.7,608.2;419.3,501.3;351.2,496.5;302.6,598.5;336.7,715.1;385.3,501.3;429.0,350.7;424.1,350.7;438.7,263.2;599.1,311.8;589.4,379.8;487.3,365.2;365.8,336.1;322.1,292.4;370.7,238.9
36#419.5,733.3;474.2,619.1;444.4,484.9;374.8,484.9;300.3,569.4;369.9,673.7;409.6,484.9;434.5,335.8;429.5,340.8;439.4,251.4;573.6,256.3;598.4,330.9;489.1,345.8;374.8,335.8;335.1,320.9;379.8,266.3
37#447.5,738.5;462.4,623.7;467.4,473.9;402.5,463.9;302.7,533.8;397.5,618.7;437.5,468.9;442.5,329.1;442.5,334.1;432.5,244.3;569.8,211.8;587.2,284.2;502.4,319.2;382.6,334.1;352.6,344.1;392.5,289.2
38#474.7,729.1;496.3,610.3;485.5,470.0;404.5,470.0;307.3,497.0;420.7,561.7;447.7,470.0;442.3,324.2;447.7,329.6;431.5,237.8;577.3,183.9;571.9,254.0;507.1,302.6;382.9,335.0;409.9,351.2;426.1,367.4
39#497.7,693.7;525.7,581.1;492.6,471.5;410.1,467.8;370.1,506.8;443.2,552.4;453.8,471.5;447.7,324.8;451.3,324.7;439.3,237.6;577.9,199.8;579.8,250.8;513.1,303.0;384.6,335.7;405.1,373.7;435.7,374.7
40#520.8,658.2;555.2,551.9;499.6,473.0;415.8,465.5;432.8,516.6;465.6,543.1;459.8,473.0;453.1,325.5;454.9,319.9;447.0,237.3;578.4,215.6;587.8,247.7;519.2,303.5;386.3,336.5;400.2,396.3;445.2,381.9
41#543.8,622.8;584.6,522.7;506.7,474.5;421.4,463.3;495.6,526.4;488.1,533.8;465.9,474.5;458.5,326.1;458.5,315.0;454.8,237.1;579.0,231.5;595.7,244.5;525.2,303.9;388.0,337.2;395.4,418.8;454.8,389.2
42#570.6,587.3;590.7,480.2;507.0,456.8;420.0,456.8;399.9,463.5;493.6,543.8;466.8,456.8;466.8,332.9;466.8,312.8;470.2,239.2;563.9,262.6;617.5,286.0;537.2,316.2;399.9,339.6;393.2,426.6;443.4,433.3
43#591.8,559.6;598.5,449.4;518.3,442.7;431.4,446.0;408.0,496.1;491.6,576.3;474.9,442.7;481.6,332.4;481.6,312.3;488.3,238.8;611.9,235.5;621.9,305.7;545.1,322.4;411.4,342.4;388.0,415.9;454.8,392.6
44#609.0,569.3;609.0,451.1;530.2,438.0;448.1,447.9;398.9,490.5;484.2,585.8;487.5,447.9;490.8,326.4;494.1,310.0;502.3,236.1;615.6,267.3;622.1,339.5;553.2,316.5;421.9,332.9;382.5,408.5;441.6,385.5
45#612.4,611.8;615.8,489.8;534.5,439.0;453.1,449.2;402.3,489.8;480.3,581.3;493.8,445.8;497.2,323.8;500.6,303.5;505.7,244.1;619.2,286.5;615.8,357.7;561.6,313.6;426.0,327.2;378.6,398.3;446.4,394.9
46#622.3,643.5;615.2,526.0;544.0,451.3;465.7,454.9;405.2,476.2;494.2,572.3;504.9,454.9;504.9,323.2;508.4,305.4;513.8,239.6;622.3,312.5;608.1,383.7;572.5,316.1;437.3,319.6;376.8,376.6;437.3,358.8
47#625.3,665.0;615.2,546.2;557.5,471.6;472.6,478.3;418.3,458.0;469.2,536.1;513.3,475.0;513.3,318.8;513.3,298.4;518.4,245.8;632.1,335.8;615.2,386.7;581.2,322.2;445.4,315.4;380.9,349.4;442.0,359.5
48#633.0,681.6;614.2,564.9;561.5,467.0;478.7,455.7;452.3,444.4;493.7,549.8;516.3,455.7;523.8,316.5;523.8,305.2;514.4,228.0;640.5,372.9;617.9,399.3;587.8,320.2;459.8,308.9;395.9,308.9;448.6,275.1
49#618.3,671.2;614.7,557.9;568.5,465.4;491.1,456.0;474.2,462.8;499.5,561.9;527.0,456.0;535.5,315.4;535.5,304.0;528.9,227.5;645.9,392.9;627.0,398.4;598.7,322.9;472.2,305.8;409.9,308.7;452.3,270.9
50#603.6,660.9;615.2,551.0;575.5,463.9;503.6,456.3;496.1,481.2;505.3,574.0;537.6,456.3;547.1,314.2;547.1,302.8;543.4,226.9;651.3,413.0;636.2,397.6;609.6,325.6;484.6,302.8;424.0,308.4;456.1,266.8
51#589.0,650.6;615.8,544.0;582.5,462.4;516.0,456.7;518.0,499.7;511.2,586.1;548.3,456.7;558.8,313.1;558.8,301.6;557.9,226.4;656.7,433.0;645.4,396.8;620.6,328.3;497.0,299.7;438.0,308.2;459.8,262.6
52#574.3,640.2;616.3,537.1;589.5,460.8;528.5,457.0;539.9,518.1;517.0,598.2;559.0,457.0;570.5,311.9;570.5,300.4;572.4,225.9;662.1,453.1;654.5,395.9;631.5,331.0;509.4,296.6;452.1,308.0;463.5,258.4
53#571.4,602.7;603.3,528.3;606.9,457.4;539.5,453.8;550.1,528.3;525.3,620.4;571.4,453.8;585.6,315.6;582.0,301.4;580.3,239.4;670.7,464.5;670.7,407.7;645.9,329.7;525.3,294.3;472.1,326.2;472.1,283.7
54#581.4,570.5;640.9,511.0;622.3,455.2;551.7,447.8;540.5,544.4;529.4,648.5;585.1,451.5;592.6,321.4;592.6,302.8;587.0,252.7;685.5,462.7;692.9,414.4;659.5,328.9;533.1,310.3;529.4,377.2;559.1,432.9
55#633.9,571.2;629.7,532.7;642.5,459.9;565.5,455.7;535.5,554.1;527.0,669.6;599.7,459.9;599.7,318.7;599.7,314.4;597.6,231.0;663.9,395.7;723.8,404.3;663.9,323.0;531.2,318.7;501.3,404.3;479.9,335.8
56#649.5,583.8;645.2,532.9;649.5,460.8;568.9,465.0;539.2,575.3;522.3,694.0;611.3,465.0;602.8,320.9;602.8,312.4;596.5,238.2;679.2,380.2;742.8,359.0;670.7,316.6;535.0,325.1;513.8,409.9;488.4,363.3
57#663.9,593.2;621.7,487.6;659.6,453.9;579.4,470.8;554.1,576.3;524.6,702.9;617.4,462.3;609.0,318.8;609.0,310.4;598.4,232.3;697.6,365.2;744.1,318.8;676.5,306.2;541.5,327.3;520.4,394.8;490.8,386.3
58#646.3,577.1;633.5,504.9;663.2,449.8;591.1,458.3;552.9,572.8;548.7,691.6;629.3,449.8;612.3,318.3;612.3,314.0;606.0,235.6;665.4,235.6;680.2,377.7;676.0,305.6;548.7,331.0;523.2,403.1;489.3,407.4
59#653.9,609.9;635.5,518.3;663.0,454.2;598.9,454.2;548.5,545.8;576.0,669.5;630.9,454.2;608.0,316.7;608.0,307.5;594.3,234.2;667.6,197.6;718.0,248.0;667.6,307.5;548.5,335.0;502.7,403.8;484.3,426.7
60#652.5,628.9;626.0,530.4;663.9,450.8;595.7,454.6;542.6,530.4;595.7,621.3;629.8,454.6;603.3,318.2;603.3,310.6;588.1,234.9;696.1,221.6;713.1,242.4;663.9,303.1;542.6,337.2;516.1,401.6;497.2,447.0
61#654.9,649.9;627.9,545.8;654.9,457.1;589.4,457.1;527.7,495.7;597.1,572.8;624.1,457.1;597.1,322.2;597.1,314.5;573.9,241.2;683.8,231.6;724.3,260.5;658.8,295.2;539.2,341.5;504.5,426.3;493.0,472.5
62#657.1,674.1;645.1,565.9;645.1,457.7;564.9,461.7;536.9,489.8;568.9,565.9;613.0,457.7;585.0,325.4;580.9,317.4;558.9,247.3;717.2,273.3;721.2,313.4;645.1,301.4;524.8,345.5;496.8,425.6;492.8,485.7
63#658.5,700.0;650.2,580.6;629.6,469.4;563.8,465.3;555.5,535.3;543.2,576.4;596.7,465.3;572.0,325.3;567.9,317.1;541.1,249.1;720.2,300.6;712.0,329.4;629.6,304.7;510.2,350.0;489.7,428.2;489.7,502.3
64#661.5,703.9;641.0,585.1;616.4,470.5;555.0,466.4;505.8,536.0;534.5,597.4;583.7,470.5;555.0,327.1;555.0,314.8;540.7,251.3;718.8,339.4;698.3,339.4;620.5,306.6;493.6,347.6;485.4,433.6;489.5,507.3
65#659.7,697.9;632.9,571.5;594.6,460.4;525.6,460.4;521.8,556.2;517.9,606.0;563.9,460.4;548.6,326.2;548.6,314.7;546.7,259.2;717.2,372.2;678.9,353.1;609.9,307.1;483.5,345.4;468.1,429.7;491.1,506.3
66#657.3,674.5;647.3,552.3;581.2,459.9;514.3,462.5;541.8,553.8;522.2,617.1;550.3,462.5;545.3,329.9;545.3,318.3;548.6,254.5;699.6,380.2;668.8,380.5;607.1,314.5;481.0,342.7;449.8,408.0;486.0,457.8
67#654.9,651.0;661.7,533.0;567.8,459.4;502.9,464.6;561.9,551.5;526.6,628.3;536.6,464.6;542.0,333.5;542.0,321.8;550.6,249.7;681.9,388.1;658.7,407.9;604.3,322.0;478.4,339.9;431.5,386.4;481.0,409.3
68#652.5,627.6;676.1,513.8;554.4,458.9;491.6,466.7;581.9,549.1;530.9,639.4;523.0,466.7;538.7,337.2;538.7,325.4;552.5,245.0;664.3,396.1;648.6,435.3;601.5,329.4;475.9,337.2;413.2,364.7;475.9,360.8
69#655.5,591.9;691.2,484.8;564.2,464.9;500.7,488.7;584.0,560.2;528.5,667.3;532.4,476.8;540.4,334.0;540.4,326.0;562.2,268.5;687.2,429.2;647.5,397.5;595.9,334.0;476.9,337.9;413.4,334.0;484.8,302.2
70#652.9,554.6;704.9,458.7;561.0,454.7;505.1,478.7;565.0,578.6;537.0,686.5;533.1,470.7;541.0,330.9;541.0,326.9;555.0,256.9;676.9,450.8;664.9,402.8;597.0,334.9;477.1,326.9;429.2,286.9;467.1,256.9
71#642.0,526.6;709.7,433.4;578.4,458.8;514.9,475.8;548.8,590.1;540.3,708.8;544.5,471.5;544.5,327.5;544.5,323.3;555.1,244.9;633.5,424.9;675.8,386.8;599.6,327.5;485.2,314.8;453.4,244.9;478.9,236.4
72#642.5,495.2;708.8,408.4;596.5,454.3;519.9,474.8;535.2,582.0;535.2,719.8;555.7,464.6;555.7,316.5;550.6,316.5;560.8,234.8;647.6,357.3;693.5,357.3;611.8,321.6;494.4,301.2;468.9,234.8;468.9,168.4
73#650.8,490.3;697.8,396.2;608.5,443.2;528.5,462.0;533.2,593.7;528.5,716.0;570.8,452.6;561.4,311.5;561.4,316.2;575.5,231.6;650.8,466.7;711.9,330.3;613.2,316.2;500.3,302.1;450.9,224.5;441.5,215.1
74#671.6,510.6;702.9,412.4;609.2,452.6;533.3,466.0;528.8,608.8;524.4,702.5;569.0,457.0;569.0,309.8;569.0,314.2;598.0,231.6;685.0,305.3;716.3,305.3;627.0,314.2;511.0,300.8;444.0,256.2;446.3,231.6
75#680.2,550.7;709.2,446.8;597.1,426.1;522.3,438.5;526.5,571.5;522.3,691.9;559.7,438.5;576.3,305.6;576.3,305.6;595.0,237.0;634.5,264.0;709.2,276.5;634.5,305.6;514.0,293.1;435.1,272.3;478.7,237.0
76#678.9,569.3;709.4,466.2;610.2,431.9;530.0,435.7;518.6,565.4;522.4,679.9;568.2,435.7;575.8,298.3;575.8,294.5;585.4,220.1;610.2,233.4;686.5,256.3;636.9,298.3;518.6,294.5;438.4,305.9;472.8,256.3
77#680.1,586.8;694.5,480.7;606.9,428.7;528.2,431.7;499.1,539.1;512.1,650.7;566.0,431.7;566.7,293.6;566.7,289.6;573.4,214.6;597.4,220.3;667.0,245.4;627.4,289.9;508.2,292.4;441.3,317.0;472.4,278.2
78#681.3,604.4;679.5,495.2;603.6,425.5;526.4,427.7;479.5,512.8;501.8,621.6;563.9,427.7;557.5,288.9;557.5,284.8;561.4,209.2;584.5,207.2;647.6,234.5;617.8,281.6;497.7,290.2;444.1,328.0;472.0,300.1
79#682.4,621.9;664.6,509.7;600.4,422.2;524.6,423.8;460.0,486.6;491.5,592.4;561.7,423.8;548.4,284.1;548.4,279.9;549.5,203.7;571.7,194.0;628.1,223.7;608.3,273.2;487.3,288.1;447.0,339.1;471.7,322.0
80#683.6,639.5;649.6,524.2;597.1,419.0;522.8,419.8;440.4,460.3;481.2,563.3;559.6,419.8;539.2,279.4;539.2,275.1;537.5,198.3;558.8,180.9;608.7,212.8;598.7,264.9;476.8,285.9;449.8,350.1;471.3,343.9
81#684.8,657.0;634.7,538.7;593.8,415.8;521.0,415.8;420.9,434.0;470.9,534.1;557.4,415.8;530.1,274.7;530.1,270.2;525.5,192.8;546.0,167.8;589.2,201.9;589.2,256.5;466.4,283.8;452.7,361.2;470.9,365.8
82#655.4,641.9;635.1,532.8;581.6,422.0;506.8,419.4;423.0,415.8;460.3,524.5;542.9,422.0;522.1,280.7;519.4,277.7;515.7,197.9;540.5,225.2;585.1,246.6;583.8,267.3;457.3,286.8;442.9,372.5;453.7,392.6
83#625.9,626.7;635.4,527.0;569.3,428.3;492.6,423.0;425.2,397.6;449.7,515.0;528.3,428.3;514.0,286.8;508.8,285.3;505.9,203.1;535.1,282.7;580.9,291.4;578.3,278.1;448.2,289.8;433.1,383.9;436.6,419.5
84#596.5,611.6;635.8,521.1;557.1,434.5;478.4,426.6;427.3,379.4;439.1,505.4;513.8,434.5;506.0,292.8;498.1,292.8;496.1,208.2;529.6,340.1;576.8,336.1;572.9,288.9;439.1,292.8;423.3,395.2;419.4,446.3
85#569.6,575.4;625.9,505.1;537.9,434.7;453.5,434.7;453.5,427.7;428.9,508.6;495.7,434.7;492.2,301.0;495.7,301.0;494.0,228.9;534.4,353.8;573.1,353.8;548.5,301.0;435.9,304.6;418.3,403.0;421.9,480.4
86#547.3,547.2;610.6,487.2;527.3,450.6;444.0,437.3;420.7,417.3;424.0,527.2;484.0,437.3;487.3,317.3;487.3,310.6;497.3,240.7;577.3,297.3;580.6,370.6;544.0,314.0;430.7,327.3;430.7,347.3;384.0,267.3
87#533.4,558.1;584.1,463.1;527.1,447.2;444.7,444.1;413.1,456.8;419.4,555.0;482.8,444.1;489.1,330.0;489.1,320.5;501.8,250.8;581.0,336.4;581.0,402.9;546.1,326.9;435.2,326.9;419.4,304.7;378.2,298.4
88#520.9,566.8;556.3,466.8;524.1,453.9;453.1,450.7;404.8,476.5;420.9,586.1;482.2,450.7;498.3,344.3;498.3,331.4;506.3,258.8;591.8,357.2;611.1,389.4;553.1,344.3;437.0,334.6;427.3,376.5;388.6,286.2
89#536.2,559.3;519.6,529.4;519.6,486.2;449.8,472.9;413.2,492.8;423.2,612.5;489.7,479.5;499.7,349.9;503.0,339.9;517.9,271.8;546.2,423.0;586.1,446.3;559.5,353.2;443.2,343.3;433.2,396.4;476.4,396.4
90#527.2,586.5;549.7,541.4;523.9,483.5;453.1,473.8;424.1,547.9;430.5,641.3;488.5,477.0;511.1,354.6;514.3,338.5;528.8,288.6;604.5,415.8;594.8,441.6;569.0,354.6;449.9,348.2;440.2,409.4;478.8,402.9
91#533.8,603.3;551.3,536.7;533.8,480.6;456.7,477.1;425.2,561.2;432.2,662.8;495.2,477.1;519.8,358.0;523.3,344.0;532.0,289.7;603.9,473.6;600.4,442.1;579.3,358.0;456.7,351.0;383.1,372.0;407.6,358.0
92#542.8,635.7;546.4,549.3;546.4,470.0;470.8,466.4;438.4,560.1;434.8,671.7;510.4,470.0;532.0,358.4;532.0,347.6;548.2,288.2;568.0,448.4;618.4,444.8;593.2,362.0;470.8,351.2;387.9,390.8;438.4,398.0
93#550.3,663.5;546.6,564.0;565.0,471.9;491.3,468.2;443.4,556.6;439.7,667.2;535.5,471.9;542.9,361.3;542.9,353.9;552.1,289.4;594.5,427.6;657.2,427.6;605.6,365.0;480.2,357.6;410.2,409.2;458.1,427.6
94#554.9,688.3;547.4,576.2;573.6,475.2;502.5,460.3;446.5,535.1;461.4,650.9;539.9,467.8;558.6,363.1;558.6,359.4;560.5,286.5;622.2,415.4;693.2,411.7;618.4,370.6;495.1,363.1;424.0,422.9;476.4,452.8
95#559.5,701.6;567.7,598.8;576.0,491.8;506.0,475.4;464.9,537.1;485.5,615.2;543.1,475.4;571.8,372.5;571.8,368.4;573.9,292.3;654.1,397.2;711.7,384.9;633.5,368.4;510.2,368.4;432.0,421.9;444.3,475.4
96#567.3,723.8;588.7,616.7;584.4,501.1;503.0,492.5;533.0,565.3;520.2,616.7;545.9,492.5;584.4,372.6;584.4,372.6;586.6,293.3;674.4,316.9;712.9,359.7;640.1,368.3;520.2,368.3;438.8,419.7;451.6,466.8
97#581.3,742.4;590.5,623.0;585.9,512.9;512.4,499.1;572.1,595.5;627.2,632.2;549.2,503.7;595.1,366.0;595.1,370.6;597.4,285.7;705.2,297.2;714.4,361.4;654.7,361.4;530.8,366.0;443.6,411.9;475.7,462.4
98#600.2,743.4;595.8,632.2;600.2,516.6;533.5,503.2;595.8,596.6;466.8,578.8;569.1,507.7;595.8,369.8;595.8,369.8;615.8,287.5;707.0,316.4;729.2,365.4;653.6,365.4;533.5,360.9;449.0,396.5;497.9,423.2
99#602.2,721.8;620.3,617.4;602.2,517.7;543.2,499.5;584.1,558.5;638.5,626.5;575.0,508.6;602.2,368.0;602.2,372.6;618.1,288.7;720.1,349.9;733.7,399.8;661.2,368.0;543.2,363.5;466.1,377.1;529.6,372.6
100#613.3,712.4;648.7,602.3;621.2,511.9;558.3,508.0;613.3,594.5;613.3,688.8;585.8,508.0;609.4,366.4;609.4,362.5;623.1,301.6;723.4,378.2;727.3,433.3;664.4,370.4;550.4,362.5;487.5,350.7;550.4,327.1
101#630.2,669.1;681.4,574.6;614.4,487.9;551.4,484.0;626.2,570.6;626.2,661.2;578.9,484.0;610.5,365.8;610.5,369.7;626.2,290.9;724.7,397.3;720.8,424.9;665.6,365.8;551.4,361.8;563.2,397.3;606.5,393.3
102#653.8,642.6;697.1,552.4;621.3,473.0;563.6,480.2;635.8,570.4;635.8,667.9;592.4,476.6;617.7,364.7;617.7,364.7;637.6,290.7;726.0,415.2;722.4,436.9;671.9,368.3;567.2,364.7;585.2,418.9;628.5,418.9
103#671.3,597.1;707.5,524.6;645.9,470.3;577.1,473.9;635.1,575.4;642.3,684.1;606.1,470.3;627.8,361.6;627.8,361.6;647.8,291.0;714.8,452.2;725.6,441.3;685.8,365.2;573.5,354.4;588.0,415.9;631.5,434.1
104#682.7,545.6;694.1,472.9;667.4,476.8;606.2,484.4;625.3,587.6;644.4,702.3;636.8,476.8;640.6,358.3;644.4,350.6;654.0,283.7;690.3,522.6;736.2,450.0;701.8,362.1;583.3,350.6;556.5,392.7;613.9,408.0
105#640.1,595.3;627.1,617.1;683.6,478.0;627.1,486.7;622.7,630.1;644.5,730.1;653.2,482.3;653.2,351.9;657.5,351.9;659.7,280.1;753.2,473.6;740.1,434.5;714.0,360.6;592.3,347.5;557.5,399.7;561.9,351.9
106#641.1,635.4;645.1,576.0;708.5,476.9;641.1,476.9;629.2,587.9;625.2,702.9;672.8,476.9;664.9,346.0;668.8,342.0;666.9,268.7;764.0,461.0;764.0,413.4;724.3,350.0;601.4,338.1;561.8,385.7;557.8,361.9
107#633.0,631.7;673.0,551.7;725.0,479.7;649.0,479.7;629.0,587.7;617.0,695.7;681.0,479.7;673.0,347.7;673.0,335.7;679.0,269.7;781.0,463.7;789.0,415.7;733.0,347.7;609.0,339.7;581.0,435.7;581.0,391.7
108#745.0,558.0;691.2,558.0;737.3,477.3;656.7,477.3;629.8,569.5;618.3,688.5;702.8,477.3;687.4,342.9;687.4,331.4;689.3,275.7;775.7,450.5;818.0,400.5;748.8,346.8;622.1,342.9;591.4,450.5;626.0,415.9
109#687.3,567.3;753.4,505.0;737.8,466.1;671.7,470.0;628.9,567.3;613.4,676.1;702.8,470.0;702.8,341.7;702.8,333.9;697.0,262.0;780.6,400.0;838.9,384.5;765.1,345.6;640.6,341.7;586.2,403.9;628.9,407.8
110#689.1,563.5;762.3,513.4;743.1,478.7;666.0,471.0;631.3,559.7;615.8,671.5;708.4,474.8;719.9,351.5;719.9,347.6;718.0,268.6;866.4,401.6;858.7,366.9;781.6,355.3;658.2,347.6;585.0,397.7;619.7,390.0
111#689.2,615.2;703.2,544.9;755.9,481.6;682.2,471.1;629.5,544.9;622.4,657.3;720.8,474.6;734.9,355.1;734.9,348.1;733.1,283.1;808.7,305.9;864.9,344.6;791.1,358.7;671.6,348.1;587.3,386.8;643.5,400.8
112#693.2,638.4;707.7,555.0;762.1,475.3;693.2,464.4;635.2,526.0;635.2,631.2;729.4,471.7;743.9,355.7;743.9,352.0;743.9,279.5;830.9,268.7;859.9,326.7;801.9,359.3;682.3,352.0;595.3,381.0;649.7,352.0
113#695.4,663.8;714.3,569.3;774.8,490.0;699.2,467.3;638.8,512.7;657.7,607.1;737.0,482.5;752.1,357.8;752.1,354.0;752.1,278.5;848.4,272.8;861.7,320.0;812.5,357.8;691.7,346.5;616.1,361.6;661.5,327.6
114#701.9,678.6;731.4,590.2;783.0,494.3;712.9,472.2;646.6,494.3;672.4,597.5;749.8,483.3;764.5,354.3;760.8,350.6;744.3,282.4;854.8,289.8;878.8,339.6;819.8,350.6;705.6,354.3;620.8,354.3;661.3,328.5
115#710.0,693.3;756.2,593.1;798.6,492.8;721.5,477.4;659.8,469.7;690.7,577.7;760.1,485.1;771.6,350.2;767.8,354.0;754.3,278.9;864.2,319.3;887.3,361.8;825.6,346.3;713.8,350.2;648.3,392.6;683.0,396.5
116#736.8,696.9;781.3,587.5;797.5,502.5;724.6,482.2;680.1,462.0;696.3,567.3;761.1,494.4;777.3,356.6;777.3,352.6;763.1,293.9;866.4,340.4;894.8,393.1;838.0,352.6;716.5,352.6;647.7,376.9;688.2,543.0
117#767.3,665.7;812.4,575.4;805.5,488.6;722.1,474.7;683.9,464.3;701.3,575.4;763.8,485.2;784.6,356.7;781.2,353.2;775.9,292.4;868.0,367.1;899.2,394.9;840.2,353.2;725.6,353.2;670.0,405.3;732.5,415.7
118#804.0,628.5;842.1,562.5;821.3,489.6;745.0,472.3;689.4,468.8;703.3,590.3;779.7,489.6;793.6,364.7;793.6,361.2;784.9,293.5;849.1,423.7;897.7,413.3;849.1,361.2;734.6,364.7;682.5,423.7;668.6,468.8
119#836.9,606.5;872.7,560.9;827.1,463.0;752.1,459.8;690.1,508.7;703.1,619.6;791.2,459.8;801.0,371.7;801.0,365.2;802.6,298.3;859.7,433.7;902.1,436.9;859.7,371.7;742.3,371.7;686.8,430.4;719.4,446.7
120#853.5,609.4;909.0,537.6;833.9,478.8;755.5,478.8;693.5,544.1;706.5,651.9;794.7,475.5;811.0,380.8;814.3,371.0;812.7,304.1;863.3,439.6;918.8,449.4;873.1,387.4;755.5,374.3;683.7,426.5;693.5,465.7
121#871.5,621.8;926.7,535.6;843.9,483.8;764.6,487.3;699.0,570.1;709.4,673.5;806.0,487.3;819.8,387.2;823.2,380.3;828.4,309.6;878.4,435.5;937.0,442.4;881.9,390.7;761.1,380.3;685.2,421.7;705.9,456.2
122#870.2,647.3;934.5,561.4;848.7,504.2;762.9,504.2;712.8,586.5;709.2,690.2;809.4,504.2;830.8,386.2;830.8,379.1;839.8,305.7;895.2,436.3;956.0,432.7;888.0,389.8;770.0,382.6;691.4,418.4;752.1,432.7
123#870.8,682.6;928.6,594.1;859.3,505.5;782.3,505.5;732.2,597.9;709.1,701.9;820.8,505.5;840.0,378.5;840.0,370.8;843.9,297.7;928.6,413.2;974.8,409.3;901.6,378.5;782.3,374.7;705.3,405.5;766.9,393.9
124#873.3,701.8;918.0,605.0;873.3,504.4;802.5,500.7;754.1,593.8;716.8,701.8;832.3,504.4;850.9,370.3;850.9,366.6;845.3,297.7;921.7,418.7;981.3,388.9;906.8,366.6;795.1,366.6;739.2,388.9;787.6,344.2
125#884.8,717.3;905.5,597.3;880.7,493.9;818.7,489.8;769.0,597.3;756.6,688.4;851.8,489.8;855.9,369.8;855.9,374.0;845.5,293.3;913.8,311.9;963.4,361.5;913.8,361.5;793.8,374.0;781.4,357.4;810.4,324.3
126#903.5,720.3;891.2,593.4;895.3,487.0;833.9,478.8;784.7,585.2;801.1,671.2;866.6,487.0;870.7,364.2;870.7,368.3;840.0,296.6;905.5,296.6;936.2,327.3;932.1,351.9;809.3,368.3;801.1,409.2;838.0,454.2
127#899.1,722.5;919.7,598.9;903.3,504.1;837.3,500.0;787.9,574.2;837.3,631.8;870.3,504.1;870.3,368.2;870.3,372.3;851.8,300.2;911.5,306.4;936.2,339.4;932.1,360.0;812.6,372.3;808.5,434.1;849.7,446.5
128#924.1,728.8;935.4,609.3;920.4,504.7;853.2,501.0;786.0,560.8;868.1,609.3;886.8,501.0;875.6,381.5;868.1,370.3;855.1,308.7;916.7,333.0;954.0,377.8;939.1,381.5;812.1,381.5;815.9,445.0;864.4,441.3
129#945.1,711.2;956.3,614.1;930.1,509.5;862.9,513.3;784.5,543.1;877.9,595.4;896.5,513.3;870.4,386.3;866.7,378.8;853.6,324.7;911.5,423.6;948.8,419.9;930.1,382.6;810.6,393.8;818.1,468.5;881.6,475.9
130#975.5,714.1;975.5,617.0;939.6,516.3;867.6,516.3;795.7,548.6;885.6,599.0;900.0,516.3;867.6,397.5;867.6,386.7;855.0,327.4;907.2,447.9;954.0,433.5;925.2,386.7;813.7,401.1;820.8,487.5;867.6,473.1
131#1000.4,710.0;990.2,608.3;936.0,513.4;864.9,523.6;807.3,564.3;895.4,625.3;905.5,520.2;871.6,401.6;868.3,394.8;859.8,332.1;919.1,459.2;956.4,445.7;922.5,388.1;817.4,411.8;820.8,482.9;824.2,537.2
132#1012.5,707.0;1005.4,607.1;951.9,521.5;880.6,528.6;827.1,589.3;909.1,660.6;912.7,528.6;873.4,403.8;873.4,400.3;868.1,327.1;926.9,453.7;969.7,450.2;930.5,389.6;816.4,418.1;823.5,500.1;848.5,553.6
133#1011.1,702.7;1018.1,600.9;951.4,523.6;884.6,541.2;846.0,618.4;923.3,695.7;919.8,534.1;877.6,411.2;877.6,404.2;875.9,339.2;940.8,449.9;997.0,432.3;933.8,400.7;817.9,425.3;817.9,506.1;849.5,481.5
134#1001.1,687.1;1032.4,593.3;952.5,530.7;879.5,548.1;855.2,635.0;917.7,714.9;921.2,544.6;886.5,419.5;883.0,412.6;888.2,348.3;945.5,464.7;1022.0,419.5;938.6,409.1;823.9,426.5;778.8,485.6;837.8,492.5
135#988.4,666.0;1045.4,586.1;957.9,540.5;881.9,559.5;859.1,654.6;919.9,734.4;923.7,555.7;893.3,426.4;893.3,422.6;895.2,348.4;980.7,392.2;1030.2,407.4;950.3,411.2;832.4,434.0;764.0,472.0;828.6,483.4
136#984.4,645.5;1052.3,570.1;961.8,551.3;890.2,573.9;871.3,656.8;920.3,754.8;920.3,562.6;901.5,430.7;901.5,430.7;910.9,364.7;1033.4,400.5;1037.2,415.6;958.0,419.4;841.2,434.4;762.0,453.3;833.6,494.7
137#977.1,622.6;1046.7,549.4;955.1,549.4;885.5,560.4;885.5,662.9;911.2,772.8;922.2,556.7;907.5,435.9;907.5,435.9;924.0,382.8;1057.7,428.5;1039.4,417.5;962.5,432.2;852.6,432.2;775.7,432.2;805.0,413.9
138#977.3,614.9;1032.1,530.9;951.7,560.1;893.3,571.0;897.0,651.4;900.6,775.6;922.5,567.4;915.2,439.6;918.9,443.2;935.3,379.3;981.0,603.9;1054.0,443.2;970.0,432.3;860.4,435.9;802.0,443.2;794.7,406.7
139#908.2,753.5;908.2,663.6;962.2,562.9;901.0,562.9;886.6,660.0;908.2,764.2;933.4,562.9;922.6,440.6;922.6,447.8;949.6,388.5;1052.1,451.4;1055.6,465.8;980.1,437.0;865.1,440.6;793.2,408.3;796.8,411.9
140#903.1,660.9;920.4,636.6;972.4,577.8;899.6,570.8;878.9,664.3;913.5,730.1;941.2,574.3;934.3,449.6;934.3,449.6;949.9,396.0;996.6,508.5;1058.9,498.1;989.7,446.2;875.4,442.7;799.2,477.3;788.8,435.8
141#930.1,754.4;907.8,652.8;984.0,576.6;901.5,567.0;866.5,649.6;920.5,703.6;942.8,567.0;936.4,452.7;939.6,449.5;957.1,397.1;996.8,516.2;1050.7,513.1;993.6,452.7;879.2,446.4;828.4,452.7;790.3,449.5
142#939.2,728.3;933.7,640.8;978.9,567.5;901.3,562.0;878.0,636.8;912.1,694.4;942.0,562.0;940.6,454.8;942.7,452.7;961.4,398.5;1015.6,533.8;1045.0,517.6;996.6,452.9;884.6,449.7;835.7,460.5;792.5,462.1
143#948.3,702.2;959.7,628.9;973.8,558.3;901.2,557.1;889.5,624.0;903.8,685.3;941.3,557.1;944.8,456.9;945.9,455.8;965.8,399.9;1034.4,551.4;1039.2,522.2;999.5,453.2;890.0,452.9;843.0,468.2;794.6,474.6
144#957.4,676.1;985.6,616.9;968.7,549.2;901.0,552.1;901.0,611.2;895.4,676.1;940.5,552.1;949.0,459.0;949.0,459.0;970.1,401.3;1053.2,569.0;1033.5,526.7;1002.5,453.4;895.4,456.2;850.3,476.0;796.8,487.2
145#949.9,683.8;981.0,615.9;961.2,539.6;901.8,533.9;890.5,610.3;896.1,675.3;932.9,533.9;949.9,454.7;949.9,460.4;973.9,413.7;1054.5,570.7;1031.9,519.8;1003.6,457.6;896.1,454.7;856.5,480.2;800.0,494.3
146#945.7,694.7;980.3,622.7;963.0,513.3;902.5,513.3;888.1,608.3;916.9,663.0;937.1,510.4;948.6,455.7;951.5,450.0;973.1,416.9;1052.2,565.1;1035.0,519.1;1003.3,458.6;896.8,447.1;847.8,481.6;796.0,504.7
147#948.9,703.9;981.2,621.7;948.9,518.9;893.1,518.9;913.7,598.2;907.8,651.0;916.6,521.9;948.9,448.5;951.8,445.6;973.8,417.7;1054.6,586.5;1037.0,507.2;1001.7,454.4;901.9,445.6;860.8,466.1;790.4,527.8
148#957.9,705.4;989.2,611.7;936.1,511.7;882.9,511.7;929.8,602.3;907.9,661.7;911.1,514.8;948.6,439.8;948.6,439.8;984.5,382.0;1023.6,533.6;1042.3,496.1;998.6,442.9;901.7,433.6;814.2,474.2;795.4,524.2
149#964.6,691.5;999.4,596.8;926.7,505.2;876.2,508.4;926.7,596.8;898.3,675.7;901.5,508.4;945.7,429.4;948.8,429.4;985.2,374.1;1021.5,527.3;1040.4,489.4;993.1,432.6;895.2,423.1;809.9,454.7;794.1,508.4
150#967.6,668.6;1010.6,579.4;928.0,503.3;865.1,513.2;921.3,605.8;898.2,691.8;894.9,506.6;944.5,420.6;947.8,414.0;982.5,362.8;1030.5,536.4;1040.4,480.2;990.8,423.9;891.6,410.7;805.6,423.9;808.9,473.5
151#957.9,641.9;1016.7,562.4;913.0,489.8;864.6,500.1;906.1,603.8;895.7,700.6;892.2,496.7;940.6,406.8;944.1,403.3;980.4,346.3;1027.1,527.8;1034.0,469.0;989.0,410.3;888.8,396.4;899.2,469.0;954.5,524.3
152#956.3,630.6;1009.5,550.9;906.4,477.7;866.5,481.1;886.5,587.4;896.4,713.8;886.5,481.1;936.3,391.3;939.7,384.7;977.9,339.8;1012.8,511.0;1026.1,454.5;982.9,398.0;886.5,384.7;893.1,457.8;876.5,527.6
153#956.4,640.6;988.9,547.1;915.7,453.5;866.9,461.7;871.0,612.1;891.3,726.0;891.3,457.6;923.8,376.3;923.8,376.3;966.5,305.1;997.0,490.1;1005.2,441.3;972.6,380.3;879.1,376.3;858.8,482.0;842.5,526.7
154#948.5,640.9;974.4,544.5;918.9,437.1;867.0,440.8;870.7,555.7;859.6,677.9;892.9,440.8;915.1,363.0;915.1,363.0;939.2,290.7;989.2,466.7;993.0,418.6;959.6,363.0;870.7,359.3;878.1,418.6;889.2,470.4
155#931.4,637.1;959.9,544.2;924.2,426.3;863.5,437.1;859.9,551.4;842.1,651.4;895.6,426.3;902.8,354.9;906.4,351.3;918.9,288.8;974.2,465.6;974.2,404.9;945.7,351.3;863.5,358.5;867.1,429.9;870.6,490.6
