1#711.1,915.3;692.2,801.4;772.8,720.8;715.9,730.3;668.4,834.6;711.1,924.8;749.1,720.8;730.1,578.5;730.1,583.2;725.4,502.6;806.0,701.8;806.0,644.9;772.8,578.5;682.7,573.7;682.7,516.8;720.6,469.3
2#707.0,908.7;675.0,794.4;771.0,721.3;716.1,735.0;670.4,840.1;716.1,927.0;748.1,725.8;729.9,584.1;729.9,579.5;725.3,501.8;761.9,456.1;803.0,661.8;775.6,584.1;688.7,579.5;684.1,515.5;720.7,469.8
3#705.9,905.7;673.7,795.3;770.3,721.6;715.1,735.5;669.1,841.3;715.1,928.7;747.3,730.9;728.9,583.6;728.9,579.0;724.3,505.4;761.1,450.2;802.5,657.2;774.9,583.6;687.5,579.0;682.9,519.2;724.3,473.2
4#708.3,911.6;797.4,648.8;764.6,714.5;708.3,733.2;670.7,845.9;713.0,930.4;736.4,719.2;727.0,583.1;727.0,578.4;731.7,503.3;731.7,465.7;778.7,658.2;769.3,583.1;680.1,573.7;684.8,531.4;722.3,475.1
5#696.9,873.5;757.4,641.9;746.6,693.8;711.8,709.3;686.2,813.6;724.3,901.2;730.0,697.1;719.3,560.2;718.8,553.9;720.7,479.6;714.1,479.0;745.8,626.8;744.8,560.7;690.6,550.0;704.2,520.5;737.2,477.1
6#685.4,835.4;717.3,634.9;728.7,673.0;715.2,685.5;701.6,781.3;735.6,872.0;723.7,675.0;711.7,537.2;710.5,529.5;709.6,455.9;696.4,492.2;712.9,595.3;720.4,538.4;701.0,526.4;723.7,509.6;752.1,479.0
7#674.0,797.3;677.2,628.0;710.8,652.2;718.7,661.6;717.1,748.9;746.9,842.8;717.3,652.9;704.0,514.3;702.2,505.0;698.6,432.3;678.8,505.5;679.9,563.9;695.9,516.0;711.5,502.7;743.1,498.8;767.0,481.0
8#662.6,759.2;637.2,621.1;692.8,631.5;722.2,637.7;732.6,716.6;758.2,813.6;710.9,630.8;696.3,491.4;694.0,480.6;687.6,408.6;661.2,518.8;647.0,532.5;671.4,493.6;722.0,479.0;762.5,487.9;781.9,482.9
9#651.1,721.1;597.1,614.1;674.9,610.8;725.6,613.9;748.0,684.3;769.5,784.4;704.6,608.7;688.7,468.4;685.8,456.1;676.5,384.9;643.5,532.0;614.1,501.0;647.0,471.3;732.4,455.4;782.0,477.0;796.8,484.9
10#639.7,683.0;557.1,607.2;656.9,590.0;729.1,590.0;763.5,652.0;780.8,755.2;698.2,586.6;681.0,445.5;677.5,431.7;665.5,361.2;625.9,545.3;581.2,469.6;622.5,448.9;742.9,431.7;801.4,466.1;811.7,486.8
11#780.4,759.8;758.5,653.9;722.0,566.3;656.2,573.6;535.7,555.3;623.3,635.7;689.1,569.9;656.2,427.5;656.2,416.5;647.1,345.3;791.4,467.7;743.9,471.3;711.0,416.5;590.5,427.5;539.3,431.1;597.8,405.6
12#765.5,750.6;741.9,647.0;707.1,560.1;639.2,565.0;531.9,537.8;614.3,619.9;674.6,562.5;643.7,413.6;643.7,406.3;634.7,331.8;740.6,394.7;724.7,417.3;696.7,404.8;580.4,416.6;538.8,396.5;588.3,358.5
13#750.6,741.4;725.3,640.1;692.1,554.0;622.3,556.4;528.1,520.3;605.3,604.1;660.2,555.2;631.3,399.8;631.3,396.1;622.2,318.4;689.8,321.7;705.4,363.4;682.5,393.1;570.4,405.8;538.3,362.0;578.8,311.5
14#735.7,732.2;708.7,633.2;677.2,547.8;605.3,547.8;524.3,502.8;596.3,588.3;645.7,547.8;618.8,385.9;618.8,385.9;609.8,304.9;639.0,248.7;686.2,309.4;668.2,381.4;560.3,394.9;537.8,327.4;569.3,264.4
15#709.1,708.3;674.9,609.8;657.7,541.2;589.2,541.2;520.6,532.6;597.7,609.8;623.4,541.2;606.3,378.4;606.3,386.9;597.7,305.5;587.0,256.2;649.1,305.5;653.4,374.1;554.9,386.9;550.6,309.8;569.9,256.2
16#666.0,698.9;623.0,605.4;641.9,541.9;576.0,543.2;521.4,552.6;594.3,633.3;606.4,540.6;598.8,386.5;598.8,392.1;599.4,313.8;580.2,273.9;605.8,321.4;645.4,388.7;578.4,395.9;576.9,338.2;587.2,339.2
17#623.0,689.6;571.0,600.9;626.1,542.6;562.7,545.1;522.1,572.7;590.9,656.7;589.3,540.1;591.2,394.5;591.2,397.4;601.0,322.1;573.4,291.7;562.4,337.3;637.4,403.2;602.0,405.0;603.1,366.6;604.4,422.3
18#579.9,680.2;519.1,596.5;610.3,543.3;549.5,547.1;522.9,592.7;587.5,680.2;572.3,539.5;583.7,402.6;583.7,402.6;602.7,330.4;566.6,309.4;519.1,353.2;629.4,417.8;625.5,414.0;629.4,395.0;621.7,505.3
19#544.5,695.8;515.9,602.8;594.6,552.7;540.9,545.5;512.3,599.2;548.1,695.8;562.4,549.1;583.8,416.7;583.8,409.6;598.1,341.6;555.2,345.2;501.5,388.1;544.5,402.4;626.8,423.9;616.0,481.1;576.7,499.0
20#514.9,683.7;508.1,612.7;582.5,568.8;525.0,558.7;487.8,599.2;518.3,690.5;555.5,562.0;575.7,420.0;575.7,420.0;596.0,352.4;528.4,386.2;609.5,504.6;619.7,436.9;528.4,406.5;484.5,440.3;531.8,393.0
21#490.0,658.0;484.1,589.8;573.0,569.0;561.2,572.0;481.1,598.7;490.0,666.8;537.4,560.1;570.1,432.6;570.1,423.7;580.4,357.0;463.3,515.6;478.2,453.4;525.6,411.9;608.6,444.5;593.8,500.8;579.0,536.4
22#549.5,618.4;573.8,556.3;560.3,572.5;487.5,564.4;444.3,559.0;465.9,637.3;525.3,561.7;563.0,432.1;563.0,426.7;575.2,366.0;557.6,494.2;492.9,467.2;603.5,448.3;519.9,421.3;490.2,472.6;449.7,529.3
23#528.4,668.8;562.4,592.2;545.4,580.9;480.2,561.0;440.5,527.0;460.4,612.1;517.1,572.4;559.6,444.8;562.4,433.4;566.7,375.3;556.8,481.6;613.5,504.3;610.7,456.1;514.2,430.6;460.4,490.1;519.9,481.6
24#529.5,690.0;559.6,608.7;538.6,569.6;469.3,557.6;538.6,617.8;451.3,560.6;508.5,566.6;553.6,449.2;556.6,437.2;564.1,375.5;607.8,512.4;598.7,530.5;601.8,461.3;508.5,434.2;487.4,476.3;520.5,488.4
25#532.1,717.1;554.9,632.5;541.9,570.6;463.8,564.1;431.2,466.4;444.2,551.1;506.1,570.6;551.7,450.1;551.7,437.1;569.6,373.6;584.2,547.8;616.8,541.3;607.0,466.4;499.6,437.1;486.6,472.9;515.9,486.0
26#531.2,742.3;545.0,652.3;545.0,576.1;475.8,562.2;534.7,617.6;520.8,728.5;507.0,572.6;548.5,448.0;552.0,427.2;567.6,377.0;593.5,520.7;621.2,548.4;607.4,465.3;489.6,441.0;479.3,496.4;517.3,496.4
27#522.5,755.4;540.9,667.2;544.5,586.4;478.4,564.3;522.5,663.5;518.8,737.0;507.8,571.7;548.2,443.1;555.6,417.4;564.7,364.1;588.6,560.6;632.7,542.3;607.0,457.8;493.1,421.0;449.0,498.2;467.4,531.2
28#523.9,764.5;534.8,669.6;556.7,589.3;494.7,571.0;520.2,676.9;520.2,757.2;527.5,574.7;549.4,425.0;556.7,399.4;584.1,368.4;604.2,563.7;637.0,530.9;604.2,446.9;494.7,395.8;432.6,403.1;469.1,392.1
29#533.9,757.2;537.6,667.3;567.6,573.7;511.4,554.9;541.4,652.3;507.7,648.6;541.4,558.7;548.9,412.6;556.3,393.9;562.0,362.0;608.8,569.9;635.0,513.7;605.0,435.1;503.9,390.1;419.6,362.0;494.5,369.5
30#527.3,756.6;543.0,659.0;566.4,541.8;503.9,534.0;503.9,580.9;511.7,666.8;535.1,541.8;550.8,401.2;550.8,389.5;572.2,325.0;617.2,545.7;644.5,498.8;605.5,424.6;496.1,377.7;439.4,332.8;431.6,325.0
31#528.3,728.3;550.7,629.5;564.2,530.7;505.8,517.3;510.3,589.1;501.3,674.4;532.8,521.7;546.2,391.5;546.2,378.1;559.7,306.2;631.5,499.3;667.5,467.9;609.1,409.5;492.3,373.6;447.4,315.2;481.1,250.1
32#537.8,696.5;568.0,614.7;563.7,519.9;507.7,511.3;512.0,588.8;499.1,687.9;533.5,515.6;550.8,377.8;550.8,369.2;559.4,296.0;645.5,416.6;688.6,438.1;606.8,395.0;494.8,360.6;438.8,308.9;479.7,255.1
33#544.4,651.1;586.7,600.3;565.6,515.7;502.1,515.7;506.3,604.6;489.4,710.4;531.7,515.7;557.1,367.6;557.1,363.3;561.3,291.4;646.0,397.2;701.0,401.4;616.4,376.0;497.9,354.9;430.1,333.7;472.5,274.4
34#553.0,622.9;612.6,567.3;561.0,511.7;501.4,511.7;505.4,619.0;477.6,722.2;533.2,511.7;557.0,364.8;557.0,360.9;570.9,291.4;636.4,317.2;699.9,360.9;616.5,368.8;501.4,356.9;437.9,360.9;475.6,299.3
35#563.1,594.1;636.4,538.0;567.4,507.8;511.3,516.5;485.5,624.3;476.8,727.8;537.2,516.5;558.8,365.5;563.1,361.2;565.2,285.7;625.6,285.7;679.5,331.0;614.8,365.5;502.7,361.2;446.7,382.8;472.5,322.4
36#582.4,578.7;649.7,494.5;582.4,515.5;510.9,515.5;489.8,620.8;468.8,717.6;544.5,515.5;561.4,364.0;561.4,359.8;567.7,282.0;609.8,282.0;649.7,305.1;620.3,364.0;502.4,364.0;447.7,410.3;473.0,338.8
37#578.5,568.2;643.2,475.3;590.7,507.6;517.9,515.7;493.6,612.7;465.3,713.8;554.3,511.6;554.3,362.1;554.3,358.0;568.4,291.3;598.8,556.1;641.2,299.4;614.9,362.1;493.6,358.0;441.1,430.8;449.2,402.5
38#605.8,559.4;636.2,456.9;598.2,510.1;526.1,513.9;499.5,601.1;473.0,696.0;560.3,510.1;556.5,369.7;556.5,358.3;550.8,291.9;617.2,540.4;609.6,434.2;613.4,365.9;495.7,373.5;454.0,438.0;457.8,396.2
39#582.3,571.4;625.8,469.8;593.2,506.1;531.4,520.6;495.1,571.4;491.5,673.1;560.5,513.3;546.0,379.0;546.0,364.5;546.0,291.8;556.9,415.3;604.1,437.1;604.1,368.1;484.2,386.3;466.1,448.0;447.9,426.2
40#602.3,570.4;618.6,501.9;602.3,501.9;524.1,508.4;501.3,550.8;511.1,642.1;563.2,505.2;537.1,378.1;533.9,365.0;522.5,294.9;560.0,423.7;602.3,430.2;592.6,365.0;481.7,391.1;468.7,459.5;458.9,436.7
41#616.7,628.7;613.5,528.1;585.2,499.7;519.1,512.3;468.8,515.5;522.3,606.7;550.6,506.0;528.6,383.3;525.4,370.7;508.1,303.1;597.8,314.1;607.2,364.4;578.9,367.6;471.9,399.1;449.9,462.0;449.9,424.2
42#638.9,673.8;612.8,576.0;580.2,520.6;515.1,527.2;502.1,523.9;515.1,572.8;550.9,520.6;515.1,390.3;511.8,374.0;493.9,310.5;596.5,348.0;609.6,390.3;567.2,374.0;459.7,403.4;440.2,481.6;407.6,504.4
43#650.9,707.9;616.2,614.1;571.0,516.7;508.4,530.6;466.7,516.7;602.3,641.9;539.7,527.1;508.4,395.0;504.9,377.7;482.3,334.2;591.8,367.2;605.7,405.5;564.0,377.7;449.3,408.9;428.4,482.0;470.2,478.5
44#642.6,731.2;617.3,633.5;563.0,532.2;490.6,543.0;458.0,535.8;421.9,550.3;530.4,539.4;497.9,405.5;494.2,391.0;481.6,342.2;592.0,391.0;610.0,427.2;555.8,391.0;440.0,416.4;382.0,488.7;414.6,467.0
45#642.1,744.2;612.0,638.6;555.4,540.6;483.8,555.7;438.6,563.2;408.4,574.5;517.7,551.9;495.1,416.2;491.3,397.4;481.9,342.7;589.4,423.7;600.7,450.1;555.4,404.9;434.8,420.0;351.9,476.5;378.3,457.7
46#646.2,750.2;609.7,648.0;544.0,556.7;470.9,560.3;485.5,542.0;423.4,578.6;511.1,556.7;489.2,421.5;489.2,406.9;483.7,350.3;591.4,447.1;591.4,476.3;551.3,414.2;430.7,425.2;335.8,458.0;397.9,432.5
47#644.5,756.8;608.5,655.9;547.2,573.1;493.2,587.5;576.0,674.0;640.9,753.2;518.4,573.1;489.6,428.9;493.2,421.7;495.0,355.0;586.9,468.6;583.3,501.0;547.2,432.5;431.9,425.3;352.6,418.1;381.5,374.9
48#651.3,761.6;605.9,667.2;549.2,584.0;485.0,587.8;515.2,621.8;398.1,655.8;515.2,587.8;496.3,444.2;496.3,436.6;505.8,359.1;579.5,493.3;579.5,527.3;553.0,451.7;435.8,436.6;364.0,395.1;369.7,359.1
49#656.1,770.9;602.6,677.4;549.2,592.8;473.5,597.2;500.2,637.3;406.7,677.4;513.6,597.2;500.2,454.7;500.2,450.3;518.0,379.0;584.8,517.1;584.8,548.3;558.1,468.1;442.3,441.4;393.4,383.5;362.2,325.6
50#643.7,779.2;595.8,683.5;551.9,611.6;488.0,611.6;448.1,647.6;496.0,667.5;520.0,611.6;508.0,468.0;512.0,456.0;527.9,388.2;587.8,535.8;591.8,563.8;563.8,484.0;452.1,452.0;400.2,392.2;374.3,354.3
51#626.1,782.8;585.9,687.7;549.4,610.9;487.2,607.3;494.5,643.8;509.1,695.0;516.5,610.9;520.1,482.9;520.1,472.0;534.7,402.5;585.9,545.1;600.5,570.7;575.0,493.9;461.6,464.7;403.1,409.8;375.7,375.1
52#599.8,788.5;577.9,690.1;552.4,617.2;483.2,606.2;486.8,639.0;490.5,708.3;516.0,606.2;526.9,493.3;530.6,482.3;545.1,413.1;570.6,551.6;603.4,584.4;585.2,504.2;468.6,478.7;403.0,434.9;383.0,393.0
53#568.9,788.4;575.9,690.3;558.4,630.7;484.8,616.7;470.7,641.2;474.2,704.3;519.8,616.7;537.3,508.0;537.3,501.0;547.9,427.3;568.9,564.1;604.0,595.6;593.4,522.0;474.2,493.9;414.6,465.9;384.8,411.6
54#537.3,798.1;576.9,697.2;558.9,643.1;494.0,625.1;461.6,614.3;472.4,711.6;526.5,635.9;544.5,524.1;544.5,516.9;551.7,441.2;558.9,571.0;602.2,603.4;598.6,534.9;483.2,502.5;414.7,480.9;385.8,423.2
55#528.0,819.8;560.2,719.9;574.4,659.2;506.6,641.3;463.8,637.8;456.7,730.6;538.7,644.9;545.9,534.3;545.9,527.2;556.6,452.2;563.7,619.9;610.1,616.4;606.5,545.0;481.6,516.5;413.8,491.5;385.3,441.5
56#527.3,833.7;542.1,726.8;590.0,667.8;520.0,645.7;468.3,671.5;449.9,774.7;553.2,660.4;553.2,542.4;553.2,535.0;564.2,461.3;575.3,630.9;615.8,619.9;604.8,549.8;494.2,527.7;413.0,505.5;387.2,461.3
57#524.9,837.2;532.1,733.1;596.8,675.6;539.3,661.2;456.7,690.0;453.1,794.1;568.0,672.0;557.3,546.3;557.3,542.7;571.6,470.9;575.2,639.7;621.9,628.9;611.1,560.7;503.4,535.5;424.4,528.3;392.0,481.6
58#524.1,817.9;517.3,722.9;595.3,692.3;544.4,672.0;456.2,705.9;452.8,817.9;568.2,678.8;568.2,553.2;568.2,543.0;575.0,471.7;588.6,614.3;639.5,651.6;619.1,566.7;513.9,539.6;435.8,543.0;395.1,498.9
59#532.0,787.6;519.6,697.4;600.4,694.3;538.2,681.9;454.3,722.3;454.3,843.6;572.4,691.2;578.6,554.4;575.5,535.7;574.0,468.9;594.2,619.7;650.1,650.8;631.5,563.7;516.4,542.0;448.0,554.4;401.4,514.0
60#536.8,759.7;524.6,689.4;610.1,695.6;552.1,686.4;460.5,729.1;457.4,842.1;585.6,686.4;582.6,549.0;582.6,530.7;574.9,465.1;600.9,616.2;668.1,622.3;640.6,555.1;521.5,539.9;448.3,561.2;405.5,527.7
61#545.8,748.0;524.3,683.6;610.2,683.6;548.5,680.9;473.4,731.9;447.9,795.0;580.7,680.9;580.7,536.0;580.7,517.2;582.0,456.9;417.0,536.0;677.3,587.0;634.4,538.7;524.3,533.3;451.9,562.9;406.3,536.0
62#548.7,766.3;531.8,685.4;606.0,668.6;552.0,658.5;484.6,766.3;457.6,870.8;579.0,665.2;585.7,527.0;582.4,513.5;580.7,451.1;592.5,564.1;636.3,597.8;639.7,530.4;528.4,523.6;461.0,560.7;410.4,547.2
63#557.2,770.9;557.2,677.1;620.8,647.0;560.5,647.0;493.5,744.1;460.0,848.0;584.0,647.0;580.6,513.0;580.6,503.0;575.6,444.4;614.1,472.8;657.7,486.2;634.2,509.7;527.0,519.7;453.3,566.6;406.4,556.6
64#567.0,773.2;567.0,677.9;618.0,633.6;556.7,637.0;495.5,708.5;485.3,834.5;590.8,637.0;573.8,507.7;573.8,497.4;568.7,441.3;567.0,541.7;611.2,565.5;624.8,500.8;526.1,511.1;461.4,565.5;407.0,568.9
65#565.5,768.9;561.6,650.2;621.0,630.4;569.5,630.4;490.3,685.8;510.1,796.7;597.2,630.4;569.5,499.7;569.5,495.8;553.7,424.5;575.4,375.0;609.1,420.6;621.0,491.8;514.1,511.6;462.6,567.0;407.2,582.9
66#570.2,776.4;558.8,670.2;615.7,620.9;566.4,620.9;486.8,658.8;513.3,761.2;589.2,620.9;555.0,495.7;555.0,488.1;536.1,419.8;572.1,391.4;608.1,412.2;604.3,488.1;505.7,510.9;452.6,575.3;399.5,594.3
67#575.0,789.0;547.3,688.4;602.8,622.5;557.7,622.5;471.0,629.4;512.6,705.7;582.0,622.5;536.9,497.6;536.9,490.7;517.8,419.6;587.2,412.6;623.6,431.7;588.9,483.7;484.9,515.0;439.8,580.9;398.1,612.1
68#573.9,802.1;554.2,700.0;587.4,623.6;532.3,623.6;462.0,639.4;489.8,707.8;559.8,623.6;521.0,491.5;521.0,483.2;498.9,422.6;590.8,429.8;613.8,453.8;573.1,476.0;468.8,509.4;426.2,575.8;395.9,617.9
69#572.8,815.2;561.0,711.6;572.0,624.6;507.0,624.6;453.1,649.4;466.9,709.9;537.6,624.6;505.0,485.4;505.0,475.6;479.9,425.7;594.3,447.1;604.0,476.0;557.4,468.3;452.7,503.7;412.7,570.7;393.8,623.6
70#571.7,828.3;567.9,723.2;556.6,625.7;481.6,625.7;444.1,659.4;444.1,712.0;515.4,625.7;489.1,479.3;489.1,468.1;461.0,428.7;597.9,464.3;594.2,498.1;541.6,460.6;436.6,498.1;399.1,565.6;391.6,629.4
71#568.7,817.2;560.6,715.8;544.4,618.4;475.4,606.3;556.5,719.9;564.7,829.4;507.9,606.3;479.5,472.4;479.5,460.2;461.2,409.5;613.3,476.5;584.9,508.9;536.3,452.1;426.7,484.6;382.1,549.5;394.3,602.2
72#568.4,807.2;556.5,700.0;524.7,592.8;465.1,592.8;433.4,680.2;417.5,708.0;492.9,592.8;473.1,461.8;473.1,453.9;467.1,384.4;612.0,485.6;596.2,485.6;536.6,449.9;413.5,477.7;369.8,529.3;389.7,533.3
73#561.6,784.0;557.8,676.9;508.0,581.2;446.8,581.2;466.0,615.6;435.3,711.3;477.4,581.2;469.8,454.9;473.6,439.6;471.7,376.5;603.7,497.0;584.6,493.2;531.0,447.3;412.4,462.6;339.7,504.7;374.1,485.6
74#562.3,759.0;562.3,645.8;490.6,577.9;434.0,577.9;475.5,630.7;445.3,721.3;464.2,577.9;471.7,445.8;471.7,438.3;477.4,368.5;607.5,498.7;596.2,506.2;532.1,449.6;411.3,445.8;332.1,453.4;400.0,419.4
75#565.9,738.4;580.5,621.5;489.2,574.0;430.8,581.3;478.3,639.7;445.4,742.0;460.0,577.7;467.3,442.5;467.3,431.6;480.1,371.3;598.8,497.3;591.5,504.6;525.7,446.2;408.9,435.2;350.4,413.3;399.7,371.3
76#573.5,706.5;594.7,591.9;488.6,566.5;433.5,570.7;475.9,651.3;450.5,761.6;454.7,570.7;463.2,430.7;467.4,422.3;475.9,350.1;582.0,490.1;594.7,502.9;526.8,443.5;408.0,422.3;361.4,371.3;393.2,322.6
77#583.1,672.6;610.1,564.8;488.8,555.8;439.4,569.3;475.3,663.6;457.3,775.9;457.3,560.3;470.8,421.0;466.3,412.0;470.8,340.2;592.1,519.8;592.1,492.9;524.7,430.0;412.4,407.5;381.0,349.1;392.2,293.0
78#590.3,630.5;622.5,533.8;498.3,547.6;447.7,556.8;470.7,671.9;466.1,777.7;470.7,552.2;470.7,409.6;470.7,405.0;479.9,331.4;599.5,524.6;599.5,474.0;530.5,418.8;415.5,395.8;387.9,326.8;385.6,273.8
79#593.0,599.0;620.1,499.7;516.3,535.8;457.7,558.3;466.7,675.7;471.2,779.4;489.3,544.8;475.7,395.9;475.7,395.9;484.7,319.2;584.0,490.7;615.6,445.6;538.9,404.9;417.1,386.9;390.0,314.7;378.7,289.9
80#590.4,575.2;617.3,476.5;527.6,530.3;469.3,548.3;469.3,678.4;473.8,777.1;496.2,534.8;487.2,386.8;487.2,382.3;491.7,306.0;581.5,409.2;626.3,413.7;545.6,391.2;433.4,377.8;379.6,332.9;386.3,281.3
81#593.3,567.8;607.0,467.4;538.5,517.6;474.6,535.8;474.6,663.6;479.2,764.0;506.5,522.1;492.8,380.6;492.8,380.6;497.4,298.5;625.2,376.1;607.0,380.6;556.7,376.1;433.5,380.6;374.2,353.2;394.7,287.1
82#605.4,581.7;609.2,475.7;544.8,509.8;476.7,528.7;484.3,653.6;484.3,748.2;514.5,513.5;499.4,365.9;499.4,354.6;493.7,314.8;563.7,335.6;613.0,343.2;552.4,358.3;442.6,369.7;382.1,369.7;395.3,314.8
83#629.7,623.3;609.6,514.7;553.3,490.6;485.0,506.7;485.0,623.3;493.0,731.9;521.2,498.6;493.0,361.9;493.0,357.9;491.0,291.5;509.1,410.1;557.4,414.2;541.3,353.8;440.7,361.9;388.5,382.0;404.5,309.6
84#630.8,647.1;608.6,539.8;556.8,476.9;497.5,488.0;471.6,595.3;493.8,710.0;523.4,480.6;490.1,351.0;490.1,343.6;469.8,282.5;482.7,362.1;543.8,290.0;538.3,339.9;438.3,358.4;390.2,399.1;405.0,325.1
85#633.2,655.0;605.2,550.8;561.1,470.7;501.0,478.7;448.9,566.8;489.0,667.0;529.0,474.7;477.0,338.5;477.0,334.5;450.9,264.4;481.0,342.5;505.0,362.5;525.0,326.5;428.9,354.5;392.8,414.6;412.9,334.5
86#635.5,668.6;595.9,561.7;552.4,458.8;493.1,462.8;417.9,538.0;481.2,629.0;520.8,462.8;461.4,336.2;461.4,328.3;435.7,255.1;445.6,352.0;489.1,363.9;508.9,324.3;417.9,348.0;398.1,419.3;402.1,356.0
87#624.5,672.0;585.8,567.4;543.2,451.2;485.1,455.1;388.2,509.3;461.8,586.8;512.2,455.1;446.3,327.3;442.5,323.4;417.3,247.9;434.7,346.6;465.7,358.3;481.2,311.8;399.9,342.8;396.0,408.6;384.4,358.3
88#621.7,660.0;580.3,562.1;523.8,453.0;459.8,456.7;358.2,479.3;448.5,550.8;493.7,456.7;429.7,325.0;426.0,313.7;399.6,246.0;433.5,343.8;463.6,355.1;467.4,309.9;380.8,340.1;369.5,404.0;328.1,389.0
89#607.8,646.7;569.5,543.3;504.4,447.5;431.6,462.9;347.4,455.2;427.8,531.8;462.3,451.4;416.3,325.0;416.3,321.1;391.4,250.3;446.9,363.3;477.6,363.3;462.3,313.5;370.3,336.5;328.2,401.6;366.5,390.1
90#595.4,630.8;493.8,452.1;413.2,462.6;483.3,462.6;567.4,518.7;591.9,623.8;448.3,459.1;409.7,333.0;406.2,329.5;379.9,264.7;339.6,424.1;287.1,385.5;353.7,347.0;465.8,326.0;490.3,378.5;322.1,424.1
91#506.3,603.3;446.3,463.8;398.4,469.8;467.4,467.9;562.2,497.5;563.0,600.5;434.4,464.6;400.9,342.7;398.5,337.5;382.0,273.0;323.1,381.2;287.2,372.9;348.0,351.1;451.8,338.1;476.9,376.0;361.8,387.0
92#417.1,575.7;398.7,475.4;383.5,477.0;451.4,473.1;557.0,476.4;534.2,577.3;420.4,470.0;392.0,352.5;390.9,345.5;384.0,281.2;306.7,338.2;287.2,360.2;342.4,355.2;437.9,350.1;463.4,373.4;401.6,349.9
93#328.0,548.2;351.2,487.1;368.7,484.2;435.5,478.4;551.8,455.2;505.3,554.0;406.5,475.5;383.2,362.2;383.2,353.5;386.1,289.5;290.2,295.3;287.3,347.6;336.7,359.3;423.9,362.2;450.0,370.9;441.3,312.8
94#304.9,554.4;293.4,419.4;350.8,491.2;419.8,485.5;534.7,445.2;483.0,519.9;388.2,485.5;382.4,367.7;382.4,356.2;388.2,293.0;276.1,290.1;293.4,338.9;333.6,367.7;434.2,370.5;483.0,367.7;468.6,327.5
95#308.2,599.9;327.1,540.2;349.1,505.6;415.2,493.0;512.6,445.9;446.6,505.6;383.7,496.2;377.4,370.4;380.6,361.0;393.2,294.9;279.9,301.2;295.7,345.2;327.1,364.1;427.7,373.5;456.0,392.4;465.5,361.0
96#308.0,622.5;326.7,563.3;348.5,516.6;417.1,513.4;491.9,454.2;442.0,501.0;379.7,516.6;379.7,370.0;382.8,360.7;393.7,293.7;283.0,320.2;264.3,388.7;320.4,363.8;432.7,376.3;482.5,407.5;467.0,376.3
97#425.7,556.1;471.5,471.0;409.4,516.8;343.9,513.6;324.3,546.3;311.2,637.9;373.4,513.6;386.5,369.6;386.5,359.8;394.6,292.8;468.2,389.3;484.6,428.5;442.1,376.2;327.6,366.4;275.2,376.2;275.2,350.0
98#410.2,583.9;450.5,493.3;406.9,513.4;339.8,510.1;319.7,567.1;313.0,664.3;373.3,513.4;386.7,369.2;386.7,355.8;395.1,297.1;410.2,412.8;453.8,426.2;440.4,372.6;329.7,365.9;252.6,419.5;276.1,359.2
99#310.2,670.8;450.3,527.2;419.6,496.5;409.3,489.6;323.9,575.1;310.2,681.0;378.5,493.0;392.2,366.6;392.2,349.5;397.3,296.5;265.8,387.1;477.7,400.7;453.7,366.6;327.3,366.6;269.2,407.6;269.2,397.3
100#419.3,631.7;426.5,538.3;422.9,488.1;361.8,488.1;329.5,567.0;315.2,667.5;390.6,488.1;390.6,366.0;390.6,351.6;392.4,288.8;444.4,419.8;491.1,405.5;455.2,362.4;325.9,373.2;279.3,419.8;261.3,412.7
101#423.9,654.7;420.3,552.6;427.6,490.7;369.2,490.7;332.8,559.9;325.5,654.7;398.4,490.7;391.1,366.7;391.1,355.8;374.7,284.7;460.4,388.6;511.4,392.3;453.1,363.1;329.2,374.0;278.1,443.3;259.9,446.9
102#426.2,679.2;426.2,576.4;433.6,495.7;371.2,495.7;341.8,550.7;341.8,627.8;400.5,495.7;385.8,374.6;385.8,367.2;380.3,295.6;455.6,363.5;518.0,374.6;448.2,367.2;327.1,381.9;290.4,455.3;261.1,470.0
103#426.3,708.8;433.8,600.7;433.8,503.8;366.7,500.0;344.3,537.3;355.5,608.2;400.2,503.8;385.3,384.4;381.6,380.7;368.5,308.0;458.0,315.5;512.1,358.3;441.2,373.3;325.7,395.6;288.4,459.0;258.6,496.3
104#426.3,733.5;434.5,631.6;434.5,513.4;365.2,513.4;365.2,501.2;373.4,590.9;397.8,513.4;381.5,387.1;381.5,378.9;367.2,307.6;481.4,307.6;499.7,338.2;446.7,374.8;320.4,399.3;287.8,468.6;263.3,513.4
105#426.5,740.1;430.6,638.9;426.5,521.5;357.7,521.5;321.2,533.6;463.0,610.6;390.1,521.5;382.0,383.8;377.9,379.8;359.7,313.0;505.5,313.0;499.4,339.3;442.7,367.6;317.2,400.0;280.8,472.9;268.6,537.7
106#424.8,737.5;428.8,630.6;420.8,515.9;353.6,511.9;416.9,614.8;452.5,634.6;389.2,515.9;373.4,385.3;373.4,377.4;359.5,308.1;507.9,333.9;503.9,365.5;432.7,373.4;310.1,401.1;274.4,464.4;274.4,535.7
107#419.5,719.9;442.5,612.4;419.5,516.5;346.5,516.5;419.5,585.6;446.3,647.0;384.9,516.5;373.4,382.2;373.4,366.8;360.0,318.9;507.7,363.0;503.9,389.9;438.6,374.5;312.0,393.7;265.9,455.1;285.1,508.8
108#438.9,675.6;460.3,579.3;403.2,504.4;346.2,504.4;410.3,565.0;417.5,650.6;371.1,504.4;374.7,376.0;374.7,358.2;376.5,317.1;506.6,379.6;499.5,404.5;435.3,372.4;310.5,386.7;260.6,433.0;310.5,443.7
109#438.5,652.7;471.9,552.6;397.7,500.7;345.8,504.4;401.4,563.7;438.5,678.7;371.8,500.7;371.8,370.9;375.5,363.4;384.7,291.1;509.0,400.5;486.7,411.7;434.8,374.6;312.4,370.9;267.9,396.8;290.2,389.4
110#461.3,601.6;476.0,517.6;399.2,484.7;344.4,495.7;391.9,576.1;428.4,667.4;370.0,495.7;373.6,364.1;373.6,360.4;390.1,289.2;501.5,411.6;483.3,422.6;424.8,367.8;318.8,360.4;285.9,353.1;318.8,334.9
111#475.1,563.3;468.3,474.0;413.3,480.9;348.0,494.6;396.1,594.2;430.5,683.6;375.5,491.2;378.9,360.6;382.4,343.5;394.4,300.5;502.6,425.9;478.6,429.3;430.5,367.5;327.4,353.8;337.7,422.5;399.5,456.8
112#480.0,528.2;471.0,447.4;403.7,469.8;358.8,492.3;399.2,595.5;430.6,689.8;381.2,478.8;390.2,348.6;390.2,344.2;412.6,272.3;506.9,438.4;480.0,429.4;444.1,366.6;336.3,326.2;331.8,276.8;396.9,234.2
113#472.7,496.8;448.1,418.1;413.7,472.2;359.6,472.2;399.0,590.2;428.5,693.4;384.2,472.2;399.0,339.5;403.9,329.6;433.4,260.8;502.2,457.5;482.5,423.1;457.9,359.1;344.9,324.7;344.9,255.9;384.2,216.6
114#444.5,514.5;470.3,478.4;434.2,442.4;362.1,463.0;398.2,576.3;429.1,684.4;398.2,447.5;408.5,329.1;413.6,318.8;444.5,251.8;506.3,473.3;496.0,426.9;470.3,349.7;351.8,318.8;357.0,251.8;377.6,195.2
115#447.0,528.6;462.9,478.2;442.8,442.3;372.3,456.0;400.4,573.7;426.2,682.7;408.3,445.7;419.1,327.2;423.8,320.4;453.0,251.3;512.0,449.7;517.0,416.1;478.7,346.2;364.2,315.1;363.7,290.2;389.3,257.7
116#449.6,542.6;455.6,477.9;451.4,442.2;382.6,449.1;402.5,571.2;423.4,681.0;418.3,443.9;429.7,325.4;434.0,321.9;461.4,250.9;517.6,426.2;537.9,405.4;487.2,342.8;376.5,311.4;370.3,328.6;400.9,320.3
117#452.1,556.7;448.2,477.7;460.0,442.1;392.8,442.1;404.7,568.6;420.5,679.3;428.4,442.1;440.3,323.5;444.2,323.5;469.9,250.4;523.3,402.6;558.9,394.6;495.6,339.3;388.9,307.7;377.0,367.0;412.6,382.8
118#450.3,576.4;454.0,493.5;469.1,448.3;408.8,448.3;401.3,583.9;412.6,678.1;439.0,448.3;454.0,331.5;457.8,324.0;486.1,261.8;544.5,365.4;574.6,373.0;506.8,339.0;401.3,312.7;373.0,269.3;350.4,261.8
119#456.4,593.0;452.7,515.6;478.5,456.6;423.2,456.6;386.4,563.5;404.8,670.4;449.0,456.6;463.8,335.0;467.5,335.0;495.1,266.8;530.1,305.5;574.4,346.0;511.7,346.0;408.5,323.9;371.6,298.1;377.2,259.4
120#450.5,619.0;446.9,533.1;489.8,472.3;436.2,468.7;371.8,543.8;400.4,651.2;464.8,468.7;482.7,339.9;482.7,339.9;497.0,271.9;539.9,279.1;565.0,322.0;536.4,350.6;429.0,332.7;375.3,307.7;375.3,271.9
121#452.3,642.9;444.6,553.8;494.9,484.1;444.6,476.3;367.1,526.7;394.2,619.6;471.7,480.2;487.2,344.6;487.2,344.6;494.9,278.8;553.0,267.2;564.6,309.8;533.7,356.3;444.6,336.9;378.7,329.1;382.6,294.3
122#450.9,670.0;443.6,575.0;509.4,494.6;458.2,476.3;366.9,498.3;399.7,571.4;483.8,483.7;491.1,348.4;491.1,348.4;492.9,277.2;558.7,284.5;560.5,293.6;542.3,355.8;439.9,341.1;363.2,366.7;377.8,326.5
123#456.1,691.6;456.1,586.6;519.9,492.9;463.6,474.2;369.9,470.4;407.4,552.9;489.9,481.7;493.6,350.5;489.9,346.8;480.5,284.9;568.6,309.3;587.3,346.8;542.3,350.5;441.1,346.8;366.2,388.0;377.4,354.2
124#456.5,701.6;480.1,595.3;527.4,485.0;472.2,469.2;373.7,449.5;417.1,540.1;499.8,477.1;495.8,347.1;495.8,347.1;478.1,278.1;566.8,335.3;602.2,362.8;543.1,351.0;444.6,343.1;385.5,386.5;381.6,362.8
125#470.2,691.1;493.7,581.1;533.0,471.2;466.3,463.4;376.0,451.6;419.2,545.8;501.6,467.3;493.7,345.6;493.7,341.7;480.0,276.9;525.1,392.7;595.8,384.9;544.8,345.6;446.6,341.7;395.6,396.6;379.9,377.0
126#482.3,691.3;505.1,569.7;543.1,463.3;478.5,451.9;387.3,467.1;417.7,573.5;512.7,459.5;493.7,341.7;493.7,337.9;480.4,278.9;546.9,391.1;596.3,394.9;546.9,345.5;440.5,345.5;394.9,406.3;372.1,391.1
127#508.9,640.8;523.3,561.8;548.4,450.5;487.4,436.2;394.0,504.4;419.2,608.5;519.7,443.3;498.2,342.8;498.2,332.1;489.2,272.8;587.9,382.3;605.8,400.3;555.6,346.4;440.7,346.4;397.6,411.0;372.5,429.0
128#521.0,624.1;549.2,543.1;545.7,448.0;485.8,444.5;408.3,529.0;418.9,638.2;514.0,444.5;503.4,338.9;499.9,328.3;491.1,266.7;545.7,395.2;605.5,395.2;563.3,342.4;443.5,342.4;387.2,398.7;387.2,416.3
129#532.9,607.5;582.6,540.1;543.6,437.2;490.3,433.6;419.3,550.7;419.3,657.2;518.7,437.2;508.1,341.3;504.5,323.6;499.2,272.1;593.2,391.0;628.7,391.0;571.9,344.9;444.2,341.3;383.9,387.5;405.2,394.6
130#574.9,566.0;615.1,533.1;549.3,438.1;490.9,441.8;443.4,566.0;421.4,679.3;520.1,441.8;516.4,339.4;512.8,321.2;500.0,268.2;600.5,372.3;640.7,376.0;578.6,339.4;454.3,339.4;388.5,376.0;421.4,361.4
131#595.8,571.4;638.7,528.5;556.7,450.4;494.2,450.4;455.2,575.3;416.2,680.7;525.5,446.5;521.6,333.2;521.6,325.4;511.8,257.1;611.4,345.0;642.6,356.7;584.0,333.2;459.1,325.4;400.5,372.3;455.2,313.7
132#617.0,589.0;656.8,523.9;562.7,447.9;504.9,455.2;454.2,563.7;439.8,675.8;533.8,451.6;533.8,335.8;533.8,332.2;524.8,265.3;573.6,281.6;627.9,332.2;588.1,335.8;486.8,335.8;432.5,364.8;465.1,299.6
133#644.0,613.1;666.1,524.6;581.3,465.7;522.4,476.7;456.0,561.5;470.8,657.3;555.5,465.7;544.5,340.4;544.5,336.7;533.4,270.3;566.6,410.4;596.1,399.3;592.4,344.0;496.6,344.0;456.0,369.8;485.5,310.9
134#673.5,647.4;673.5,537.8;589.4,483.0;531.0,486.7;461.5,563.4;505.4,629.2;563.9,483.0;549.2,347.8;549.2,351.4;536.5,280.2;498.1,333.2;468.9,402.6;593.1,344.1;498.1,355.1;472.5,402.6;498.1,340.5
135#707.3,658.7;686.4,547.6;596.2,488.6;547.6,488.6;467.8,547.6;530.3,610.1;571.9,488.6;558.0,367.2;558.0,360.2;542.4,299.5;499.0,363.7;474.7,433.1;606.6,370.6;610.1,360.2;478.2,433.1;561.5,304.7
136#551.5,607.5;473.2,539.4;554.9,512.2;619.5,505.4;694.4,559.9;728.4,672.1;585.5,508.8;558.3,386.3;558.3,379.5;543.0,313.2;500.4,389.7;490.2,457.8;514.0,393.1;510.6,393.1;486.8,454.4;493.6,389.7
137#736.2,693.8;702.6,579.7;628.8,522.6;571.7,536.0;494.5,532.7;565.0,606.5;598.5,522.6;561.6,408.5;561.6,398.4;543.1,332.9;598.5,468.9;632.1,455.5;608.6,401.7;514.6,415.2;487.7,479.0;504.5,415.2
138#754.2,713.7;709.0,607.2;641.2,529.7;573.4,552.3;492.7,558.7;573.4,620.1;608.9,542.6;563.7,423.1;560.5,397.3;546.0,360.2;596.0,471.6;631.5,468.3;615.4,413.4;508.8,426.4;495.9,500.6;567.0,620.1
139#759.3,722.0;717.0,627.7;645.4,526.8;583.6,539.8;505.5,582.1;593.3,657.0;612.8,533.3;564.0,425.9;560.8,409.7;542.9,365.7;596.6,461.7;632.4,461.7;612.8,416.2;512.0,432.4;502.2,510.5;505.5,461.7
140#753.3,716.4;716.7,620.0;643.6,523.7;587.1,540.3;520.7,606.8;600.4,686.5;613.7,530.3;563.9,430.7;560.6,420.7;545.6,365.9;590.5,463.9;627.0,467.2;613.7,420.7;514.1,447.3;504.1,527.0;507.4,473.9
141#751.6,711.9;725.2,616.1;642.6,530.2;586.4,543.4;530.2,619.4;599.6,705.3;616.1,533.5;566.6,437.6;563.3,424.4;545.1,369.9;593.0,467.4;632.7,470.7;616.1,424.4;513.7,454.1;500.5,526.9;497.2,480.6
142#746.4,692.9;736.0,602.8;639.0,537.0;580.1,554.3;531.6,634.0;600.9,727.5;607.8,543.9;566.2,443.4;566.2,429.6;550.6,375.9;614.7,478.1;666.7,467.7;618.2,429.6;510.8,457.3;476.1,519.7;479.6,509.3
143#742.3,673.9;745.7,589.2;640.6,548.5;579.6,562.0;532.1,653.6;603.3,748.5;610.1,555.3;572.8,440.0;569.4,429.8;550.8,384.0;650.8,460.3;688.1,456.9;630.4,433.2;511.8,453.5;454.1,501.0;467.7,484.1
144#731.8,654.9;742.1,575.9;632.1,551.8;573.7,575.9;542.7,675.6;601.2,771.8;604.6,562.1;570.2,448.7;570.2,431.5;561.6,395.4;625.2,496.8;639.0,496.8;621.8,438.4;515.2,452.1;436.2,476.2;449.9,455.6
145#714.0,634.3;733.4,557.0;640.6,564.8;571.0,580.2;571.0,700.1;601.9,792.8;605.8,576.4;571.0,448.8;571.0,445.0;569.1,377.3;590.3,506.8;632.9,495.2;625.1,441.1;513.0,448.8;439.6,448.8;439.6,414.0
146#693.5,626.7;722.5,548.1;627.3,564.6;561.1,581.2;581.8,701.2;590.0,796.4;594.2,572.9;577.6,448.8;577.6,448.8;575.6,372.2;519.7,593.6;590.0,564.6;623.1,448.8;523.8,448.8;453.5,436.3;428.6,395.0
147#669.9,628.6;703.1,541.5;628.4,554.0;562.1,583.0;570.4,703.3;595.3,786.3;595.3,570.6;578.7,466.8;582.8,458.6;591.1,383.9;674.1,612.0;657.5,554.0;628.4,450.3;520.6,471.0;483.3,437.8;433.5,400.5
148#643.4,643.1;683.2,549.0;647.0,559.8;574.6,563.4;560.1,675.7;599.9,762.6;607.2,567.1;592.7,462.1;592.7,465.7;601.7,395.1;654.2,632.2;694.1,549.0;643.4,458.4;538.4,458.4;484.0,443.9;437.0,418.6
149#619.1,676.7;592.7,633.6;639.0,567.4;576.1,567.4;546.3,660.1;592.7,726.3;605.9,567.4;596.0,471.4;599.3,471.4;604.2,403.5;701.9,514.5;701.9,497.9;655.6,474.7;539.7,461.5;490.0,461.5;437.1,444.9
150#596.3,712.9;602.6,688.0;636.7,588.6;574.6,579.2;534.2,653.8;587.0,700.4;608.8,585.5;602.6,479.8;602.6,479.8;607.2,419.2;705.1,532.6;723.7,514.0;655.4,486.0;543.5,476.7;490.7,476.7;441.0,464.3
151#583.3,714.7;574.7,674.7;637.5,603.4;574.7,594.8;509.0,637.6;537.6,686.2;600.4,597.6;603.3,494.8;600.4,492.0;600.4,432.0;700.3,554.8;711.8,534.8;651.8,500.6;549.0,489.1;489.0,492.0;437.6,480.6
152#598.5,729.6;632.8,655.4;621.4,601.2;561.4,598.4;510.1,629.8;535.7,712.5;598.5,601.2;598.5,512.8;601.4,507.1;601.4,444.3;701.2,587.0;704.1,555.6;652.7,518.5;541.5,498.5;490.1,504.2;438.7,495.6
153#590.7,763.3;628.8,681.3;620.0,622.7;558.5,616.8;579.0,698.8;532.2,728.1;584.9,616.8;596.6,520.1;596.6,517.2;601.0,463.0;702.1,590.4;693.3,572.9;649.3,526.0;540.9,514.3;482.3,520.1;432.5,514.3
154#599.4,776.7;625.9,691.5;608.2,623.9;546.5,618.0;575.9,670.9;558.3,718.0;578.8,621.0;596.5,529.8;596.5,526.9;600.9,475.5;699.4,618.0;693.5,591.6;652.3,538.6;543.6,524.0;481.8,535.7;431.9,529.8
155#601.6,793.6;626.7,705.9;607.9,633.8;545.2,630.6;554.6,696.5;554.6,756.0;576.5,630.6;595.3,539.7;595.3,539.7;603.2,475.5;698.8,627.5;689.4,602.4;651.7,549.1;538.9,530.3;488.7,549.1;432.3,555.4
156#592.0,812.5;624.5,721.7;608.3,643.9;543.4,627.7;556.4,721.7;536.9,780.1;575.8,630.9;592.0,543.4;592.0,540.1;609.9,483.4;699.0,643.9;686.1,601.7;643.9,549.9;536.9,533.7;472.1,559.6;433.2,569.3
157#590.2,830.2;620.8,731.7;610.6,680.8;539.3,674.0;559.7,792.8;529.1,799.6;566.5,674.0;590.2,545.0;590.2,534.9;605.5,495.8;695.5,650.3;685.3,612.9;644.6,551.8;532.5,534.9;464.7,568.8;444.3,575.6
158#593.1,846.3;609.9,755.6;599.8,671.6;529.3,661.5;559.5,728.7;542.7,809.3;562.9,668.2;589.8,547.3;589.8,550.7;604.9,481.8;670.4,634.7;690.5,617.9;643.5,554.0;536.0,537.2;472.2,577.5;445.3,591.0
159#590.2,851.6;607.3,748.5;593.6,672.9;535.2,672.9;562.7,734.7;542.0,810.4;562.7,672.9;590.2,556.0;590.2,549.1;612.5,492.4;669.2,655.7;693.3,624.7;641.7,562.9;535.2,542.2;476.7,590.4;442.3,604.1
160#584.7,835.6;615.0,744.8;591.4,660.7;520.8,660.7;557.8,731.3;537.6,808.7;561.1,664.1;588.0,566.5;588.0,559.8;609.9,497.6;678.9,664.1;692.3,633.8;641.9,573.3;530.9,556.4;477.1,600.2;440.1,620.3
161#579.6,819.7;622.2,744.3;573.1,639.4;523.9,639.4;556.7,731.2;527.2,826.2;550.1,639.4;586.2,573.9;586.2,570.6;610.8,510.0;671.4,675.5;691.1,642.7;638.6,580.4;530.5,564.1;471.5,603.4;438.7,636.2
162#581.5,797.9;633.8,733.3;572.2,644.1;523.0,644.1;544.5,742.5;526.1,841.0;547.6,644.1;587.6,585.7;587.6,576.4;613.8,528.8;670.7,690.2;692.2,653.3;643.0,594.9;529.2,570.3;461.5,607.2;436.9,644.1
163#588.5,776.4;641.1,717.6;570.0,655.8;517.5,658.9;539.1,757.8;520.6,850.5;542.2,655.8;585.4,597.1;585.4,594.1;608.6,540.0;668.9,702.2;687.4,665.1;644.2,606.4;523.6,581.7;464.9,618.8;431.0,652.8
164#588.5,773.0;638.6,712.6;572.5,648.1;520.2,651.1;541.5,750.5;523.9,843.9;544.6,648.3;583.9,586.7;583.7,583.6;604.0,529.6;664.0,682.5;683.5,649.3;641.4,595.1;523.7,572.6;465.6,610.4;432.4,644.7
165#588.6,769.6;636.2,707.5;574.9,640.5;522.8,643.3;543.9,743.1;527.2,837.4;547.1,640.8;582.3,576.2;581.9,573.1;599.5,519.2;659.0,662.8;679.6,633.5;638.6,583.9;523.7,563.4;466.4,602.0;433.8,636.6
166#588.6,766.1;633.7,702.5;577.4,632.8;525.5,635.5;546.3,735.8;530.4,830.8;549.5,633.4;580.8,565.8;580.2,562.6;594.9,508.8;654.1,643.2;675.7,617.7;635.8,572.6;523.8,554.3;467.1,593.6;435.2,628.5
167#588.7,762.7;631.3,697.4;579.9,625.1;528.1,627.6;548.7,728.4;533.7,824.3;552.0,625.9;579.3,555.3;578.5,552.1;590.4,498.3;649.2,623.5;671.8,601.9;633.0,561.3;523.8,545.2;467.9,585.2;436.6,620.4
168#588.7,759.3;628.8,692.4;582.3,617.5;530.8,619.8;551.1,721.1;537.0,817.7;554.4,618.4;577.7,544.9;576.8,541.6;585.8,487.9;644.2,603.8;667.9,586.1;630.2,550.0;523.9,536.0;468.6,576.8;438.0,612.3
169#588.8,755.9;626.4,687.4;584.8,609.8;533.4,612.0;553.5,713.8;540.3,811.1;556.9,610.9;576.2,534.4;575.0,531.1;581.2,477.5;639.3,584.1;664.0,570.3;627.4,538.8;524.0,526.9;469.4,568.4;439.4,604.2
170#588.8,752.5;623.9,682.3;587.3,602.1;536.1,604.2;555.9,706.4;543.6,804.6;559.3,603.5;574.7,524.0;573.3,520.6;576.7,467.1;634.4,564.5;660.1,554.5;624.6,527.5;524.0,517.8;470.1,560.0;440.8,596.1
171#588.9,749.0;621.4,677.3;589.7,594.5;538.8,596.4;558.3,699.1;546.8,798.0;561.7,596.0;573.1,513.6;571.6,510.1;572.1,456.7;629.4,544.8;656.2,538.7;621.8,516.2;524.1,508.6;470.8,551.6;442.2,588.0
172#588.9,745.6;619.0,672.3;592.2,586.8;541.4,588.6;560.7,691.8;550.1,791.4;564.2,588.5;571.6,503.1;569.8,499.6;567.5,446.3;624.5,525.1;652.3,522.9;619.0,505.0;524.2,499.5;471.6,543.2;443.6,579.9
173#589.0,742.2;616.5,667.2;594.7,579.1;544.1,580.8;563.1,684.4;553.4,784.9;566.6,581.0;570.1,492.7;568.1,489.2;563.0,435.9;619.6,505.4;648.4,507.2;616.2,493.7;524.2,490.4;472.3,534.8;444.9,571.8
174#589.0,738.8;614.1,662.2;597.1,571.5;546.7,572.9;565.5,677.1;556.7,778.3;569.1,573.6;568.5,482.2;566.4,478.7;558.4,425.4;614.6,485.8;644.6,491.4;613.4,482.4;524.3,481.2;473.1,526.3;446.3,563.7
175#589.1,735.4;611.6,657.1;599.6,563.8;549.4,565.1;567.9,669.7;560.0,771.8;571.5,566.1;567.0,471.8;564.7,468.2;553.9,415.0;609.7,466.1;640.7,475.6;610.6,471.1;524.3,472.1;473.8,517.9;447.7,555.6
176#589.1,732.0;609.2,652.1;602.1,556.1;552.0,557.3;570.3,662.4;563.3,765.2;574.0,558.6;565.5,461.3;562.9,457.7;549.3,404.6;604.8,446.4;636.8,459.8;607.8,459.9;524.4,463.0;474.6,509.5;449.1,547.5
177#589.2,728.5;606.7,647.1;604.5,548.5;554.7,549.5;572.7,655.1;566.5,758.6;576.4,551.1;563.9,450.9;561.2,447.2;544.7,394.2;599.8,426.7;632.9,444.0;605.0,448.6;524.5,453.8;475.3,501.1;450.5,539.4
178#589.2,725.1;604.2,642.0;607.0,540.8;557.4,541.7;575.1,647.7;569.8,752.1;578.8,543.7;562.4,440.5;559.5,436.7;540.2,383.8;594.9,407.1;629.0,428.2;602.2,437.3;524.5,444.7;476.0,492.7;451.9,531.3
179#589.3,721.7;601.8,637.0;609.5,533.1;560.0,533.9;577.5,640.4;573.1,745.5;581.3,536.2;560.9,430.0;557.7,426.2;535.6,373.4;590.0,387.4;625.1,412.4;599.4,426.1;524.6,435.6;476.8,484.3;453.3,523.2
180#589.3,718.3;599.3,632.0;611.9,525.5;562.7,526.1;579.9,633.1;576.4,738.9;583.7,528.7;559.3,419.6;556.0,415.7;531.0,363.0;585.0,367.7;621.2,396.6;596.6,414.8;524.7,426.4;477.5,475.9;454.7,515.1
181#589.4,714.9;596.9,626.9;614.4,517.8;565.3,518.2;582.3,625.7;579.7,732.4;586.2,521.2;557.8,409.1;554.3,405.2;526.5,352.5;580.1,348.0;617.3,380.8;593.8,403.5;524.7,417.3;478.3,467.5;456.1,507.0
182#589.4,711.4;594.4,621.9;616.9,510.1;568.0,510.4;584.7,618.4;582.9,725.8;588.6,513.8;556.3,398.7;552.5,394.7;521.9,342.1;575.2,328.4;613.4,365.0;591.0,392.3;524.8,408.2;479.0,459.1;457.5,498.9
183#589.5,708.0;592.0,616.8;619.3,502.5;570.6,502.6;587.1,611.0;586.2,719.3;591.1,506.3;554.7,388.2;550.8,384.2;517.4,331.7;570.2,308.7;609.5,349.2;588.2,381.0;524.8,399.0;479.8,450.7;458.9,490.8
184#589.5,704.6;589.5,611.8;621.8,494.8;573.3,494.8;589.5,603.7;589.5,712.7;593.5,498.8;553.2,377.8;549.1,373.7;512.8,321.3;565.3,289.0;605.6,333.4;585.4,369.7;524.9,389.9;480.5,442.3;460.3,482.7
185#482.6,586.8;482.6,526.7;617.7,474.2;606.4,470.4;583.9,579.3;598.9,688.1;610.2,474.2;538.9,376.6;535.1,357.8;467.6,369.1;516.4,481.7;535.1,436.6;550.1,376.6;527.6,376.6;490.1,429.1;467.6,466.7
