1#533.6,572.3;533.6,512.4;593.6,456.1;552.4,467.4;514.9,531.1;544.9,602.3;571.1,463.6;567.4,351.2;567.4,351.2;563.6,295.0;604.9,231.3;608.6,283.7;604.9,347.5;529.9,347.5;544.9,291.2;574.9,246.3
2#616.2,427.2;533.5,513.7;597.4,457.3;552.3,464.8;514.7,532.5;544.8,603.9;571.1,464.8;571.1,352.0;571.1,352.0;563.6,295.6;605.0,231.7;608.7,284.4;605.0,348.3;533.5,348.3;544.8,291.9;574.9,243.0
3#606.0,439.5;534.5,514.7;594.7,458.3;549.6,465.8;515.7,533.5;545.8,604.9;568.4,465.8;568.4,349.3;568.4,353.0;564.6,296.6;602.2,232.7;609.7,281.6;606.0,349.3;530.8,349.3;545.8,289.1;572.1,244.0
4#533.8,574.7;533.8,515.0;593.5,462.7;548.7,466.4;518.9,537.4;545.0,604.6;567.4,466.4;571.1,350.7;571.1,354.4;563.7,294.6;604.7,234.9;608.5,279.7;604.7,346.9;530.1,350.7;545.0,290.9;574.9,246.1
5#622.5,431.9;541.9,524.0;595.6,458.7;549.6,470.3;518.9,535.5;545.7,608.4;568.8,462.6;568.8,351.3;572.6,351.3;564.9,293.7;603.3,236.1;611.0,282.2;607.1,362.8;530.4,343.6;545.7,289.9;576.4,247.7
6#611.8,431.2;611.8,400.0;588.4,450.7;545.4,458.6;522.0,536.6;545.4,606.9;565.0,458.6;568.9,349.2;568.9,349.2;568.9,290.7;604.0,236.0;611.8,286.8;604.0,360.9;529.8,341.4;545.4,286.8;580.6,247.7
7#607.3,435.0;630.4,404.1;580.3,450.4;541.8,458.1;530.2,535.2;545.7,608.4;561.1,454.2;568.8,350.2;568.8,346.3;568.8,284.7;603.5,238.4;615.0,284.7;603.5,354.0;530.2,342.5;545.7,288.5;576.5,250.0
8#613.0,457.7;537.5,525.6;575.2,442.6;541.2,450.1;529.9,529.4;545.0,608.7;556.3,446.3;567.7,344.4;567.7,344.4;571.4,284.0;605.4,242.5;616.7,287.8;601.6,344.4;529.9,336.8;548.8,287.8;575.2,253.8
9#541.0,599.7;533.8,519.8;541.0,432.7;584.6,432.7;530.1,519.8;610.0,461.7;559.2,432.7;570.1,334.6;570.1,338.3;570.1,276.5;599.1,240.2;620.9,403.6;537.4,323.7;602.8,334.6;617.3,291.1;591.9,243.8
10#610.1,452.0;620.7,380.8;574.5,420.0;528.2,427.1;531.7,509.0;535.3,594.4;553.1,423.5;570.9,330.9;570.9,334.5;570.9,266.9;602.9,241.9;617.2,281.1;606.5,334.5;535.3,327.4;553.1,291.8;583.4,236.6
11#611.3,464.0;601.4,404.4;578.2,414.3;531.8,417.7;525.2,493.8;535.2,586.6;555.0,414.3;568.3,321.6;568.3,321.6;571.6,258.7;606.4,247.1;618.0,285.2;604.7,324.9;535.2,318.3;555.0,285.2;579.9,247.1
12#613.0,461.8;616.1,389.6;575.3,399.0;525.0,411.6;518.7,487.0;531.3,562.4;550.1,408.4;569.0,311.0;569.0,311.0;569.0,248.2;602.0,240.3;619.3,279.6;603.6,314.1;531.3,304.7;525.0,326.7;609.9,452.4
13#609.2,468.2;594.3,384.6;573.4,396.6;528.6,402.6;507.8,468.2;528.6,542.8;549.5,399.6;564.5,304.1;564.5,301.1;563.0,242.9;610.7,242.9;621.2,289.1;603.3,304.1;528.6,298.1;519.7,325.0;537.6,348.8
14#608.3,466.6;591.6,394.1;574.9,391.4;527.5,391.4;496.9,452.7;527.5,530.7;549.8,391.4;561.0,296.6;561.0,291.0;565.1,245.0;604.2,245.0;619.5,282.7;597.2,299.4;521.9,293.8;519.2,327.2;547.0,338.4
15#609.7,469.6;601.2,401.9;575.8,385.0;527.8,387.8;485.5,435.8;525.0,509.2;553.2,385.0;558.9,289.0;556.1,283.4;554.6,222.7;601.2,255.2;621.0,289.0;592.7,289.0;519.4,286.2;516.5,320.1;541.9,322.9
16#608.1,470.5;602.9,404.4;576.4,378.0;528.8,383.3;473.3,417.7;520.9,486.4;552.6,380.6;555.3,280.1;552.6,274.9;547.3,219.3;608.1,256.3;624.0,290.7;589.6,277.5;515.6,282.8;515.6,309.2;552.6,309.2
17#609.0,474.0;602.8,405.1;575.9,373.8;526.7,380.0;462.2,399.3;513.2,464.4;552.7,377.3;549.9,275.4;548.1,270.1;541.8,214.7;619.1,259.6;628.8,284.3;588.4,271.9;509.7,278.2;494.1,293.0;531.6,294.8
18#609.8,477.4;602.6,405.9;575.4,369.5;524.7,376.8;451.1,380.9;505.5,442.3;552.8,374.1;544.5,270.8;543.6,265.4;536.4,210.1;630.0,262.8;633.5,278.0;587.1,266.2;503.7,273.5;472.5,276.8;510.5,280.5
19#610.7,480.9;602.5,406.6;574.9,365.3;522.6,373.5;440.0,362.5;497.8,420.3;552.9,370.8;539.1,266.1;539.1,260.6;530.9,205.5;641.0,266.1;638.3,271.6;585.9,260.6;497.8,268.9;451.0,260.6;489.5,266.1
20#609.9,486.0;599.0,417.9;574.5,363.4;522.7,368.8;484.6,355.2;503.7,404.3;550.0,366.1;533.6,262.6;533.6,257.1;529.6,204.0;639.9,268.0;626.3,278.9;574.5,257.1;492.8,265.3;443.7,246.2;495.5,232.6
21#609.6,494.1;600.9,418.3;566.1,361.2;518.9,368.7;429.5,326.4;491.6,388.5;543.8,363.7;528.9,256.9;528.9,254.4;521.4,199.7;591.0,197.2;615.8,237.0;571.1,254.4;489.1,261.8;439.4,234.5;494.1,214.6
22#605.2,497.0;593.5,420.8;562.2,364.0;513.2,369.0;430.2,321.0;486.8,379.9;539.1,365.7;525.7,257.1;525.7,255.5;517.2,199.2;578.8,183.5;604.6,224.0;566.7,253.1;485.1,261.6;440.3,227.0;492.0,196.2
23#600.7,499.8;586.2,423.2;558.2,366.9;507.4,369.4;431.0,315.5;482.0,371.3;534.4,367.7;522.4,257.4;522.4,256.5;512.9,198.6;566.5,169.7;593.5,211.1;562.2,251.9;481.2,261.3;441.3,219.6;489.8,177.9
24#596.3,502.7;578.8,425.7;554.3,369.7;501.7,369.7;431.7,310.1;477.2,362.7;529.7,369.7;519.2,257.6;519.2,257.6;508.7,198.1;554.3,156.0;582.3,198.1;557.8,250.6;477.2,261.1;442.2,212.1;487.7,159.5
25#639.0,330.1;636.1,306.8;557.3,350.6;504.8,365.2;589.4,315.6;615.7,324.3;531.0,362.2;513.5,260.1;513.5,260.1;507.7,201.8;542.7,149.2;569.0,193.0;554.4,248.4;469.8,260.1;449.3,204.7;478.5,155.1
26#572.2,507.3;561.2,426.5;550.2,360.4;498.8,371.4;594.2,323.7;631.0,342.0;524.5,364.1;506.1,257.6;509.8,268.6;502.4,209.8;528.1,143.8;550.2,191.5;542.8,242.9;546.5,246.6;447.4,202.5;469.4,154.8
27#560.1,503.5;552.6,435.9;526.3,379.5;552.6,353.2;612.7,345.7;639.0,357.0;526.3,368.3;503.8,263.1;507.6,274.4;503.8,214.3;466.2,154.2;455.0,206.8;462.5,266.8;541.4,259.3;541.4,199.2;518.8,142.9
28#555.6,495.1;539.4,436.8;536.1,394.6;487.5,394.6;545.9,430.3;555.6,495.1;516.7,391.4;500.5,274.7;503.7,281.2;497.2,222.8;507.0,161.2;529.7,200.1;458.3,277.9;539.4,274.7;451.8,213.1;461.6,161.2
29#545.3,490.8;535.9,447.2;532.8,397.3;476.8,400.4;539.1,450.3;545.3,493.9;507.9,400.4;498.6,282.1;498.6,288.3;501.7,229.1;498.6,173.0;523.5,219.8;532.8,263.4;461.2,282.1;451.8,219.8;464.3,166.8
30#536.6,484.2;545.9,447.2;527.4,410.2;471.9,410.2;465.7,400.9;475.0,456.4;502.7,407.1;496.5,290.0;496.5,293.1;502.7,237.6;495.0,180.6;524.3,234.5;536.6,290.0;456.5,283.8;450.3,216.0;464.2,174.4
31#522.5,494.6;524.7,451.4;521.6,421.2;466.8,423.8;473.5,413.1;474.5,471.7;496.6,420.6;495.5,303.1;496.2,304.9;501.8,250.2;487.9,197.5;506.8,246.5;521.2,300.5;470.6,299.4;465.0,253.6;469.7,225.5
32#508.3,505.0;503.6,455.7;515.7,432.2;461.8,437.4;481.3,425.3;474.0,487.0;490.6,434.2;494.6,316.2;495.9,316.8;500.9,262.8;480.8,214.4;489.3,258.4;505.8,311.0;484.8,315.1;479.8,291.2;475.2,276.5
33#494.2,515.3;482.4,459.9;509.9,443.2;456.7,450.9;489.0,437.5;473.4,502.3;484.5,447.7;493.6,329.3;495.6,328.6;500.0,275.5;473.7,231.4;471.9,270.4;490.3,321.6;498.9,330.7;494.5,328.7;480.7,327.6
34#480.0,525.7;461.3,464.2;504.0,454.2;451.7,464.5;496.8,449.7;472.9,517.6;478.5,461.3;492.7,342.4;495.3,340.5;499.1,288.1;466.6,248.3;454.4,282.3;474.9,332.1;513.1,346.4;509.3,366.3;486.2,378.6
35#465.9,536.1;440.1,468.4;498.2,465.2;446.6,478.1;504.6,461.9;472.4,532.9;472.4,474.8;491.7,355.5;495.0,352.3;498.2,300.7;459.5,265.2;436.9,294.3;459.5,342.6;527.2,362.0;524.0,403.9;491.7,429.7
36#458.1,552.0;433.4,484.4;478.6,472.7;459.1,481.3;499.9,479.0;465.7,531.7;467.8,480.1;490.3,370.7;492.5,367.5;497.8,316.0;459.2,287.0;430.2,312.8;456.0,357.8;524.6,378.2;518.2,420.0;493.5,446.9
37#450.3,567.9;426.8,500.5;458.9,480.1;471.7,484.4;495.3,496.2;458.9,530.5;463.2,485.5;488.8,385.8;489.9,382.6;497.5,331.2;458.9,308.7;423.6,331.2;452.4,373.0;522.1,394.4;512.5,436.2;495.3,464.0
38#442.5,583.8;420.1,516.5;439.3,487.6;484.2,487.6;490.6,513.3;452.2,529.3;458.6,490.8;487.4,401.0;487.4,397.8;497.1,346.5;458.6,330.5;416.9,349.7;448.9,388.2;519.5,410.6;506.7,452.3;497.1,481.2
39#437.2,585.7;431.3,530.3;444.8,507.6;469.3,499.0;472.1,527.8;442.2,540.6;454.7,502.0;484.0,416.0;484.4,411.5;492.9,361.9;463.3,376.1;431.1,386.3;459.9,407.8;503.4,421.8;488.9,462.6;485.5,490.0
40#431.8,587.6;442.6,544.1;450.2,527.6;454.5,510.4;453.6,542.2;432.2,551.8;450.8,513.1;480.6,431.1;481.4,425.3;488.8,377.3;468.0,421.6;445.3,423.0;470.8,427.3;487.4,433.0;471.1,472.8;473.9,498.8
41#426.5,589.6;453.8,558.0;455.7,547.6;439.6,521.8;435.2,556.7;422.1,563.1;447.0,524.3;477.3,446.1;478.4,439.0;484.6,392.7;472.8,467.2;459.6,459.6;481.8,446.9;471.3,444.1;453.3,483.1;462.4,507.5
42#421.1,591.5;465.1,571.8;461.1,567.6;424.8,533.2;416.7,571.1;412.1,574.3;443.1,535.4;473.9,461.2;475.4,452.8;480.5,408.1;477.5,512.7;473.8,496.3;492.7,466.4;455.3,455.3;435.5,493.3;450.8,516.3
43#415.8,593.4;476.3,585.6;466.6,587.6;409.9,544.6;398.2,585.6;402.1,585.6;439.2,546.6;470.5,476.2;472.4,466.5;476.3,423.5;482.2,558.3;488.0,532.9;503.7,486.0;439.2,466.5;417.7,503.6;439.2,525.1
44#468.3,592.8;468.3,592.8;466.4,602.6;411.7,555.7;398.0,596.7;386.3,575.2;437.1,606.5;470.3,491.2;472.2,481.5;476.1,438.5;480.0,575.2;489.8,547.9;503.5,501.0;439.0,477.6;417.5,518.6;435.1,538.1
45#457.6,622.4;469.4,606.8;469.4,575.6;412.7,567.7;393.2,608.8;385.4,589.2;440.1,573.6;469.4,505.2;471.3,493.5;475.2,450.6;442.0,559.9;485.0,559.9;504.5,513.1;438.1,493.5;416.6,532.6;424.4,552.1
46#447.8,645.1;469.3,621.7;459.5,635.3;418.5,580.6;395.1,619.7;383.3,596.3;438.0,584.6;469.3,516.2;471.2,508.4;475.1,463.5;471.2,568.9;488.8,568.9;502.5,524.0;438.0,508.4;416.5,543.5;434.1,561.1
47#446.8,662.2;472.2,634.9;456.6,621.2;417.5,605.6;394.1,631.0;382.3,605.6;433.1,615.4;466.3,531.4;468.3,521.6;478.0,476.7;460.5,590.0;487.8,584.1;501.5,537.2;431.2,521.6;419.4,558.7;433.1,584.1
48#443.8,675.1;469.2,645.8;459.4,622.4;416.4,608.7;393.0,639.9;379.3,616.5;437.9,614.6;467.2,544.2;469.2,532.5;477.0,487.6;467.2,589.2;490.7,593.1;498.5,550.1;436.0,536.4;418.4,573.5;430.1,591.1
49#448.9,688.3;468.6,654.7;417.3,617.2;458.7,633.0;468.6,654.7;444.9,682.4;441.0,625.1;468.6,556.0;470.6,542.2;477.5,499.7;444.9,601.4;415.3,581.7;435.0,546.1;500.2,563.9;502.2,603.4;472.6,601.4
50#451.2,711.6;471.4,663.0;418.8,624.5;416.7,624.5;471.4,658.9;384.3,638.7;441.0,630.6;467.4,565.8;471.4,553.6;481.5,507.0;471.4,606.3;499.8,608.3;503.8,575.9;432.9,553.6;412.7,584.0;416.7,608.3
51#444.4,735.3;474.7,674.7;459.6,642.2;416.3,633.6;377.3,575.1;381.7,648.7;435.8,640.0;468.2,573.0;472.5,560.0;482.3,513.4;481.2,616.2;509.3,631.4;505.0,585.9;431.4,560.0;414.1,592.4;433.6,607.6
52#442.2,753.4;472.0,689.6;455.0,644.9;414.5,640.6;380.5,581.1;382.6,651.3;433.7,644.9;467.7,576.8;472.0,564.1;481.5,516.2;480.5,621.5;510.3,632.1;506.0,591.7;431.6,564.1;406.0,593.8;380.5,640.6
53#438.8,764.6;466.4,709.4;455.8,666.9;404.8,660.5;392.1,669.0;449.4,754.0;436.7,658.4;468.6,581.9;472.8,564.9;484.5,538.3;521.7,656.3;511.1,641.4;504.7,596.8;430.3,567.0;389.9,594.6;383.6,649.9
54#436.4,780.9;463.5,721.6;461.0,672.3;409.2,662.4;461.0,711.8;451.2,763.6;438.8,667.4;468.4,583.5;470.9,571.2;479.5,523.1;495.6,645.2;515.3,650.1;505.4,595.8;431.4,568.7;392.0,598.3;384.6,650.1
55#435.7,790.7;460.8,730.4;460.8,675.0;413.0,670.0;453.3,715.3;450.8,775.7;433.2,672.5;465.9,584.5;468.4,569.4;482.2,520.3;496.1,652.4;516.2,652.4;506.1,597.0;425.6,566.9;395.4,622.2;387.9,659.9
56#438.2,794.3;458.3,739.2;458.3,679.0;410.6,674.0;453.3,731.7;450.8,779.3;433.2,676.5;465.8,581.2;470.8,568.6;487.1,524.8;498.4,656.4;523.5,651.4;500.9,593.7;428.2,566.1;413.1,603.8;433.2,608.8
57#454.9,693.2;456.8,746.2;456.8,689.3;409.8,673.6;449.0,724.6;449.0,740.3;435.3,683.4;466.6,579.5;472.5,563.8;487.2,525.6;550.9,685.4;523.5,652.0;501.9,595.2;433.3,561.8;398.0,544.2;423.5,554.0
58#460.4,676.6;456.3,754.7;456.3,691.0;413.1,682.7;466.5,699.2;431.6,717.7;435.7,688.9;464.5,575.8;470.7,561.4;488.1,517.2;499.4,660.1;524.1,656.0;501.5,592.2;427.5,559.3;396.6,532.6;443.9,544.9
59#437.7,798.5;452.8,758.0;459.8,693.1;413.4,683.8;411.1,676.8;425.0,718.6;438.9,690.7;466.7,572.5;469.0,563.2;487.6,514.5;501.5,683.8;522.3,646.7;501.5,591.1;429.6,556.3;392.5,521.5;459.8,526.1
60#441.3,801.0;456.2,756.1;460.4,689.6;414.2,680.8;414.5,679.3;424.2,725.3;439.5,687.0;468.0,569.5;469.8,562.0;488.2,511.9;505.5,679.4;528.4,642.7;503.5,588.5;430.0,553.0;394.7,514.1;449.2,506.6
61#444.9,803.5;459.5,754.2;460.9,686.1;415.0,677.7;417.8,681.8;423.4,732.0;440.1,683.3;469.3,566.4;470.6,560.8;488.8,509.4;509.6,674.9;534.6,638.8;505.4,585.9;430.3,549.8;396.9,506.6;438.7,487.1
62#448.5,806.1;462.9,752.3;461.5,682.5;415.8,674.7;421.2,684.4;422.5,738.6;440.6,679.5;470.5,563.4;471.5,559.7;489.3,506.8;513.6,670.5;540.7,634.8;507.4,583.4;430.7,546.5;399.1,499.2;428.1,467.7
63#452.1,808.6;466.2,750.4;462.0,679.0;416.6,671.6;424.5,686.9;421.7,745.3;441.2,675.8;471.8,560.3;472.3,558.5;489.9,504.3;517.7,666.0;546.9,630.9;509.3,580.8;431.0,543.3;401.3,491.7;417.6,448.2
64#455.7,811.1;469.6,748.5;462.6,675.5;417.4,668.6;427.9,689.4;420.9,752.0;441.8,672.1;473.1,557.3;473.1,557.3;490.5,501.7;521.7,661.6;553.0,626.9;511.3,578.2;431.4,540.0;403.5,484.3;407.0,428.7
65#455.4,814.3;473.1,735.4;463.5,677.5;421.6,667.8;441.0,696.8;415.2,758.0;444.2,667.8;473.1,558.4;473.1,555.2;492.5,500.5;547.2,619.5;560.0,619.5;515.0,574.5;431.3,539.1;399.1,487.6;399.1,432.9
66#459.8,802.0;483.4,724.4;466.6,667.1;426.1,663.7;453.1,697.4;416.0,764.9;446.3,667.1;476.7,552.4;476.7,549.0;493.5,498.4;567.7,609.7;571.1,609.7;517.1,572.6;432.8,535.5;395.7,484.9;399.1,434.3
67#466.2,798.4;489.4,719.0;469.5,672.7;426.5,662.8;449.7,705.8;413.3,768.6;449.7,666.1;476.1,550.3;479.4,547.0;499.3,497.3;568.8,599.9;582.0,599.9;519.1,566.8;436.4,533.7;393.4,490.7;400.0,441.1
68#472.0,784.4;492.0,707.7;472.0,671.0;428.6,664.3;442.0,704.3;408.6,781.1;452.0,667.6;478.7,547.6;478.7,547.6;498.7,497.5;578.7,584.2;585.4,590.9;522.0,567.6;435.3,537.5;388.6,497.5;398.6,450.8
69#469.8,780.0;496.7,712.8;476.6,665.7;432.9,665.7;439.6,709.4;409.3,786.8;453.0,665.7;476.6,551.5;479.9,544.7;500.1,494.3;577.4,575.0;567.3,578.4;520.3,564.9;439.6,538.0;389.2,507.8;409.3,457.3
70#477.1,766.6;504.9,695.5;486.4,667.7;433.8,664.6;436.9,717.1;409.1,791.3;461.6,667.7;483.3,550.2;483.3,547.1;495.6,491.4;582.2,562.5;588.4,565.6;526.6,562.5;440.0,537.8;390.5,510.0;404.4,462.1
71#486.2,741.6;512.5,680.2;483.3,665.6;436.6,662.7;433.6,721.1;407.3,797.1;459.9,665.6;483.3,551.6;486.2,545.8;495.0,490.3;568.0,522.4;597.3,557.5;524.2,560.4;442.4,539.9;392.7,516.6;411.7,471.3
72#494.3,721.3;523.0,666.8;491.4,663.9;439.8,658.2;431.2,721.3;408.2,795.9;462.7,661.1;488.6,552.0;488.6,546.3;494.3,486.1;557.4,506.1;597.6,540.6;528.7,554.9;442.7,540.6;396.8,526.2;409.7,473.1
73#498.3,710.5;521.8,645.8;492.4,663.4;448.3,660.5;427.7,728.1;410.1,792.8;468.9,660.5;486.5,551.6;489.5,542.8;498.3,486.9;548.3,486.9;589.5,525.2;524.8,551.6;445.3,539.9;398.3,531.1;418.9,478.1
74#501.8,703.8;524.6,646.8;496.1,658.2;450.5,661.0;427.7,726.6;410.6,794.9;473.3,661.0;484.7,547.0;487.6,541.3;499.0,484.3;540.3,471.5;584.5,515.7;524.6,552.7;444.8,541.3;399.2,538.5;419.2,487.2
75#503.1,689.2;535.4,645.2;500.1,656.9;453.2,656.9;426.8,727.4;412.1,792.0;476.7,656.9;488.4,542.5;488.4,539.5;500.1,483.8;542.7,464.7;579.4,504.3;529.5,545.4;444.4,539.5;403.3,545.4;420.9,492.6
76#504.3,690.7;521.8,645.2;511.3,655.7;455.2,655.7;427.2,729.3;409.7,788.9;483.3,655.7;486.8,543.6;486.8,536.6;497.3,480.5;542.8,449.0;574.4,494.5;528.8,543.6;448.2,540.1;402.7,550.6;420.2,501.5
77#541.8,664.4;520.1,635.6;512.9,657.2;462.4,657.2;433.5,718.6;408.2,787.2;484.0,657.2;487.6,541.7;487.6,534.5;494.9,480.4;541.8,429.8;563.4,491.2;530.9,538.1;444.3,541.7;404.6,556.2;419.1,509.2
78#536.5,660.3;529.2,631.1;518.3,653.0;463.5,656.7;434.3,718.7;408.8,784.4;489.1,653.0;485.4,543.5;485.4,532.6;492.7,477.8;540.2,423.0;554.8,474.1;532.9,536.2;441.6,543.5;405.1,561.8;419.7,514.3
79#538.4,661.3;527.3,631.7;519.9,653.9;464.5,653.9;438.6,709.3;409.0,779.5;490.3,653.9;482.9,543.0;486.6,531.9;490.3,476.5;542.1,421.1;549.4,480.2;527.3,535.6;438.6,543.0;405.3,565.2;416.4,520.8
80#541.9,645.4;528.0,623.2;519.6,651.0;466.8,653.7;439.0,703.8;414.0,773.2;494.6,651.0;483.5,537.0;483.5,531.4;487.7,474.5;548.8,474.5;536.3,500.9;525.2,534.2;439.0,542.6;405.7,570.4;416.8,525.9
81#534.2,614.0;516.9,624.4;523.8,648.7;471.7,652.2;444.0,693.8;419.7,763.2;499.5,652.2;482.1,537.6;482.1,530.7;478.7,471.7;541.1,419.6;541.1,475.2;520.3,530.7;437.0,544.6;409.3,575.8;416.2,530.7
82#527.9,604.9;514.1,601.4;527.9,642.8;476.2,646.2;445.1,684.1;427.9,753.1;503.7,642.8;479.6,532.5;479.6,525.6;476.2,470.4;538.2,425.6;541.7,473.9;517.5,525.6;434.8,546.3;410.7,580.7;417.6,532.5
83#524.6,607.1;517.9,600.5;527.9,636.9;478.3,643.5;448.5,670.0;435.3,746.0;501.4,640.2;475.0,534.4;478.3,527.8;471.7,471.6;537.8,425.3;544.4,478.2;517.9,524.5;432.0,541.0;412.1,584.0;418.7,544.3
84#546.3,641.8;540.4,621.1;525.6,624.1;475.4,630.0;451.8,662.5;442.9,736.3;499.1,630.0;472.5,532.5;475.4,529.6;466.6,470.5;534.5,438.0;546.3,482.3;516.8,523.7;431.1,544.3;413.4,588.6;416.4,556.1
85#518.0,747.4;509.7,598.5;520.8,617.8;473.9,628.8;454.6,653.7;451.8,728.1;498.7,623.3;468.4,532.3;468.4,526.8;462.9,471.6;538.7,448.2;545.6,490.9;512.5,524.0;427.0,543.3;413.2,593.0;416.0,562.6
86#521.4,723.3;514.6,605.7;517.6,622.1;471.7,631.9;456.2,651.1;436.6,695.6;496.6,627.2;467.5,534.6;466.6,526.6;459.5,474.4;537.9,452.0;545.0,496.2;511.4,524.5;427.2,544.8;412.0,595.2;411.1,569.1
87#524.7,699.1;519.5,613.0;514.3,626.5;469.4,634.9;457.9,648.4;421.3,663.1;494.6,631.2;466.7,536.9;464.8,526.3;456.1,477.2;537.0,455.8;544.4,501.5;510.2,525.0;427.4,546.3;410.8,597.5;406.3,575.5
88#528.0,675.0;524.5,620.2;511.1,630.8;467.2,638.0;459.5,645.8;406.1,630.6;492.5,635.1;465.8,539.2;462.9,526.1;452.8,480.1;536.2,459.6;543.7,506.9;509.1,525.4;427.7,547.8;409.5,599.8;401.4,582.0
89#531.4,650.9;529.4,627.4;507.9,635.2;465.0,641.1;461.1,643.1;390.8,598.1;490.4,639.1;465.0,541.5;461.1,525.9;449.4,482.9;535.3,463.4;543.1,512.2;507.9,525.9;427.9,549.3;408.3,602.0;396.6,588.4
90#532.4,660.8;530.8,636.6;507.3,635.2;462.5,640.8;460.2,641.7;390.2,607.0;488.4,639.1;462.8,541.5;459.4,525.9;448.7,482.2;534.4,471.5;542.0,518.0;505.1,527.0;425.4,548.7;401.9,593.9;393.5,579.2
91#533.3,670.7;532.2,645.8;506.8,635.2;459.9,640.5;459.4,640.3;389.7,615.9;486.5,639.1;460.5,541.5;457.7,525.9;448.0,481.5;533.6,479.5;540.8,523.9;502.3,528.1;422.8,548.2;395.4,585.8;390.4,569.9
92#534.3,680.6;533.6,655.0;506.2,635.2;457.4,640.2;458.5,638.9;389.1,624.8;484.5,639.1;458.3,541.5;456.0,525.9;447.3,480.8;532.7,487.6;539.7,529.7;499.5,529.2;420.3,547.6;389.0,577.7;387.3,560.7
93#535.2,690.4;534.9,664.2;505.6,635.1;454.9,639.9;457.7,637.4;388.5,633.8;482.5,639.0;456.0,541.4;454.4,525.8;446.5,480.0;531.9,495.7;538.6,535.6;496.7,530.3;417.8,547.0;382.6,569.6;384.3,551.5
94#536.2,700.3;536.3,673.4;505.0,635.1;452.4,639.6;456.8,636.0;387.9,642.7;480.5,639.0;453.8,541.4;452.7,525.8;445.8,479.3;531.0,503.8;537.5,541.4;493.9,531.4;415.3,546.4;376.2,561.5;381.2,542.3
95#537.1,710.2;537.7,682.6;504.5,635.1;449.8,639.3;456.0,634.6;387.4,651.6;478.6,639.0;451.5,541.4;451.0,525.8;445.1,478.6;530.2,511.8;536.3,547.3;491.1,532.5;412.7,545.9;369.7,553.4;378.1,533.0
96#538.1,720.1;539.1,691.8;503.9,635.1;447.3,639.0;455.1,633.2;386.8,660.5;476.6,639.0;449.3,541.4;449.3,525.8;444.4,477.9;529.3,519.9;535.2,553.1;488.3,533.6;410.2,545.3;363.3,545.3;375.0,523.8
97#537.1,721.1;536.1,690.8;502.9,632.2;448.3,640.0;454.1,634.2;415.1,657.6;477.6,638.1;450.2,540.4;448.3,522.9;439.5,478.9;530.3,528.7;536.1,561.9;493.2,532.6;409.2,544.3;362.3,536.5;383.8,495.5
98#525.6,679.5;535.4,699.1;502.1,636.4;449.2,642.2;414.0,687.3;404.2,683.4;472.7,638.3;449.2,538.4;447.3,522.7;440.4,478.7;523.7,532.5;527.6,565.8;488.4,532.5;408.1,540.4;363.0,524.7;381.6,478.7
99#390.7,685.0;529.3,702.5;496.1,632.2;443.4,638.1;412.1,694.7;388.7,694.7;470.7,634.2;449.3,534.6;447.3,518.9;440.5,475.0;523.5,542.4;525.4,569.7;488.3,530.7;408.2,536.5;363.3,515.0;374.1,475.0
100#527.1,753.5;518.4,687.4;492.6,629.9;440.8,638.5;412.1,698.9;400.6,690.3;466.7,635.6;449.4,535.0;446.6,523.5;437.9,468.9;532.8,555.1;529.9,575.3;492.6,532.1;406.3,532.1;366.1,503.4;371.8,451.6
101#525.9,752.4;514.2,687.7;490.7,628.8;440.6,634.7;414.2,702.4;408.3,696.5;464.2,631.8;446.5,534.7;446.5,525.9;440.6,470.0;534.8,564.1;531.8,581.8;490.7,534.7;405.3,531.8;367.1,496.5;367.1,440.6
102#522.3,751.0;513.3,685.2;492.3,631.4;438.5,637.4;426.6,640.4;417.6,706.1;465.4,637.4;447.5,535.7;447.5,526.7;444.5,469.9;540.2,580.6;528.2,592.5;495.3,535.7;408.6,532.7;366.8,490.9;363.8,437.0
103#521.6,748.8;512.6,679.7;497.6,631.6;437.5,637.6;428.5,643.6;425.5,709.8;467.5,631.6;455.5,535.4;455.5,526.4;452.5,469.3;491.6,583.5;524.7,589.5;497.6,538.4;410.4,529.4;368.4,493.3;371.4,439.2
104#517.6,743.6;511.7,678.4;496.9,631.1;440.6,637.0;431.7,645.9;428.8,714.0;467.2,634.0;458.4,539.3;458.4,527.4;461.3,471.2;547.2,598.5;529.4,592.6;502.8,542.2;413.9,533.4;366.6,494.9;378.4,447.5
105#514.9,735.3;506.0,672.9;497.0,631.2;440.6,637.2;431.7,652.0;425.7,720.4;467.3,634.2;461.4,539.1;464.3,530.2;467.3,473.7;541.6,619.3;532.7,598.5;503.0,545.0;419.8,533.1;369.2,503.4;387.1,458.8
106#510.6,731.7;504.9,668.6;499.2,631.3;441.8,631.3;427.5,651.4;424.6,731.7;470.5,628.5;467.6,542.4;467.6,533.8;476.2,476.5;547.9,617.0;539.3,605.5;507.8,548.2;424.6,531.0;373.0,516.6;384.5,470.8
107#507.4,707.6;510.4,645.8;501.5,631.0;445.6,631.0;427.9,654.6;425.0,740.0;472.1,631.0;469.1,542.7;472.1,533.8;480.9,477.9;528.1,636.9;533.9,604.5;510.4,551.5;427.9,536.8;377.8,530.9;383.7,480.8
108#497.0,709.7;471.8,662.1;502.6,648.1;449.4,639.7;424.2,664.9;424.2,751.7;474.6,642.5;471.8,547.3;474.6,536.1;487.2,475.9;522.2,639.7;550.2,614.5;516.6,552.9;435.4,538.9;382.2,538.9;385.0,488.5
109#493.6,727.2;485.4,672.2;504.6,655.7;455.1,647.5;424.9,675.0;424.9,760.2;479.9,647.5;479.9,551.3;479.9,537.6;484.0,481.2;526.6,636.5;554.1,614.5;523.8,556.8;435.9,543.1;386.4,545.8;386.4,499.1
110#483.6,777.4;475.6,681.7;507.5,655.1;454.4,644.5;422.5,687.0;425.1,772.0;478.3,647.1;480.9,551.4;483.6,538.1;492.9,486.3;534.1,633.8;566.0,601.9;526.1,556.7;438.4,546.1;390.6,554.1;387.9,511.5
111#460.6,761.3;477.0,684.9;512.5,660.3;457.9,657.6;425.2,695.8;425.2,777.6;485.2,660.3;485.2,551.2;485.2,540.3;494.7,484.3;542.5,600.3;572.5,594.8;528.8,553.9;441.5,548.5;392.4,562.1;387.0,521.2
112#486.1,706.6;483.2,669.8;517.2,664.2;460.6,661.3;429.4,706.6;423.8,783.1;486.1,664.2;488.9,550.9;488.9,539.6;490.3,481.5;500.2,584.9;531.4,587.7;531.4,553.7;446.4,548.1;395.4,570.7;387.0,531.1
113#482.2,707.3;482.2,674.9;517.3,661.4;463.3,661.4;436.4,710.0;422.9,785.5;490.3,658.7;493.0,550.7;493.0,539.9;494.4,490.0;498.4,569.6;522.7,583.1;538.9,550.7;449.9,548.0;398.6,575.0;387.8,537.2
114#510.2,709.8;502.4,694.2;518.0,660.3;463.3,660.3;439.9,715.0;424.2,788.0;492.0,660.3;494.6,550.9;494.6,540.5;493.3,492.3;497.2,569.1;533.7,587.4;538.9,548.3;450.3,550.9;403.4,579.5;387.7,545.7
115#507.9,712.3;513.1,639.5;518.3,660.3;468.9,660.3;440.3,714.9;424.7,785.0;494.9,660.3;494.9,551.1;494.9,538.1;496.2,492.6;502.7,569.3;539.1,579.7;541.7,548.5;453.3,553.7;406.5,582.3;388.3,551.1
116#512.9,721.3;520.6,638.5;523.2,656.6;471.5,659.2;443.0,703.2;432.7,780.8;497.3,656.6;497.3,550.5;497.3,540.1;496.1,492.2;515.5,578.9;562.0,509.1;541.3,547.9;453.4,553.1;406.8,586.7;388.7,560.8
117#512.0,730.6;509.4,689.5;524.9,656.0;473.4,656.0;442.6,699.8;437.4,771.8;499.2,656.0;499.2,548.0;499.2,537.7;497.9,490.1;544.2,490.1;568.6,504.3;540.3,545.4;455.4,553.2;406.6,589.2;386.0,568.6
118#511.3,737.5;511.3,685.3;527.0,654.0;480.0,654.0;443.4,690.5;440.8,763.6;503.5,654.0;498.3,549.5;498.3,536.5;499.6,482.9;562.2,482.9;566.1,497.3;545.3,541.7;453.9,554.7;406.9,593.9;388.6,578.2
119#514.2,738.6;510.9,630.0;524.4,667.3;476.9,660.5;442.9,674.1;442.9,752.2;497.3,660.5;497.3,548.4;497.3,538.3;493.9,480.5;534.6,429.6;558.4,483.9;541.4,541.6;449.7,558.6;409.0,599.4;395.4,585.8
120#513.1,747.8;502.7,678.8;523.4,647.7;475.1,651.1;440.6,664.9;444.0,737.5;499.3,647.7;492.4,547.5;492.4,537.2;488.9,481.9;533.8,426.7;551.1,478.5;537.2,537.2;444.0,561.4;409.5,606.2;392.2,592.4
121#515.0,754.8;508.2,694.0;521.7,646.8;467.7,650.1;437.3,653.5;447.4,724.4;494.7,650.1;488.0,545.5;488.0,538.7;481.2,481.3;535.2,430.6;552.1,484.7;528.5,535.3;444.0,559.0;403.5,613.0;393.4,599.5
122#515.5,757.3;512.3,683.5;518.7,657.8;467.4,657.8;435.3,635.3;448.1,709.1;493.1,657.8;483.4,545.5;483.4,535.9;473.8,481.3;534.8,433.2;557.2,478.1;528.4,529.4;438.5,561.5;403.2,616.1;390.4,606.5
123#511.6,766.9;508.8,688.1;520.0,637.5;461.0,648.8;441.3,640.3;449.7,693.8;491.9,643.1;475.0,550.3;475.0,536.3;466.6,482.8;535.5,439.2;562.2,488.4;522.8,527.8;430.0,564.4;399.1,617.8;385.0,615.0
124#514.0,771.0;508.0,698.2;501.9,646.7;456.4,646.7;435.2,640.6;392.7,619.4;477.6,646.7;468.5,546.6;468.5,537.5;459.5,479.9;542.9,469.2;565.6,495.0;517.1,528.4;423.1,561.7;392.7,625.4;386.7,616.3
125#510.8,778.4;510.8,705.2;505.2,643.3;451.7,651.7;389.8,637.7;429.2,668.6;477.0,646.1;460.1,547.6;460.1,536.3;451.7,480.0;541.8,460.3;561.5,502.6;508.0,527.9;415.1,564.5;384.2,629.2;387.0,615.1
126#511.4,782.3;511.4,713.6;499.9,645.0;451.3,650.7;414.1,670.7;434.1,690.7;474.2,647.8;454.1,544.8;454.1,533.4;444.1,477.6;541.4,477.6;554.3,507.6;499.9,527.6;408.3,562.0;379.7,633.5;416.9,645.0
127#512.3,785.2;505.9,719.6;487.9,637.3;439.0,639.9;397.8,645.0;421.0,688.8;462.1,639.9;449.3,539.6;446.7,529.3;439.0,472.7;531.6,477.8;554.7,513.9;498.2,524.2;403.0,555.0;377.3,606.5;377.3,647.6
128#511.0,781.2;499.8,720.0;482.2,637.5;429.8,637.5;417.2,680.0;427.2,702.5;454.8,637.5;444.8,535.0;442.2,522.5;436.0,466.2;524.8,480.0;549.8,520.0;492.2,522.5;397.2,547.5;369.8,602.5;379.8,640.0
129#504.4,789.8;498.8,716.3;481.8,642.8;425.3,631.5;425.3,690.9;430.9,710.6;450.7,637.2;442.2,532.6;442.2,521.3;432.3,471.8;532.7,493.0;546.8,529.8;487.5,518.5;394.2,538.2;363.1,591.9;382.9,631.5
130#498.9,787.3;493.7,708.8;470.2,633.0;420.5,630.4;420.5,695.8;425.7,714.1;444.0,633.0;436.2,528.4;436.2,512.7;432.2,461.7;527.7,497.0;543.4,533.6;480.6,517.9;391.7,533.6;352.5,583.3;386.5,622.5
131#497.1,782.6;491.7,698.1;461.7,630.0;404.5,627.3;418.1,627.3;429.0,717.2;431.7,627.3;431.7,521.0;431.7,510.1;430.3,451.5;518.9,507.4;538.0,537.4;478.0,515.6;385.4,526.5;344.5,572.8;385.4,591.9
132#493.0,773.5;490.1,690.0;451.3,624.5;400.6,621.5;448.3,639.4;409.6,684.1;427.5,621.5;427.5,517.2;427.5,508.2;429.0,450.1;534.8,520.1;525.8,538.0;478.1,514.2;379.8,523.1;335.1,561.9;320.2,570.8
133#490.7,764.9;493.7,677.7;445.6,623.6;394.4,620.6;445.6,638.6;409.5,695.8;421.5,620.6;424.5,515.3;424.5,503.3;429.0,441.6;505.7,518.3;499.7,530.3;475.7,512.3;373.4,518.3;328.3,545.4;355.3,539.4
134#489.3,752.6;495.1,671.4;440.0,619.2;387.7,619.2;445.8,639.5;408.0,700.4;413.8,619.2;422.5,511.9;422.5,500.3;429.8,446.6;521.2,520.6;518.3,543.8;471.9,511.9;373.2,511.9;323.9,526.4;355.8,523.5
135#489.0,743.8;494.6,662.7;433.0,620.7;388.2,617.9;444.2,645.9;407.8,707.5;410.6,617.9;421.8,511.5;421.8,497.6;426.0,451.4;505.8,531.1;517.0,550.7;466.6,511.5;374.2,503.1;321.0,505.9;368.6,503.1
136#490.1,733.8;498.8,652.8;426.4,618.1;386.0,618.1;443.8,644.1;406.2,713.5;406.2,615.2;417.8,505.3;417.8,496.6;425.0,443.1;521.9,528.4;510.3,557.3;464.0,508.2;374.4,496.6;319.4,485.0;374.4,459.0
137#493.5,720.1;508.7,644.0;432.6,619.7;390.1,619.7;438.7,647.1;405.3,723.1;408.3,619.7;417.4,501.1;417.4,498.1;422.0,435.7;526.9,537.6;508.7,555.9;460.0,510.2;374.9,492.0;323.2,467.7;391.6,441.8
138#498.5,709.4;515.3,628.5;424.4,615.1;384.0,615.1;434.5,648.7;407.6,729.6;407.6,615.1;414.3,500.6;414.3,490.5;421.1,433.2;532.2,547.7;508.6,554.5;458.1,507.3;373.9,490.5;323.4,453.4;382.3,418.1
139#500.2,695.7;521.7,613.3;432.1,613.3;382.0,613.3;432.1,659.9;403.5,735.1;407.0,613.3;414.2,491.5;414.2,487.9;417.8,430.6;532.4,559.6;500.2,545.2;457.2,502.3;371.2,484.3;328.2,437.8;373.0,389.4
140#492.7,713.7;509.0,629.0;432.8,608.4;383.8,609.3;425.6,663.5;403.7,741.6;408.2,608.4;413.1,487.6;412.2,484.8;416.0,426.4;529.2,551.1;503.4,539.6;456.5,498.1;369.8,480.1;330.9,430.4;366.7,380.0
141#485.1,731.7;496.2,644.6;433.5,603.4;385.6,605.2;419.2,667.2;403.8,748.1;409.5,603.4;412.0,483.8;410.2,481.6;414.2,422.2;525.9,542.6;506.6,533.9;455.7,493.9;368.3,475.9;333.6,422.9;360.4,370.6
142#477.6,749.6;483.5,660.3;434.2,598.5;387.3,601.2;412.7,670.8;404.0,754.7;410.7,598.5;411.0,479.9;408.3,478.5;412.4,418.0;522.7,534.0;509.8,528.3;455.0,489.6;366.9,471.7;336.2,415.5;354.2,361.2
143#470.0,767.6;470.7,675.9;434.9,593.5;389.1,597.1;406.3,674.5;404.1,761.2;412.0,593.5;409.9,476.1;406.3,475.3;410.6,413.8;519.4,525.5;513.0,522.6;454.2,485.4;365.4,467.5;338.9,408.0;347.9,351.8
144#462.5,785.6;458.0,691.6;435.6,588.6;390.9,593.1;399.8,678.1;404.3,767.7;413.2,588.6;408.8,472.2;404.3,472.2;408.8,409.6;516.2,517.0;516.2,517.0;453.5,481.2;364.0,463.3;341.6,400.6;341.6,342.4
145#457.1,783.5;458.9,688.5;438.0,583.9;390.2,589.3;397.4,677.1;400.4,766.8;413.5,585.1;408.2,470.3;405.2,470.3;407.0,407.0;534.9,505.0;518.1,502.6;453.5,477.5;363.9,460.8;333.4,404.6;340.6,351.4
146#451.8,781.5;459.9,685.4;440.4,579.1;389.6,585.4;394.9,676.1;396.4,765.9;413.8,581.5;407.5,468.4;406.0,468.4;405.1,404.4;553.6,492.9;520.0,488.1;453.6,473.8;363.8,458.3;325.2,408.6;339.6,360.5
147#446.4,779.4;460.8,682.3;442.8,574.4;388.9,581.6;392.5,675.1;392.5,765.0;414.1,578.0;406.9,466.5;406.9,466.5;403.3,401.8;572.3,480.9;521.9,473.7;453.6,470.1;363.7,455.8;317.0,412.6;338.6,369.5
148#488.9,613.6;456.9,677.5;437.0,577.7;389.1,585.7;389.1,673.5;389.1,765.3;413.0,585.7;405.0,461.9;405.0,461.9;401.0,402.0;500.8,461.9;512.8,461.9;448.9,465.9;361.1,461.9;309.2,422.0;337.2,374.1
149#454.7,782.6;451.1,685.2;433.1,577.0;389.8,584.3;386.2,678.0;386.2,760.9;411.4,580.6;404.2,468.9;404.2,465.3;397.0,400.4;498.0,443.6;501.6,450.9;447.5,465.3;361.0,468.9;314.1,436.4;337.5,384.2
150#459.6,778.3;434.8,682.7;438.3,580.1;388.8,587.2;385.2,675.7;381.7,760.6;413.5,583.6;402.9,466.8;399.4,463.3;392.3,399.6;459.6,427.9;502.0,438.5;445.4,459.8;360.5,470.4;318.0,445.6;342.8,396.1
151#498.4,660.9;501.9,577.7;442.9,584.6;390.9,595.0;380.5,671.3;380.5,754.5;415.2,588.1;397.9,466.8;397.9,466.8;384.0,400.9;432.5,404.4;491.5,425.2;439.5,463.3;356.3,470.2;321.6,452.9;342.4,404.4
152#504.0,673.1;500.4,597.1;438.9,582.7;384.6,593.5;373.7,665.9;377.3,745.5;413.5,589.9;395.4,470.5;395.4,466.8;377.3,405.3;420.8,390.8;475.0,416.2;435.2,463.2;355.6,474.1;326.7,466.8;344.8,419.8
153#501.6,687.3;494.6,614.7;442.8,587.1;391.0,594.0;366.8,659.6;377.2,739.1;415.2,594.0;394.5,473.1;391.0,469.6;373.7,407.4;430.7,388.4;456.6,407.4;435.9,466.1;353.0,476.5;328.8,473.1;342.6,428.1
154#499.1,696.6;490.7,621.2;442.7,589.3;388.5,595.1;355.2,647.4;373.2,727.5;414.5,595.1;387.2,474.0;384.8,468.0;367.2,408.1;417.4,372.1;443.3,400.7;428.3,463.2;346.0,481.2;328.6,481.4;341.5,436.6
155#496.5,705.9;486.9,627.7;442.6,591.5;386.0,596.2;343.6,635.3;369.1,715.8;413.7,596.2;379.8,474.9;378.7,466.3;360.6,408.8;404.2,355.8;430.0,394.1;420.6,460.3;339.0,485.8;328.5,489.6;340.4,445.2
156#494.0,715.2;483.0,634.2;442.5,593.7;383.5,597.3;332.0,623.1;365.1,704.2;413.0,597.3;372.5,475.8;372.5,464.7;354.1,409.5;390.9,339.5;416.7,387.4;413.0,457.4;332.0,490.5;328.3,497.9;339.3,453.7
157#498.2,723.8;479.8,628.2;436.1,591.3;372.4,598.0;322.1,614.8;362.3,691.9;409.3,598.0;365.7,470.5;365.7,463.8;345.5,413.4;389.2,339.6;405.9,386.6;402.6,443.6;325.4,487.2;332.1,510.7;342.2,453.7
158#494.3,746.1;466.0,645.4;431.4,591.9;374.7,595.1;308.6,607.6;359.0,683.2;403.0,591.9;359.0,469.2;359.0,469.2;333.8,415.7;395.2,363.8;396.7,393.7;396.7,456.6;321.2,469.2;286.6,484.9;277.2,469.2
159#491.8,740.6;456.9,657.4;424.6,598.3;368.2,601.0;295.7,603.7;352.1,670.8;397.8,601.0;352.1,477.4;352.1,474.7;323.9,427.8;373.6,504.3;411.2,517.7;392.4,469.4;317.2,482.8;285.0,498.9;285.0,485.5
160#485.0,745.8;452.8,663.5;417.0,591.9;366.9,599.1;284.6,599.1;349.0,663.5;391.9,591.9;341.9,477.4;341.9,477.4;320.4,423.7;388.4,352.2;384.8,398.7;381.2,466.7;306.1,491.7;313.2,541.8;324.0,509.6
161#476.9,734.3;448.6,660.7;409.2,590.1;358.4,602.2;299.0,603.1;341.0,655.2;384.2,592.8;338.1,484.4;337.2,481.7;315.5,427.6;386.9,358.4;384.1,407.3;378.9,471.8;301.4,497.6;297.0,542.9;308.8,519.6
162#468.9,722.7;444.4,657.8;401.3,588.2;349.9,605.2;313.3,607.1;332.9,646.8;376.5,593.7;334.2,491.5;332.4,486.0;310.6,431.5;385.4,364.7;383.3,415.8;376.6,477.0;296.7,503.6;280.8,544.1;293.5,529.7
163#460.8,711.2;440.2,655.0;393.5,586.4;341.4,608.3;327.7,611.1;324.9,638.5;368.8,594.6;330.4,498.5;327.7,490.3;305.7,435.4;383.9,370.9;382.6,424.4;374.3,482.1;292.0,509.5;264.6,545.2;278.3,539.7
164#464.7,720.1;444.2,653.3;381.5,596.0;332.4,612.3;316.0,609.6;326.9,647.8;359.6,606.9;321.4,505.9;321.4,497.7;305.1,443.2;384.2,391.3;384.2,448.6;365.1,500.5;283.2,516.8;247.8,541.4;264.1,533.2
165#452.5,740.2;443.4,658.3;376.7,618.9;322.1,634.0;310.0,618.9;300.9,643.1;352.5,624.9;319.1,518.8;316.1,509.7;303.9,449.0;369.1,423.2;379.7,449.0;364.6,512.7;273.6,524.8;228.1,540.0;252.4,540.0
166#441.4,732.1;444.3,647.1;371.0,620.8;309.5,632.5;303.7,626.6;289.0,650.1;338.8,626.6;315.4,524.1;312.4,518.2;300.7,459.6;375.4,428.9;374.0,474.3;362.3,521.1;271.4,529.9;218.7,538.7;250.9,535.8
167#429.0,726.1;448.2,646.7;377.0,652.2;311.3,644.0;289.4,638.5;273.0,646.7;344.2,644.0;311.3,534.5;311.3,526.3;303.1,468.7;372.9,437.3;371.5,482.4;355.1,531.7;267.5,534.5;212.7,534.5;256.5,531.7
168#409.0,705.2;444.8,643.3;365.4,658.4;302.7,649.7;339.0,637.8;316.5,666.2;334.5,649.7;308.4,543.0;308.4,534.3;303.8,477.9;331.5,455.3;318.2,497.6;323.7,540.4;293.2,544.7;264.0,528.3;294.9,511.6
169#389.1,684.4;441.5,639.8;353.7,664.7;294.1,655.3;388.5,637.1;360.1,685.8;324.7,655.3;305.6,551.6;305.6,542.3;304.5,487.0;290.0,473.2;264.9,512.9;292.3,549.0;318.8,554.9;315.4,522.0;333.2,491.6
170#369.1,663.5;438.1,636.4;342.1,670.9;285.5,661.0;438.1,636.4;403.6,705.3;315.0,661.0;302.7,560.1;302.7,550.3;305.2,496.2;248.6,491.2;211.6,528.1;260.9,557.7;344.5,565.1;366.7,515.8;371.6,471.5
171#380.2,508.5;429.0,640.7;345.7,680.9;285.3,672.3;354.3,577.5;368.7,528.7;319.8,672.3;302.6,568.9;302.6,563.1;308.3,505.7;371.5,497.1;360.0,557.4;348.5,571.8;256.6,563.1;219.3,522.9;236.5,482.7
172#387.8,507.7;422.9,642.7;339.2,691.3;279.9,680.5;363.5,575.2;374.3,515.8;312.3,683.2;301.5,575.2;301.5,569.8;312.3,510.4;234.0,478.0;223.2,526.6;350.0,577.9;252.9,569.8;220.5,529.3;231.3,486.1
173#355.4,692.8;416.6,648.3;327.5,692.8;269.1,681.7;255.2,673.3;235.7,731.8;296.9,681.7;299.7,584.3;305.3,575.9;313.6,517.5;369.3,520.3;366.5,550.9;352.6,587.1;252.4,578.7;227.3,534.2;224.5,489.7
174#354.6,702.2;409.3,653.2;328.7,702.2;265.4,690.6;248.1,684.9;233.7,751.1;294.2,690.6;302.8,589.9;305.7,584.1;314.3,526.5;369.0,538.1;366.1,566.9;351.7,598.5;256.7,584.1;230.8,546.7;225.1,497.8
175#360.6,703.7;408.6,655.6;327.5,706.7;267.4,703.7;249.4,697.7;234.4,766.7;294.5,703.7;303.5,598.5;306.5,589.5;315.5,532.4;369.6,550.5;372.6,583.5;351.6,604.5;258.4,592.5;228.4,559.5;228.4,511.4
176#359.2,713.6;405.6,662.1;328.3,721.3;271.6,713.6;253.6,716.2;235.6,780.6;300.0,716.2;310.3,605.4;310.3,595.1;320.6,538.4;372.1,566.8;372.1,582.2;354.1,610.5;263.9,595.1;227.9,571.9;227.9,528.1
177#360.3,717.0;402.2,672.6;326.4,727.5;271.5,719.6;255.8,724.9;237.5,798.0;300.2,722.3;310.7,607.3;313.3,596.8;329.0,541.9;370.8,575.9;373.4,586.4;355.1,615.1;266.3,599.4;227.1,589.0;227.1,541.9
178#361.0,726.6;396.5,680.8;333.0,734.2;277.2,726.6;261.9,731.6;241.6,807.8;307.7,729.1;315.3,612.3;317.8,599.6;330.5,546.3;401.6,586.9;406.7,614.8;358.4,619.9;272.1,604.7;226.4,602.1;226.4,559.0
179#357.3,752.1;389.2,690.8;337.7,737.4;276.5,730.0;259.3,757.0;239.7,828.0;308.3,730.0;318.1,614.9;320.6,602.7;330.4,548.8;379.4,595.3;367.1,605.1;359.8,617.4;274.0,605.1;227.5,614.9;227.5,573.3
180#344.9,776.3;384.0,700.2;340.5,726.3;286.2,726.3;264.4,763.2;243.8,816.5;312.3,726.3;318.8,617.6;323.1,600.2;334.0,550.2;401.4,611.0;386.2,621.9;362.3,619.7;275.3,608.9;229.7,624.1;227.5,589.3
181#292.4,792.4;318.8,785.1;340.4,725.1;290.0,717.9;266.0,768.3;245.5,834.4;314.0,720.3;318.8,614.6;323.6,602.6;335.6,547.3;402.9,624.2;381.3,665.0;359.7,619.4;278.0,609.8;227.5,633.8;227.5,602.6
182#347.1,797.3;324.7,774.9;344.6,720.2;297.3,717.7;265.0,772.4;246.4,843.2;317.2,717.7;322.2,615.7;324.7,600.8;334.6,546.1;352.0,663.0;376.9,672.9;369.4,618.2;277.4,610.8;230.2,640.6;227.7,610.8
183#342.0,797.1;353.8,761.5;344.3,714.2;297.0,714.2;259.1,789.9;248.5,847.9;323.0,711.8;325.4,614.8;327.8,598.2;333.7,549.7;337.2,647.9;372.7,657.4;370.4,614.8;280.4,612.4;233.1,647.9;228.3,619.5
184#342.1,800.9;353.2,773.8;349.2,695.5;294.9,693.5;274.9,761.8;257.8,800.9;323.1,695.5;329.1,611.2;329.1,593.1;330.1,547.9;347.1,639.3;425.4,619.2;373.2,609.2;282.9,611.2;234.7,653.3;228.7,633.3
185#353.6,840.3;352.3,787.1;354.8,713.0;310.3,710.5;275.7,762.4;258.4,836.6;332.5,710.5;330.1,611.6;330.1,596.7;327.6,542.3;461.1,604.2;416.6,616.5;374.6,606.6;283.1,614.0;241.1,661.0;228.7,641.2
186#351.8,832.9;357.8,783.2;350.6,715.3;304.5,712.9;273.0,773.5;265.7,829.3;328.8,712.9;328.8,611.1;328.8,596.6;328.8,543.2;326.3,635.4;362.7,640.2;374.8,606.3;282.7,613.5;239.1,662.0;231.8,652.3
187#352.4,825.2;364.8,768.1;357.4,703.7;307.8,706.1;283.0,733.4;273.0,802.9;330.1,708.6;327.6,611.9;327.6,594.5;327.6,539.9;340.0,639.2;369.8,641.6;374.7,604.4;280.5,616.8;243.3,668.9;230.9,656.5
188#353.8,836.4;367.5,775.4;355.0,718.2;307.8,713.2;295.3,715.7;285.4,782.9;330.2,713.2;327.7,608.7;330.2,593.8;327.7,539.0;432.2,576.4;424.7,583.8;374.9,598.8;282.9,613.7;245.5,670.9;235.6,661.0
189#356.2,825.2;370.0,781.2;357.4,715.8;307.2,710.8;294.6,703.2;294.6,766.1;332.3,713.3;329.8,605.2;329.8,590.1;327.3,534.8;407.7,524.8;435.4,567.5;380.1,592.6;282.0,615.3;246.8,673.1;236.8,663.0
190#396.8,729.4;367.8,771.6;354.7,718.9;307.2,708.3;299.3,692.5;302.0,747.8;333.6,708.3;331.0,602.9;331.0,587.1;325.7,534.4;412.6,500.2;428.4,555.5;386.3,587.1;280.9,613.5;249.3,671.4;230.8,676.7
191#387.5,734.1;362.6,788.9;360.1,716.6;310.3,706.7;302.9,691.7;317.8,734.1;335.2,709.2;327.8,599.6;330.2,584.7;325.3,532.4;428.6,498.8;424.9,549.8;377.6,587.2;280.4,609.6;255.5,661.9;233.1,681.8
192#354.3,797.8;359.2,797.8;361.6,707.7;310.5,702.8;295.9,695.5;393.2,749.1;337.3,705.3;327.5,595.8;330.0,581.2;325.1,527.6;435.8,506.9;424.9,544.7;378.6,581.2;276.4,607.9;252.1,663.9;230.2,685.8
193#353.9,750.3;356.4,787.9;358.9,707.6;313.7,697.6;256.1,667.5;389.0,760.3;333.8,700.1;326.3,589.8;328.8,574.7;326.3,519.6;430.4,505.8;431.6,544.6;371.4,579.7;278.6,599.8;246.0,655.0;236.0,695.1
194#356.3,820.0;356.3,786.1;361.5,692.1;311.9,692.1;382.4,710.4;385.0,770.4;335.4,689.5;324.9,582.4;327.5,569.4;327.5,514.5;351.0,613.7;374.5,613.7;369.3,572.0;280.5,590.2;238.7,645.1;233.5,689.5
195#360.0,830.3;361.4,777.3;361.4,687.7;309.8,685.0;388.6,709.4;391.3,763.7;336.9,685.0;323.4,579.0;326.1,562.7;328.8,508.4;437.5,513.8;437.5,560.0;372.3,568.1;279.9,584.4;233.7,633.3;233.7,674.1
196#359.7,807.9;367.6,763.2;357.1,687.0;304.6,687.0;291.4,668.6;244.1,715.9;330.8,687.0;328.2,574.1;328.2,558.3;330.8,503.1;430.6,516.3;435.9,563.5;378.1,563.5;280.9,579.3;228.4,618.7;236.3,655.5
197#364.5,808.5;375.0,755.7;354.8,683.7;303.9,685.4;311.9,678.5;282.1,731.2;329.3,685.4;328.4,570.4;329.3,555.4;335.0,499.6;430.3,519.5;435.6,566.8;376.7,563.3;281.9,573.8;226.5,609.8;241.5,637.9
198#369.2,809.0;382.5,748.1;352.5,680.3;303.1,683.9;332.3,688.3;320.1,746.5;327.8,683.9;328.7,566.6;330.5,552.5;339.3,496.1;430.0,522.6;435.3,570.2;375.4,563.1;282.8,568.4;224.7,601.0;246.8,620.3
199#374.0,809.6;389.9,740.6;350.2,677.0;302.4,682.3;352.8,698.2;358.1,761.8;326.3,682.3;328.9,562.9;331.6,549.6;343.5,492.6;429.7,525.8;435.0,573.5;374.0,562.9;283.8,562.9;222.8,592.1;252.0,602.7
200#381.5,799.5;394.6,729.6;353.7,671.9;304.8,678.0;350.3,698.8;359.0,765.9;329.3,678.0;331.8,561.0;333.6,548.7;344.6,495.8;429.7,534.5;431.5,579.1;375.5,561.0;287.3,559.3;231.3,575.3;264.4,581.5
201#389.0,789.3;399.4,718.7;357.2,666.9;307.3,673.7;347.9,699.5;359.8,770.0;332.2,673.7;334.8,559.0;335.7,547.8;345.6,499.0;429.6,543.3;428.0,584.7;377.1,559.0;290.9,555.6;239.9,558.6;276.8,560.4
202#396.5,779.2;404.1,707.7;360.7,661.8;309.7,669.4;345.4,700.1;360.7,774.1;335.2,669.4;337.7,557.1;337.7,546.9;346.7,502.2;429.6,552.0;424.5,590.3;378.6,557.1;294.4,552.0;248.4,541.8;289.2,539.2
203#405.4,765.4;410.9,694.2;364.4,664.1;320.6,666.9;345.2,707.9;361.6,784.5;342.5,664.1;339.7,557.4;339.7,546.5;346.6,490.4;430.0,560.1;424.6,595.7;378.0,562.9;298.7,549.2;290.5,584.8;309.6,557.4
204#408.0,747.1;413.7,675.5;362.2,661.2;313.5,666.9;339.2,715.6;365.0,793.0;336.4,664.0;339.2,555.2;342.1,546.6;353.6,486.4;430.9,569.5;425.2,601.0;379.4,563.8;299.1,543.7;273.3,503.6;316.3,486.4
205#412.9,728.2;412.9,656.4;364.1,659.2;312.3,665.0;341.1,719.6;364.1,800.0;338.2,662.1;341.1,552.9;341.1,544.3;355.4,489.7;430.1,578.8;421.5,607.5;378.4,561.6;300.8,541.5;280.7,489.7;325.3,473.9
206#417.1,712.5;402.7,643.3;359.4,651.9;316.2,660.6;342.1,724.0;359.4,799.0;339.3,660.6;342.1,548.2;345.0,542.4;359.4,484.7;437.3,591.4;408.4,602.9;382.5,559.7;304.7,533.7;294.6,480.4;317.6,474.6
207#417.0,694.2;396.5,629.7;367.2,650.2;317.4,662.0;343.7,735.2;361.3,805.5;343.7,656.1;346.7,544.8;349.6,538.9;367.2,483.3;417.0,679.5;408.2,615.1;387.7,559.4;308.6,533.1;296.9,571.1;332.0,582.9
208#413.7,686.6;397.1,613.5;360.5,646.7;314.1,650.0;343.9,733.1;357.2,809.4;337.3,646.7;350.6,540.5;350.6,533.8;373.8,480.7;443.6,606.9;413.7,606.9;390.4,557.1;310.7,520.6;307.4,464.1;350.6,424.3
209#409.0,670.9;398.2,627.7;362.2,642.1;319.0,649.3;344.2,735.7;358.6,811.3;340.6,645.7;351.4,537.6;355.0,526.8;380.2,476.4;445.1,620.5;409.0,606.1;391.0,555.6;319.0,512.4;311.8,454.8;347.8,415.2
210#409.8,677.3;398.3,638.8;367.0,642.8;323.5,649.6;345.4,736.0;359.1,811.6;345.1,646.4;356.2,537.3;359.8,526.5;384.3,475.7;451.7,615.8;416.3,603.2;396.1,554.6;323.1,513.2;314.1,454.9;346.5,414.6
211#410.7,683.7;398.5,649.9;371.8,643.5;327.9,650.0;346.7,736.3;359.6,811.8;349.5,647.1;361.0,536.9;364.6,526.1;388.4,475.1;458.2,611.1;423.6,600.3;401.3,553.5;327.2,513.9;316.4,454.9;345.2,413.9
212#411.5,690.1;398.6,661.0;376.6,644.2;332.4,650.3;347.9,736.6;360.1,812.1;354.0,647.8;365.8,536.6;369.4,525.8;392.4,474.4;464.8,606.5;430.9,597.5;406.4,552.5;331.3,514.7;318.8,455.0;344.0,413.3
213#412.4,696.5;398.7,672.1;381.4,644.9;336.8,650.6;349.1,736.9;360.6,812.3;358.4,648.5;370.6,536.3;374.2,525.5;396.5,473.8;471.3,601.8;438.2,594.6;411.6,551.4;335.4,515.4;321.1,455.1;342.7,412.7
214#413.2,702.9;398.8,683.2;386.2,645.6;341.3,650.9;350.3,737.2;361.1,812.6;362.9,649.2;375.4,536.0;379.0,525.1;400.6,473.1;477.9,597.1;445.4,591.7;416.8,550.4;339.5,516.2;323.4,455.2;341.4,412.1
215#414.0,709.4;399.0,694.2;391.0,646.2;345.8,651.3;351.6,737.4;361.6,812.9;367.3,649.8;380.3,535.6;383.8,524.8;404.7,472.4;484.4,592.4;452.7,588.8;421.9,549.3;343.6,517.0;325.7,455.2;340.1,411.4
216#414.9,715.8;399.1,705.3;395.8,646.9;350.2,651.6;352.8,737.7;362.1,813.1;371.8,650.5;385.1,535.3;388.6,524.5;408.8,471.8;491.0,587.7;460.0,585.9;427.1,548.2;347.7,517.7;328.0,455.3;338.8,410.8
217#415.7,722.2;399.2,716.4;400.6,647.6;354.7,651.9;354.0,738.0;362.6,813.4;376.2,651.2;389.9,535.0;393.4,524.2;412.8,471.1;497.5,583.1;467.3,583.1;432.2,547.2;351.8,518.5;330.4,455.4;337.6,410.2
218#416.6,728.6;399.4,727.5;405.4,648.3;359.1,652.3;355.3,738.3;363.1,813.6;380.7,651.9;394.7,534.6;398.2,523.8;416.9,470.5;504.1,578.4;474.6,580.2;437.4,546.1;355.9,519.2;332.7,455.4;336.3,409.5
219#417.4,735.0;399.5,738.6;410.2,649.0;363.6,652.6;356.5,738.6;363.6,813.9;385.1,652.6;399.5,534.3;403.0,523.5;421.0,469.8;510.6,573.7;481.9,577.3;442.5,545.1;360.0,520.0;335.0,455.5;335.0,408.9
220#433.7,734.4;393.6,747.7;417.0,651.0;367.0,654.3;350.3,734.4;360.3,807.8;390.3,654.3;407.0,537.6;407.0,534.2;427.0,477.5;513.7,574.2;493.7,567.6;447.0,547.6;363.6,524.2;330.3,470.8;336.9,420.8
221#420.6,747.3;396.7,771.2;420.6,665.1;369.3,665.1;345.3,737.0;359.0,812.3;393.3,665.1;410.4,541.8;410.4,538.4;427.5,480.2;485.7,545.3;502.8,559.0;451.5,552.1;365.9,528.1;324.8,483.6;335.0,435.7
222#422.2,757.9;384.0,691.0;428.6,675.0;374.4,675.0;342.6,729.2;358.5,812.0;399.9,675.0;415.8,547.6;415.8,544.4;425.4,480.7;489.1,506.2;508.2,550.8;460.4,557.2;371.2,538.0;326.6,496.6;336.2,445.7
223#395.0,777.6;423.0,790.0;429.2,687.4;379.5,687.4;335.9,730.9;354.6,805.6;404.3,687.4;423.0,550.6;423.0,553.7;426.1,485.3;500.7,494.6;510.1,538.2;466.5,559.9;379.5,544.4;326.6,507.1;339.0,460.4
224#397.0,789.0;384.5,713.9;434.6,695.2;384.5,695.2;331.3,720.2;353.2,804.7;409.6,695.2;428.3,560.6;428.3,560.6;431.5,501.2;494.0,485.5;503.4,523.1;472.1,570.0;384.5,551.2;331.3,516.8;343.9,473.0
225#404.6,797.4;404.6,803.3;434.3,708.4;383.8,702.4;330.4,711.3;351.2,794.4;407.6,705.4;431.3,571.9;431.3,568.9;437.3,512.6;490.7,477.0;502.5,524.4;472.9,574.9;383.8,560.0;333.4,527.4;345.3,488.8
226#396.6,778.4;404.8,737.6;434.7,715.8;388.5,713.1;325.9,707.7;351.8,782.4;412.9,713.1;432.0,577.2;434.7,574.5;434.7,517.4;494.5,484.7;502.6,528.2;478.2,579.9;385.7,571.7;334.1,541.8;342.2,498.3
227#400.3,780.8;391.1,744.3;436.9,726.0;394.2,719.9;324.1,695.5;354.6,777.8;415.5,723.0;436.9,582.8;436.9,582.8;436.9,521.9;497.8,491.4;503.9,537.1;482.6,585.8;391.1,579.8;336.3,555.4;342.4,515.8
228#388.6,759.1;393.7,687.5;444.8,725.9;401.4,718.2;327.3,692.7;352.9,769.3;421.8,725.9;437.2,590.5;437.2,582.8;434.6,529.2;498.5,501.1;513.8,552.1;483.1,593.0;393.7,587.9;337.5,570.0;345.2,526.6
229#399.1,766.8;411.3,686.3;452.8,722.9;408.9,718.0;333.2,683.8;357.6,764.4;430.9,715.6;438.2,595.9;438.2,588.6;433.3,534.9;501.7,517.8;526.1,559.3;482.1,595.9;396.7,598.4;338.1,583.7;345.4,542.2
230#297.3,737.7;394.7,679.2;433.7,701.1;397.1,703.6;338.7,679.2;360.6,759.6;411.8,701.1;426.4,606.2;431.2,591.5;438.5,538.0;363.0,555.0;375.2,579.4;455.6,606.2;397.1,603.7;341.1,601.3;343.6,557.5
231#413.3,809.3;422.0,809.3;457.8,719.2;407.9,712.7;347.1,669.3;366.6,751.8;433.9,714.9;440.5,608.4;438.3,591.1;435.0,540.0;427.4,610.6;499.1,675.8;479.6,599.8;399.2,608.4;349.2,623.6;336.2,582.4
232#423.6,824.8;442.9,775.8;458.9,721.1;408.7,714.3;349.5,659.6;367.7,750.7;436.1,714.3;438.4,607.1;438.4,591.2;432.7,537.6;449.8,623.1;472.6,634.5;484.0,600.3;397.3,611.7;349.5,632.2;342.6,595.8
233#422.6,828.0;439.7,792.6;462.5,724.2;416.9,715.0;348.4,669.4;366.7,756.1;439.7,717.3;439.7,607.8;439.7,591.8;436.2,540.5;448.8,628.3;480.7,635.2;485.3,601.0;398.6,610.1;353.0,642.0;339.3,607.8
234#431.0,825.4;438.8,797.3;468.0,723.3;418.6,714.3;349.1,680.6;367.0,768.1;443.3,718.8;443.3,606.6;441.1,590.9;435.5,542.6;459.0,626.8;528.6,633.5;488.2,604.3;400.7,611.1;355.8,649.2;349.1,617.8
235#433.3,810.1;442.5,796.3;472.3,718.3;424.1,713.7;350.7,697.7;366.8,778.0;447.1,716.0;444.8,608.2;444.8,589.8;436.8,542.8;456.3,628.8;488.4,638.0;490.7,601.3;401.2,610.5;357.6,656.3;350.7,628.8
236#439.1,803.9;445.9,797.1;480.1,721.8;425.4,710.4;352.5,715.0;366.2,794.8;452.8,715.0;448.2,605.6;445.9,587.4;440.2,540.6;436.8,626.1;537.1,644.3;496.1,603.3;402.6,607.9;359.3,660.3;350.2,635.2
237#455.7,813.9;457.9,787.6;475.5,715.0;429.3,710.6;356.7,726.0;365.5,805.1;455.7,708.4;449.1,602.8;449.1,583.0;443.6,540.1;460.1,622.6;539.3,646.8;497.5,600.6;402.9,605.0;358.9,655.6;350.1,642.4
238#466.9,807.9;465.8,785.0;481.0,708.7;428.7,708.7;363.3,737.0;367.7,804.6;454.9,708.7;450.5,601.9;450.5,577.9;449.4,533.2;487.6,628.1;542.1,645.5;500.7,595.4;404.8,601.9;354.6,652.0;345.9,652.0
239#479.9,810.7;478.7,776.3;478.7,707.5;427.7,700.8;365.5,743.0;364.4,810.7;454.3,707.5;454.3,594.2;454.3,576.5;453.2,530.9;465.4,614.2;525.4,678.6;503.2,594.2;407.7,594.2;349.9,647.5;347.7,654.2
240#489.4,773.5;496.4,754.9;482.4,706.0;426.5,703.7;368.3,745.6;364.8,821.2;454.4,703.7;454.4,591.9;454.4,573.3;453.3,527.9;463.8,617.5;556.9,633.8;505.7,591.9;407.9,594.2;349.7,633.8;384.6,605.9
241#476.2,813.2;507.6,760.0;483.4,694.7;432.6,692.3;372.2,757.6;366.1,826.5;454.4,692.3;459.2,588.3;456.8,569.0;458.0,521.8;476.2,612.5;493.1,612.5;510.0,581.1;413.3,585.9;350.4,619.7;372.2,612.5
242#482.3,799.3;516.5,752.8;482.3,691.6;430.9,689.1;379.5,769.9;373.4,822.5;460.2,689.1;462.7,581.5;462.7,561.9;461.5,514.2;470.0,605.9;492.1,605.9;514.1,576.6;416.2,581.5;347.7,605.9;379.5,596.2
243#488.8,786.1;539.4,748.1;486.2,684.8;433.1,684.8;387.5,778.5;381.2,830.4;460.9,682.3;466.0,576.0;466.0,558.3;462.2,511.4;587.5,619.0;564.7,608.9;516.6,573.5;420.4,573.5;352.1,593.7;369.8,586.1
244#501.4,789.1;553.2,739.9;493.6,677.8;441.8,680.4;397.8,773.6;390.0,799.5;465.1,677.8;470.3,569.0;470.3,553.5;469.0,508.1;602.4,615.6;563.5,589.7;519.5,569.0;426.3,569.0;353.8,576.8;382.2,574.2
245#508.3,792.4;561.6,739.1;492.3,672.5;439.0,677.8;401.7,779.1;399.0,784.4;468.3,675.1;473.7,565.8;471.0,552.5;469.7,497.9;609.6,608.5;575.0,579.2;519.0,563.2;428.3,565.8;369.7,560.5;407.0,520.5
246#511.2,790.0;572.8,734.1;497.2,675.3;449.6,678.1;402.0,773.2;390.8,801.2;474.8,675.3;477.6,560.5;474.8,552.1;473.4,492.0;491.6,608.1;525.2,610.9;522.4,560.5;435.6,563.3;388.0,546.5;421.6,499.0
247#525.9,797.0;583.4,733.4;504.7,666.8;456.2,672.8;404.8,763.7;389.6,809.1;480.5,669.8;480.5,557.8;480.5,548.7;474.4,491.2;577.3,533.6;574.3,548.7;522.8,557.8;438.1,560.8;404.8,536.6;432.0,491.2
248#535.5,799.2;586.5,737.4;510.1,670.1;461.3,676.9;409.3,761.3;399.2,807.7;486.0,673.6;483.0,561.7;482.6,552.3;475.8,495.3;573.7,535.3;571.9,552.4;525.1,561.1;441.2,565.2;409.3,545.6;434.2,500.1
249#545.2,801.4;589.7,741.4;515.4,673.4;466.3,681.0;413.7,758.9;408.9,806.3;491.6,677.4;485.5,565.7;484.8,555.8;477.2,499.4;570.1,537.1;569.6,556.2;527.5,564.3;444.3,569.6;413.7,554.7;436.4,508.9
250#554.8,803.6;592.8,745.4;520.8,676.7;471.4,685.0;418.2,756.5;418.6,804.9;497.1,681.1;487.9,569.6;486.9,559.4;478.5,503.5;566.5,538.8;567.2,559.9;529.8,567.6;447.5,574.0;418.2,563.7;438.6,517.8
251#564.4,805.8;595.9,749.4;526.1,680.1;476.5,689.1;422.7,754.0;428.2,803.5;502.7,684.9;490.4,573.5;489.0,563.0;479.9,507.6;563.0,540.6;564.9,563.6;532.2,570.8;450.6,578.4;422.7,572.7;440.8,526.7
252#574.1,808.0;599.1,753.4;531.5,683.4;481.5,693.2;427.2,751.6;437.9,802.1;508.2,688.7;492.9,577.5;491.2,566.5;481.3,511.7;559.4,542.3;562.5,567.4;534.5,574.1;453.7,582.8;427.2,581.7;443.0,535.5
253#583.7,810.2;602.2,757.4;536.8,686.7;486.6,697.3;431.6,749.2;447.5,800.7;513.8,692.5;495.4,581.4;493.3,570.1;482.7,515.8;555.8,544.1;560.2,571.1;536.9,577.3;456.8,587.2;431.6,590.8;445.2,544.4
254#593.4,812.4;605.4,761.4;542.1,690.0;491.6,701.4;436.1,746.8;457.2,799.3;519.3,696.3;497.9,585.4;495.5,573.6;484.1,519.9;552.2,545.8;557.8,574.9;539.2,580.6;459.9,591.6;436.1,599.8;447.4,553.2
255#603.0,814.5;608.5,765.5;547.5,693.3;496.7,705.4;440.6,744.4;466.8,797.9;524.8,700.0;500.3,589.3;497.6,577.2;485.4,523.9;548.6,547.5;555.5,578.6;541.6,583.9;463.1,596.1;440.6,608.8;449.5,562.1
256#612.6,816.7;611.6,769.5;552.9,696.6;501.8,709.5;445.0,742.0;476.5,796.5;530.4,703.8;502.8,593.2;499.7,580.8;486.8,528.0;545.0,549.3;553.1,582.3;543.9,587.1;466.2,600.5;445.0,617.9;451.7,571.0
257#622.3,818.9;614.8,773.5;558.2,699.9;506.8,713.6;449.5,739.6;486.1,795.1;535.9,707.6;505.3,597.2;501.9,584.3;488.2,532.1;541.4,551.0;550.8,586.1;546.3,590.4;469.3,604.9;449.5,626.9;453.9,579.8
258#631.9,821.1;617.9,777.5;563.5,703.3;511.9,717.7;454.0,737.1;495.8,793.7;541.5,711.4;507.8,601.1;504.0,587.9;489.6,536.2;537.9,552.8;548.4,589.8;548.6,593.6;472.4,609.3;454.0,635.9;456.1,588.7
259#641.5,823.3;621.0,781.5;568.9,706.6;517.0,721.7;458.5,734.7;505.4,792.3;547.0,715.1;510.2,605.0;506.1,591.5;490.9,540.3;534.3,554.5;546.1,593.5;551.0,596.9;475.6,613.7;458.5,644.9;458.3,597.6
260#651.2,825.5;624.2,785.5;574.2,709.9;522.0,725.8;462.9,732.3;515.1,790.9;552.6,718.9;512.7,609.0;508.3,595.0;492.3,544.4;530.7,556.3;543.8,597.3;553.3,600.1;478.7,618.1;462.9,654.0;460.5,606.4
261#660.8,827.7;627.3,789.5;579.6,713.2;527.1,729.9;467.4,729.9;524.7,789.5;558.1,722.7;515.2,612.9;510.4,598.6;493.7,548.5;527.1,558.0;541.4,601.0;555.7,603.4;481.8,622.5;467.4,663.0;462.7,615.3
262#605.7,734.1;607.7,748.2;577.4,695.7;526.9,707.8;472.4,742.2;529.9,799.7;551.1,709.9;512.8,612.9;508.7,596.8;497.6,549.3;526.9,637.1;563.2,637.1;551.1,604.8;476.4,619.0;470.3,671.5;462.3,623.0
263#638.2,795.0;632.1,786.9;579.4,701.8;530.8,714.0;478.2,750.4;519.7,806.1;555.1,711.9;510.6,614.7;508.6,598.5;495.4,550.9;524.8,564.1;567.3,643.1;549.1,606.6;472.1,620.8;470.1,677.5;459.9,633.0
264#633.5,789.7;633.5,781.8;579.8,704.2;528.1,712.1;478.3,753.9;513.1,800.7;553.9,712.1;510.2,616.6;506.2,596.7;497.2,549.9;534.0,640.5;571.8,638.5;551.9,604.6;468.4,622.6;460.4,686.2;460.4,646.4
265#642.6,781.5;607.4,742.5;576.2,705.4;527.4,715.1;478.5,760.1;510.8,800.1;548.8,713.2;507.8,617.5;507.8,596.0;499.0,554.0;537.1,642.9;566.4,640.9;548.8,603.8;466.8,631.1;453.1,687.8;459.0,646.8
266#648.0,791.5;643.5,769.0;580.4,712.7;528.6,724.0;481.3,766.7;514.0,821.9;553.4,719.5;508.3,618.1;510.6,597.8;501.6,546.1;515.1,633.9;575.9,638.4;551.1,604.6;465.6,629.4;443.0,685.7;465.6,658.6
267#654.0,805.7;645.0,765.3;575.5,713.7;528.4,722.7;481.3,772.0;516.1,820.2;555.3,718.2;508.2,617.3;510.5,597.1;501.5,547.8;537.4,639.7;571.0,644.2;550.8,603.9;467.9,628.5;432.0,684.6;461.2,657.7
268#512.4,779.5;646.6,756.4;581.8,721.6;528.6,728.6;482.3,779.5;510.1,772.6;551.7,724.0;512.4,615.2;510.1,599.0;503.1,548.1;544.8,643.0;607.3,622.1;554.0,605.9;470.7,624.4;422.1,675.4;454.5,668.4
269#654.9,839.4;654.9,756.4;574.4,718.6;524.1,728.7;481.3,781.5;498.9,789.1;551.8,718.6;514.0,618.0;511.5,600.4;502.7,546.3;582.0,615.5;617.2,618.0;564.4,605.4;466.2,628.1;413.4,668.3;436.1,658.3
270#654.4,832.4;656.9,741.4;568.5,718.7;518.0,731.3;485.2,789.4;502.9,794.5;545.8,723.8;510.4,617.7;510.4,602.5;506.6,550.8;598.8,607.6;621.5,612.6;560.9,605.1;462.5,625.3;401.8,658.1;424.6,635.4
271#647.0,817.5;658.6,732.6;569.1,720.2;516.6,732.2;491.1,787.1;504.3,808.9;543.2,724.5;512.4,616.1;512.4,602.3;507.2,549.0;597.4,590.5;623.3,605.5;564.1,605.0;464.3,622.0;398.7,642.1;418.4,612.6
272#639.7,802.7;660.2,723.9;569.8,721.7;515.2,733.1;497.1,784.8;505.7,823.3;540.6,725.2;514.5,614.4;514.5,602.2;507.8,547.2;596.0,573.3;625.1,598.3;567.2,604.8;466.2,618.8;395.7,626.1;412.3,589.8
273#632.3,787.8;661.9,715.1;570.4,723.2;513.8,734.0;503.0,782.5;507.1,837.7;538.0,725.9;516.5,612.8;516.5,602.0;508.4,545.4;594.6,556.2;626.9,591.2;570.4,604.7;468.0,615.5;392.6,610.1;406.1,567.0
274#624.1,782.3;658.7,709.9;564.2,725.6;510.7,738.2;507.5,794.9;523.3,848.5;535.9,728.8;517.0,609.1;517.0,602.8;510.7,546.1;608.3,552.4;627.2,590.2;567.4,605.9;466.6,615.4;397.3,596.5;400.4,549.2
275#615.1,780.1;655.7,705.1;565.1,726.9;508.8,739.4;511.9,798.8;533.8,845.7;536.9,730.1;518.2,611.3;518.2,601.9;508.8,548.8;615.1,555.1;630.7,595.7;568.2,608.2;471.3,614.4;402.6,589.4;399.4,542.6
276#610.2,776.2;646.9,702.7;564.2,727.2;509.1,739.5;506.0,840.6;510.6,857.4;533.6,730.3;521.3,613.9;521.3,604.7;512.2,552.7;616.3,564.9;634.7,601.7;573.4,610.9;469.3,613.9;405.0,583.3;401.9,543.5
277#602.4,771.5;643.2,702.6;564.0,730.7;507.8,733.2;505.3,804.7;525.7,774.1;535.9,733.2;523.2,615.7;520.6,608.0;512.9,554.4;620.2,579.9;640.7,610.6;576.8,615.7;472.1,615.7;405.7,592.7;400.5,549.3
278#596.9,776.5;638.5,702.9;562.5,727.4;506.2,739.7;498.8,788.7;513.5,796.1;533.1,729.9;525.8,624.5;523.3,612.2;516.0,558.3;621.4,587.7;643.4,617.1;579.7,619.6;476.8,619.6;403.2,602.4;400.8,560.7
279#471.1,768.8;627.9,710.9;558.0,730.2;502.5,732.6;502.5,790.5;476.0,768.8;529.0,732.6;526.6,628.9;524.2,614.4;521.8,563.8;620.7,600.0;644.8,628.9;584.5,626.5;476.0,624.1;403.6,614.4;394.0,573.4
280#587.1,730.7;514.5,782.3;559.0,723.7;505.1,728.4;502.7,791.7;465.2,775.3;530.9,728.4;523.8,632.3;523.8,620.6;523.8,569.0;622.3,608.9;641.0,639.3;584.8,632.3;479.3,630.0;404.3,622.9;394.9,583.1
281#593.0,744.0;572.8,731.4;565.2,723.8;512.0,731.4;486.7,779.5;474.0,797.2;537.3,726.3;524.7,637.7;524.7,627.6;522.1,577.0;620.9,622.5;638.6,652.9;577.8,635.2;479.1,635.2;403.2,632.7;398.1,589.6
282#575.4,752.3;572.8,752.3;567.7,726.6;511.3,742.0;501.1,724.1;501.1,734.3;537.0,731.8;526.7,644.6;524.2,634.4;521.6,583.1;616.4,634.4;636.9,670.3;575.4,644.6;480.6,644.6;401.2,639.5;396.0,601.1
283#561.8,745.9;566.7,713.7;569.2,743.4;517.3,755.7;487.6,775.5;551.9,750.8;546.9,755.7;527.2,649.5;524.7,642.1;519.8,590.2;618.6,644.6;635.9,681.6;576.6,649.5;480.2,652.0;401.2,649.5;396.2,612.4
284#563.9,753.5;579.2,763.6;576.6,761.1;518.2,763.6;480.1,773.8;500.4,791.6;548.7,763.6;528.4,656.9;528.4,649.3;518.2,595.9;614.7,656.9;632.5,697.6;579.2,656.9;477.5,659.5;401.3,659.5;396.2,621.3
285#566.5,756.9;584.6,756.9;579.4,764.6;517.6,777.5;481.5,777.5;496.9,756.9;548.5,769.7;525.3,664.0;525.3,656.3;517.6,602.2;612.9,664.0;633.6,707.9;576.9,661.5;476.3,664.0;399.0,666.6;396.4,630.5
286#586.2,781.4;571.5,729.8;578.9,771.6;522.3,779.0;468.2,766.7;502.6,830.6;549.4,779.0;524.8,670.8;524.8,660.9;517.4,606.8;549.4,700.3;633.0,712.6;574.0,668.3;475.6,670.8;401.8,673.2;396.9,641.3
287#545.3,774.7;562.9,754.6;580.4,772.2;520.2,774.7;470.1,757.1;497.7,814.8;547.8,774.7;525.3,674.4;525.3,664.4;517.7,611.7;547.8,707.0;633.1,717.0;575.4,674.4;477.6,674.4;399.9,679.4;397.4,651.8
288#563.7,806.5;558.5,737.4;579.0,775.8;525.3,778.3;471.5,752.7;499.7,809.0;550.9,775.8;530.4,678.6;527.8,668.3;520.2,617.1;632.7,737.4;632.7,719.5;576.5,678.6;479.2,678.6;402.5,688.8;397.3,660.6
289#564.1,817.4;558.8,735.3;572.0,780.3;524.3,780.3;468.7,748.5;508.4,798.9;545.5,780.3;529.6,682.3;529.6,674.3;524.3,621.3;550.8,716.7;577.3,716.7;577.3,682.3;481.9,682.3;405.1,698.2;397.1,671.7
290#544.6,770.4;561.1,737.4;574.8,784.1;519.9,784.1;470.5,740.2;495.2,781.4;547.3,784.1;530.9,685.3;530.9,677.0;522.6,622.1;552.8,718.2;580.3,718.2;580.3,685.3;481.4,685.3;443.0,704.5;399.1,682.5
291#566.7,912.7;583.4,865.3;577.8,801.2;524.8,801.2;522.0,859.8;474.6,887.6;547.1,801.2;533.2,689.6;533.2,681.3;524.8,625.5;625.2,717.5;639.2,737.0;586.2,689.6;483.0,689.6;438.4,706.4;399.3,692.4
292#568.4,920.3;579.8,871.8;574.1,814.8;525.6,814.8;519.9,880.4;474.2,894.7;551.3,814.8;534.1,689.2;534.1,683.5;527.0,625.0;616.9,726.3;642.6,737.7;585.5,686.3;485.6,689.2;417.1,712.0;400.0,694.9
293#570.3,927.8;578.7,871.9;581.5,816.0;528.4,813.2;520.0,885.9;480.9,897.1;553.6,816.0;539.6,687.5;536.8,681.9;527.0,624.6;629.0,718.2;640.2,737.8;587.1,684.7;492.1,687.5;444.5,712.6;399.8,701.5
294#571.3,933.0;577.0,873.0;582.7,815.8;528.4,812.9;519.9,887.2;479.9,901.5;554.1,812.9;539.9,687.2;539.9,678.6;532.7,620.1;625.6,715.8;639.9,735.8;588.4,684.4;491.3,687.2;445.6,712.9;405.6,707.2
295#570.9,932.5;570.9,870.3;579.8,802.2;526.5,802.2;517.6,864.4;479.1,905.9;556.1,802.2;544.3,680.8;541.3,671.9;533.9,617.2;606.5,725.2;639.0,728.2;591.7,680.8;493.9,677.9;443.6,710.4;402.2,710.4
296#565.8,930.8;577.9,864.2;577.9,779.6;520.4,776.6;505.3,849.1;481.1,906.6;550.7,776.6;544.6,673.8;544.6,664.7;534.0,608.8;608.1,740.3;641.4,722.1;593.0,673.8;493.2,673.8;444.9,707.0;405.6,713.1
297#568.6,935.2;574.9,862.4;574.9,780.1;521.1,776.9;508.4,849.7;483.1,909.9;549.6,776.9;546.4,666.1;546.4,653.4;541.7,591.7;600.2,738.9;641.4,713.6;590.7,666.1;495.8,662.9;441.9,697.8;403.9,713.6
298#571.8,927.1;578.3,839.6;571.8,745.6;523.2,745.6;516.7,836.3;490.8,904.4;549.1,745.6;545.9,651.7;549.1,641.9;547.5,582.0;610.7,739.1;639.8,706.7;594.5,654.9;500.5,648.4;448.7,687.3;406.5,710.0
299#574.7,923.3;574.7,829.9;568.3,720.4;523.2,720.4;513.5,826.7;491.0,904.0;545.7,720.4;548.9,639.9;548.9,627.0;553.8,570.6;610.1,739.7;635.9,694.6;594.0,643.1;503.8,633.4;442.7,675.3;410.4,704.3
300#579.0,916.7;569.2,821.8;565.9,710.6;516.8,710.6;516.8,821.8;497.2,900.3;539.7,707.3;549.5,628.8;552.8,615.7;557.7,561.8;611.7,730.2;634.6,687.7;598.6,635.4;503.7,619.0;438.3,658.3;408.9,694.2
301#578.4,898.9;565.5,808.3;572.0,711.1;513.7,707.9;510.4,808.3;504.0,892.5;542.8,704.6;552.5,617.2;552.5,601.0;557.4,541.1;610.8,730.5;633.5,678.7;601.1,620.4;504.0,607.5;435.9,649.6;406.8,675.5
302#579.2,888.6;566.1,799.3;572.3,700.2;515.3,697.3;510.8,799.3;504.3,883.3;544.0,694.0;552.6,605.6;552.6,589.6;556.2,530.0;607.6,711.1;632.6,665.8;600.6,608.8;504.3,596.6;441.0,626.8;415.5,644.7
303#580.0,878.3;566.8,790.4;572.6,689.3;516.9,686.8;511.2,790.4;504.6,874.2;545.2,683.4;552.7,593.9;552.7,578.2;554.9,518.8;604.4,691.6;631.6,652.9;600.1,597.2;504.6,585.6;446.1,604.0;424.2,613.8
304#580.8,868.1;567.4,781.4;573.0,678.4;518.6,676.2;511.6,781.4;504.9,865.0;546.3,672.8;552.8,582.3;552.8,566.7;553.7,507.7;601.2,672.2;630.7,640.0;599.5,585.6;504.9,574.7;451.2,581.2;433.0,583.0
305#581.6,857.8;568.1,772.4;573.3,667.5;520.2,665.7;512.0,772.4;505.2,855.8;547.5,662.2;552.9,570.7;552.9,555.3;552.4,496.6;598.0,652.8;629.8,627.1;599.0,574.0;505.2,563.7;456.3,558.4;441.7,552.1
306#582.4,847.5;568.7,763.5;573.6,656.5;521.8,655.1;512.4,763.5;505.6,846.7;548.7,651.7;553.0,559.0;553.0,543.9;551.2,485.4;594.8,633.3;628.8,614.3;598.5,562.5;505.6,552.8;461.3,535.7;450.4,521.3
307#583.2,837.2;569.4,754.5;573.9,645.6;523.4,644.6;512.8,754.5;505.9,837.5;549.9,641.1;553.1,547.4;553.1,532.5;549.9,474.3;591.6,613.9;627.9,601.4;598.0,550.9;505.9,541.8;466.4,512.9;459.1,490.4
308#584.0,827.0;570.0,745.5;574.3,634.7;525.1,634.0;513.2,745.5;506.2,828.3;551.0,630.5;553.2,535.8;553.2,521.0;548.7,463.2;588.4,594.5;627.0,588.5;597.4,539.3;506.2,530.9;471.5,490.1;467.9,459.6
309#584.8,816.7;570.7,736.6;574.6,623.8;526.7,623.5;513.6,736.6;506.5,819.2;552.2,619.9;553.3,524.1;553.3,509.6;547.4,452.0;585.2,575.0;626.0,575.6;596.9,527.7;506.5,519.9;476.6,467.3;476.6,428.7
310#585.6,806.4;571.3,727.6;574.9,612.9;528.3,612.9;514.0,727.6;506.8,810.0;553.4,609.3;553.4,512.5;553.4,498.2;546.2,440.9;582.0,555.6;625.1,562.7;596.4,516.1;506.8,509.0;481.7,444.5;485.3,397.9
311#580.2,799.6;576.6,716.1;576.6,603.5;533.0,603.5;511.2,716.1;504.0,810.5;554.8,603.5;551.2,501.7;551.2,490.8;540.3,432.7;587.5,541.7;620.2,552.6;594.8,505.4;511.2,498.1;493.1,440.0;489.4,392.7
312#579.7,793.8;579.7,704.2;583.5,592.1;538.7,592.1;508.8,707.9;497.6,797.5;557.3,595.9;549.9,495.0;549.9,483.8;538.7,424.1;583.5,532.4;617.1,539.9;594.7,495.0;508.8,495.0;493.9,439.0;493.9,390.5
