1#1003.8,676.0;994.0,571.2;1039.9,502.4;1000.6,512.2;987.5,603.9;1003.8,685.8;1016.9,505.7;967.8,410.7;967.8,407.4;944.9,355.0;944.9,518.8;1026.8,440.2;1003.8,400.8;931.8,414.0;892.5,364.8;884.3,343.5
2#1002.7,676.4;992.9,598.1;1038.6,503.5;999.5,513.3;986.4,604.6;1002.7,686.1;1015.8,506.8;970.1,408.9;970.1,408.9;942.4,351.8;944.0,519.8;1025.6,441.5;1006.0,402.4;931.0,412.2;891.8,366.5;883.7,345.3
3#1003.5,677.4;993.8,599.6;1035.9,505.7;993.8,515.4;987.3,609.3;1003.5,687.1;1016.5,505.7;967.9,408.5;967.9,408.5;943.6,355.0;945.2,521.9;1026.2,444.1;1003.5,405.2;932.3,414.9;893.4,366.3;885.3,348.5
4#1002.9,677.5;993.1,598.6;1035.8,503.3;989.8,516.4;986.5,608.5;1006.2,687.4;1016.1,513.2;966.8,411.3;966.8,408.0;943.8,355.4;993.1,450.7;1026.0,447.4;1002.9,401.4;930.6,414.5;894.5,375.1;883.0,343.9
5#1005.0,678.4;988.7,600.1;1031.1,505.5;988.7,518.5;985.4,609.9;1005.0,688.1;1011.5,515.3;965.8,410.9;965.8,407.6;941.4,353.8;943.0,521.8;1031.1,453.3;1005.0,404.4;930.0,414.2;890.8,365.2;882.7,347.3
6#1002.2,679.3;985.5,602.3;1022.3,501.8;982.1,515.2;978.8,612.3;1002.2,689.4;998.9,515.2;965.4,411.4;965.4,411.4;941.9,354.4;941.9,521.9;1025.7,451.6;998.9,401.3;928.5,411.4;888.3,371.2;876.6,339.4
7#998.3,679.6;984.5,596.4;1012.2,509.8;970.6,516.7;977.5,610.3;1001.8,686.6;994.9,509.8;963.7,405.8;963.7,409.2;942.9,350.3;939.4,527.1;1026.1,454.3;998.3,402.3;925.5,409.2;883.9,367.6;878.7,327.8
8#995.6,673.7;981.1,597.7;995.6,510.8;966.7,521.7;977.5,608.5;999.2,680.9;981.1,514.4;963.0,405.8;963.0,402.2;941.3,347.9;992.0,438.4;1021.0,449.3;999.2,402.2;923.2,405.8;883.4,366.0;874.4,324.4
9#990.1,664.2;982.1,588.0;998.1,503.8;958.0,519.8;970.1,604.0;990.1,676.2;978.1,511.8;962.0,399.5;962.0,395.5;946.0,343.4;986.1,451.6;1018.2,451.6;998.1,395.5;921.9,399.5;877.8,363.4;873.8,315.3
10#980.8,664.9;972.9,589.3;992.8,497.7;952.9,509.6;964.9,601.2;984.8,668.9;972.9,501.6;960.9,394.1;960.9,394.1;941.0,338.4;972.9,286.6;1012.7,449.9;996.7,394.1;921.1,394.1;877.3,362.3;873.3,318.5
11#974.0,654.9;958.4,584.8;981.8,495.3;946.7,503.1;950.6,592.6;977.9,666.5;962.3,499.2;954.5,390.2;954.5,386.3;942.8,331.8;977.9,292.9;1005.1,335.7;993.4,390.2;919.5,394.1;876.7,362.9;872.8,316.2
12#968.9,649.4;941.7,579.5;961.1,498.0;933.9,505.8;937.8,587.3;972.8,661.1;945.6,501.9;953.4,389.3;953.4,385.4;941.7,327.2;976.7,292.2;1007.7,334.9;988.3,389.3;918.4,389.3;871.8,362.1;867.9,315.5
13#963.2,632.7;922.4,540.1;966.9,480.8;929.9,491.9;918.7,573.5;966.9,643.9;948.4,484.5;948.4,384.5;948.4,380.8;937.3,328.9;970.6,291.9;1004.0,336.3;981.7,380.8;911.3,388.2;870.6,358.6;870.6,317.8
14#956.6,621.9;918.5,532.2;957.1,478.0;919.4,487.4;902.9,556.4;950.8,626.4;938.3,480.9;939.3,381.7;939.3,378.1;926.5,326.7;969.7,295.6;999.6,338.8;973.1,377.4;902.4,385.6;863.5,360.0;866.2,321.0
15#949.9,611.2;914.6,524.3;947.4,475.2;908.9,482.8;887.1,539.4;934.6,608.9;928.1,477.3;930.1,378.9;930.1,375.4;915.8,324.4;968.9,299.4;995.2,341.4;964.5,374.1;893.6,383.0;856.4,361.5;861.8,324.2
16#943.3,600.4;910.8,516.4;937.6,472.4;898.4,478.3;871.3,522.3;918.5,591.4;918.0,473.7;921.0,376.1;921.0,372.7;905.0,322.2;968.0,303.1;990.9,343.9;955.9,370.7;884.8,380.4;849.3,362.9;857.3,327.3
17#936.6,589.6;906.9,508.5;927.8,469.6;887.9,473.8;855.5,505.2;902.3,573.9;907.8,470.1;911.8,373.3;911.8,370.0;894.3,320.0;967.1,306.9;986.5,346.5;947.2,367.3;875.9,377.8;842.2,364.3;852.9,330.5
18#930.0,578.9;903.0,500.7;918.0,466.7;877.4,469.2;839.8,488.1;886.2,556.3;897.7,466.4;902.7,370.4;902.7,367.4;883.5,317.8;966.2,310.6;982.1,349.0;938.6,364.0;867.0,375.1;835.1,365.7;848.5,333.7
19#923.4,568.1;899.1,492.8;908.2,463.9;866.9,464.7;824.0,471.1;870.1,538.8;887.6,462.8;893.6,367.6;893.6,364.7;872.7,315.5;965.4,314.3;977.8,351.5;930.0,360.6;858.2,372.5;828.0,367.2;844.1,336.9
20#916.7,557.4;895.3,484.9;898.5,461.1;856.4,460.1;808.2,454.0;853.9,521.3;877.4,459.2;884.4,364.8;884.4,362.0;862.0,313.3;964.5,318.1;973.4,354.1;921.4,357.3;849.3,369.9;820.9,368.6;839.6,340.0
21#910.1,546.6;891.4,477.0;888.7,458.3;845.9,455.6;792.4,436.9;837.8,503.8;867.3,455.6;875.3,362.0;875.3,359.3;851.2,311.1;963.6,321.8;969.0,356.6;912.8,353.9;840.5,367.3;813.8,370.0;835.2,343.2
22#908.8,550.7;892.6,483.0;879.1,456.0;838.5,453.3;781.6,426.2;822.2,493.9;860.1,453.3;862.8,361.2;860.1,358.5;841.2,307.1;960.3,326.0;963.0,358.5;903.4,350.4;824.9,366.6;792.4,372.1;827.6,350.4
23#908.4,559.1;894.1,499.1;877.0,456.3;831.3,456.3;771.4,413.5;802.8,482.0;854.2,456.3;851.3,359.3;848.5,356.5;828.5,305.1;959.7,330.8;951.2,359.3;891.3,347.9;817.1,367.9;777.1,370.7;814.2,350.8
24#905.4,567.5;889.0,504.5;872.5,449.7;820.4,452.5;765.6,403.1;790.3,477.1;845.1,455.2;836.9,359.3;836.9,359.3;817.7,304.5;919.1,378.5;908.1,378.5;872.5,348.3;804.0,364.8;773.9,367.5;804.0,340.1
25#904.1,573.2;883.9,512.4;858.5,449.1;807.9,454.1;749.6,398.4;774.9,464.3;835.7,454.1;823.1,362.9;820.5,357.9;806.6,303.4;909.2,390.8;906.7,383.2;861.1,350.3;787.6,365.5;734.4,360.4;767.3,330.0
26#897.3,574.1;875.9,515.2;851.7,453.6;803.5,453.6;747.2,394.6;766.0,461.6;827.6,453.6;811.5,357.1;811.5,359.8;792.8,306.2;916.1,405.3;910.7,354.4;849.1,346.4;776.7,365.1;715.1,354.4;752.6,319.6
27#886.6,581.7;867.1,520.3;847.6,453.3;788.9,456.1;814.1,511.9;752.7,456.1;822.4,456.1;800.1,361.2;800.1,364.0;784.8,306.8;931.3,355.7;895.0,350.1;836.4,347.3;761.0,372.4;705.2,350.1;740.1,306.8
28#877.3,586.7;857.6,517.5;834.5,448.4;778.5,454.9;854.3,514.2;874.0,589.9;808.2,454.9;788.4,366.0;788.4,366.0;775.3,310.0;864.2,316.6;890.5,343.0;824.6,352.9;752.2,372.6;699.5,339.7;712.7,290.3
29#860.2,592.5;853.7,524.2;827.6,459.1;775.6,465.6;840.6,494.9;905.7,442.9;798.3,462.4;778.8,368.0;778.8,368.0;769.1,316.0;834.1,306.2;876.4,338.7;817.9,358.3;736.5,374.5;694.2,335.5;700.7,280.2
30#840.2,594.3;842.9,522.1;817.5,466.5;764.9,471.5;819.9,499.2;884.3,445.5;787.7,469.3;769.1,389.3;769.1,389.3;768.4,341.7;825.2,317.3;864.4,351.9;807.5,382.6;734.2,394.0;689.3,351.3;697.9,297.6
31#820.3,596.1;832.0,520.0;807.5,473.8;754.3,477.4;799.3,503.5;862.8,448.2;777.1,476.2;759.4,410.7;759.4,410.7;767.8,367.4;816.3,328.5;852.4,365.0;797.0,407.0;731.9,413.5;684.5,367.0;695.1,315.0
32#800.3,597.9;821.2,517.9;797.4,481.2;743.6,483.3;778.6,507.8;841.4,450.8;766.5,483.1;749.7,432.0;749.7,432.0;767.1,393.1;807.5,339.6;840.3,378.2;786.6,431.3;729.5,433.0;679.6,382.8;692.3,332.5
33#780.4,599.7;810.4,515.8;787.3,488.6;732.9,489.2;758.0,512.1;820.0,453.4;755.9,490.0;740.0,453.3;740.0,453.3;766.4,418.8;798.6,350.8;828.3,391.4;776.2,455.7;727.2,452.5;674.7,398.6;689.5,349.9
34#760.4,601.5;799.5,513.7;777.3,496.0;722.3,495.1;737.3,516.4;798.6,456.0;745.3,496.9;730.3,474.7;730.3,474.7;765.8,444.5;789.7,361.9;816.3,404.5;765.8,480.0;724.9,472.0;669.9,414.3;686.7,367.3
35#740.5,603.4;788.7,511.6;767.2,503.3;711.6,500.9;716.7,520.6;777.1,458.7;734.7,503.7;720.5,496.0;720.5,496.0;765.1,470.3;780.8,373.1;804.3,417.7;755.3,504.4;722.6,491.5;665.0,430.1;684.0,384.7
36#720.5,605.2;777.8,509.5;757.2,510.7;701.0,506.8;696.0,524.9;755.7,461.3;724.1,510.6;710.8,517.4;710.8,517.4;764.5,496.0;771.9,384.2;792.3,430.8;744.9,528.7;720.3,511.0;660.2,445.8;681.2,402.1
37#700.6,607.0;767.0,507.4;747.1,518.1;690.3,512.7;675.4,529.2;734.3,463.9;713.5,517.5;701.1,538.7;701.1,538.7;763.8,521.7;763.0,395.4;780.3,444.0;734.5,553.1;718.0,530.5;655.3,461.6;678.4,419.5
38#680.6,608.8;756.2,505.3;737.0,525.5;679.6,518.6;654.7,533.5;712.9,466.5;702.9,524.4;691.4,560.0;691.4,560.0;763.1,547.4;754.2,406.5;768.2,457.2;724.1,577.4;715.6,550.0;650.4,477.4;675.6,437.0
39#660.7,610.6;745.3,503.2;727.0,532.8;669.0,524.5;634.0,537.8;691.4,469.2;692.3,531.3;681.7,581.4;681.7,581.4;762.5,573.1;745.3,417.6;756.2,470.3;713.6,601.8;713.3,569.5;645.6,493.1;672.8,454.4
40#640.7,612.4;734.5,501.1;716.9,540.2;658.3,530.4;613.4,542.1;670.0,471.8;681.7,538.2;672.0,602.7;672.0,602.7;761.8,598.8;736.4,428.8;744.2,483.5;703.2,626.1;711.0,589.0;640.7,508.9;670.0,471.8
41#603.6,608.6;657.0,584.8;670.9,553.2;647.1,543.3;643.2,586.8;587.8,608.6;662.9,545.3;664.9,616.5;680.8,523.5;678.8,483.9;662.9,555.2;623.4,565.1;690.6,648.2;728.2,527.5;742.1,499.8;740.1,450.3
42#696.5,500.6;728.6,537.3;687.3,564.9;643.7,562.6;726.4,553.4;691.9,493.7;659.7,564.9;666.6,636.1;696.5,626.9;696.5,661.4;648.3,528.1;616.1,558.0;691.9,654.5;625.3,647.6;735.5,528.1;740.1,473.0
43#671.3,656.5;673.7,632.7;671.3,594.5;642.7,596.9;580.6,594.5;599.7,654.1;659.3,589.7;659.3,568.3;659.3,568.3;659.3,523.0;742.8,506.3;733.3,551.6;697.5,568.3;623.6,568.3;614.0,606.4;642.7,589.7
44#717.5,711.7;727.2,655.1;672.6,672.7;612.0,672.7;610.1,674.6;594.4,664.9;635.4,672.7;651.1,582.8;651.1,580.9;655.0,537.9;662.8,596.5;696.0,612.1;686.2,582.8;615.9,580.9;608.1,612.1;629.6,612.1
45#714.6,739.0;722.4,670.6;661.8,690.2;611.1,678.5;597.4,676.5;603.2,684.3;638.4,680.4;644.3,596.4;642.3,590.6;648.2,547.6;665.7,584.7;675.5,596.4;675.5,596.4;609.1,596.4;597.4,629.6;624.7,619.9
46#714.5,758.6;718.4,680.5;657.9,696.1;595.4,684.4;583.7,686.4;564.1,707.9;634.4,692.2;636.4,608.2;636.4,602.4;640.3,557.5;675.5,592.6;698.9,578.9;669.6,608.2;601.2,602.4;591.5,639.5;616.9,623.9
47#712.6,774.6;708.7,692.6;654.0,708.2;591.5,680.8;708.7,686.7;562.2,727.7;642.3,698.4;630.6,614.4;630.6,608.6;632.5,565.6;718.5,569.5;700.9,600.8;665.7,614.4;591.5,614.4;603.2,637.9;718.5,567.6
48#712.7,784.4;700.9,706.3;648.2,712.2;634.5,725.9;568.1,704.4;579.9,712.2;632.6,710.2;626.7,626.2;624.8,616.5;624.8,571.6;722.4,587.2;706.8,618.4;665.8,622.3;587.7,618.4;597.4,651.6;613.1,641.9
49#712.5,790.9;696.9,712.8;646.1,720.6;634.4,714.7;558.2,718.6;571.9,769.4;624.6,722.6;622.7,630.8;622.7,622.9;619.8,579.0;724.2,603.4;702.8,636.6;659.8,626.9;585.6,621.0;585.6,665.9;620.7,660.1
50#709.0,796.4;695.0,716.4;633.0,730.4;601.0,726.4;563.0,716.4;567.0,780.4;621.0,724.4;619.0,634.4;619.0,626.4;620.0,581.4;723.0,616.4;693.0,650.4;655.0,632.4;581.0,624.4;595.0,662.4;635.0,668.4
51#701.6,794.6;693.2,716.7;628.0,731.4;581.7,731.4;632.2,714.6;562.8,716.7;609.1,729.3;617.5,634.7;617.5,630.5;617.5,582.1;724.8,638.9;701.6,668.3;657.5,638.9;577.5,626.3;564.9,664.1;619.6,649.4
52#686.6,789.6;692.9,712.2;628.0,733.1;602.9,722.7;632.2,701.7;646.9,743.6;613.4,728.9;615.5,641.1;615.5,632.7;617.6,584.6;726.4,651.5;699.2,674.6;651.0,643.2;577.8,632.7;594.6,670.4;638.5,670.4
53#680.6,784.0;689.1,709.1;627.6,734.3;598.5,725.3;621.3,717.9;633.4,757.5;611.2,730.4;616.5,641.0;617.1,632.7;620.9,585.1;726.5,661.7;695.7,677.4;652.3,644.7;580.2,632.1;594.2,669.3;637.6,671.3
54#674.7,778.3;685.4,705.9;627.1,735.5;594.1,727.9;610.4,734.1;619.9,771.4;609.0,732.0;617.5,640.9;618.8,632.7;624.1,585.7;726.6,671.9;692.2,680.2;653.5,646.2;582.6,631.4;593.8,668.3;636.8,672.2
55#668.7,772.7;681.6,702.8;626.7,736.6;589.8,730.4;599.6,750.2;606.4,785.4;606.7,733.5;618.5,640.9;620.5,632.8;627.4,586.2;726.7,682.2;688.7,683.0;654.8,647.8;585.0,630.8;593.4,667.2;635.9,673.0
56#662.7,767.1;677.9,699.6;626.3,737.8;585.4,733.0;588.7,766.4;592.9,799.3;604.5,735.1;619.5,640.8;622.1,632.8;630.7,586.7;726.8,692.4;685.2,685.8;656.1,649.3;587.4,630.2;593.0,666.1;635.0,673.9
57#656.8,761.4;674.1,696.5;625.8,739.0;581.0,735.6;577.8,782.6;579.4,813.2;602.3,736.6;620.5,640.7;623.8,632.8;633.9,587.3;726.9,702.6;681.7,688.6;657.3,650.8;589.8,629.5;592.6,665.1;634.2,674.8
58#650.8,755.8;670.4,693.3;625.4,740.2;576.6,738.2;566.9,798.8;565.9,827.1;600.1,738.2;621.5,640.6;625.4,632.8;637.2,587.8;727.0,712.8;678.2,691.4;658.6,652.3;592.2,628.9;592.2,664.0;633.3,675.7
59#651.0,750.9;672.5,684.5;631.5,737.3;578.8,741.2;572.9,790.0;651.0,749.0;600.2,739.2;625.6,639.6;631.5,629.9;640.3,585.9;727.2,717.7;694.0,700.2;660.8,651.3;592.4,629.9;598.3,663.1;637.4,708.0
60#652.4,760.2;676.1,693.3;634.6,735.2;581.7,738.5;572.6,789.6;636.9,766.7;604.3,736.8;629.6,637.5;634.6,628.4;643.5,582.8;731.6,707.3;701.3,692.2;665.8,648.8;595.1,628.9;601.6,642.9;636.9,671.4
61#653.8,769.5;679.6,702.1;637.6,733.1;584.6,735.7;572.3,789.2;622.8,784.5;608.4,734.4;633.7,635.4;637.6,626.9;646.6,579.7;736.1,697.0;708.7,684.2;670.8,646.4;597.9,627.9;605.0,622.8;636.3,634.9
62#655.1,778.7;683.2,710.9;640.7,731.0;587.6,733.0;572.1,788.9;608.7,802.2;612.4,731.9;637.8,633.4;640.7,625.3;649.8,576.6;740.5,686.6;716.0,676.3;675.8,643.9;600.6,627.0;608.3,602.6;635.8,598.3
63#656.5,788.0;686.8,719.7;643.8,728.9;590.5,730.2;571.8,788.5;594.6,819.9;616.5,729.5;641.8,631.3;643.8,623.8;653.0,573.5;744.9,676.2;723.3,668.3;680.8,641.5;603.4,626.0;611.7,582.4;635.2,561.7
64#657.9,797.3;690.3,728.5;646.8,726.8;593.4,727.5;571.5,788.1;580.5,837.7;620.6,727.1;645.9,629.2;646.8,622.3;656.1,570.4;749.4,665.9;730.7,660.3;685.8,639.0;606.1,625.0;615.0,562.3;634.6,525.2
65#659.3,806.6;693.9,737.3;649.9,724.7;596.3,724.7;571.2,787.7;566.4,855.4;624.7,724.7;649.9,627.1;649.9,620.8;659.3,567.3;753.8,655.5;738.0,652.3;690.8,636.6;608.9,624.0;618.4,542.1;634.1,488.6
66#664.5,804.9;695.7,742.5;655.2,726.9;602.1,726.9;570.9,770.6;577.2,851.7;630.2,726.9;652.0,627.1;652.0,624.0;655.2,567.8;798.6,664.5;758.1,639.6;692.6,633.3;611.5,624.0;611.5,542.9;630.2,499.2
67#668.7,805.3;698.3,743.1;658.9,723.4;606.5,724.6;586.7,768.7;595.5,810.8;634.2,724.3;652.7,623.6;652.4,621.5;656.1,565.7;792.5,646.1;755.6,629.2;693.4,628.5;613.0,621.5;610.8,549.7;630.5,507.2
68#672.9,805.7;700.8,743.7;662.6,719.9;610.8,722.3;602.5,766.8;613.9,770.0;638.2,721.7;653.3,620.1;652.7,619.0;657.0,563.6;786.4,627.7;753.0,618.8;694.1,623.7;614.5,619.0;610.1,556.5;630.8,515.1
69#677.0,806.1;703.4,744.3;666.2,716.4;615.2,720.1;618.3,764.8;632.2,729.1;642.2,719.1;654.0,616.7;653.1,616.4;658.0,561.5;780.3,609.4;750.5,608.4;694.9,619.0;615.9,616.4;609.5,563.3;631.2,523.1
70#681.2,806.5;705.9,744.9;669.9,712.9;619.5,717.8;634.1,762.9;650.5,688.2;646.2,716.5;654.6,613.2;653.4,613.9;658.9,559.4;774.2,591.0;748.0,598.0;695.6,614.2;617.4,613.9;608.8,570.1;631.5,531.1
71#685.4,807.0;708.5,745.4;673.6,709.3;623.9,715.5;650.0,761.0;668.9,647.4;650.2,714.0;655.3,609.7;653.8,611.4;659.8,557.2;768.0,572.6;745.4,587.7;696.4,609.4;618.9,611.4;608.1,576.9;631.8,539.0
72#689.6,807.4;711.0,746.0;677.3,705.8;628.2,713.2;665.8,759.1;687.2,606.5;654.2,711.4;655.9,606.2;654.1,608.9;660.7,555.1;761.9,554.2;742.9,577.3;697.1,604.6;620.4,608.9;607.4,583.7;632.1,547.0
73#693.7,807.8;713.6,746.6;680.9,702.3;632.6,711.0;681.6,757.1;705.5,565.6;658.2,708.8;656.6,602.8;654.5,606.3;661.7,553.0;755.8,535.9;740.4,566.9;697.9,599.9;621.8,606.3;606.8,590.5;632.5,555.0
74#697.9,808.2;716.1,747.2;684.6,698.8;636.9,708.7;697.4,755.2;723.9,524.8;662.2,706.2;657.2,599.3;654.8,603.8;662.6,550.9;749.7,517.5;737.8,556.5;698.6,595.1;623.3,603.8;606.1,597.3;632.8,562.9
75#702.1,808.6;718.7,747.8;688.3,695.3;641.3,706.4;713.2,753.3;742.2,483.9;666.2,703.6;657.9,595.8;655.2,601.3;663.5,548.8;743.6,499.1;735.3,546.1;699.4,590.3;624.8,601.3;605.4,604.1;633.1,570.9
76#707.7,801.4;723.0,728.0;689.3,679.0;640.3,688.2;646.4,724.9;750.5,473.9;664.8,679.0;664.8,596.4;664.8,602.5;664.8,547.4;747.4,483.1;735.2,544.3;704.6,593.3;625.0,599.4;612.8,611.7;658.7,547.4
77#707.2,795.5;727.7,722.5;695.5,675.7;645.9,678.7;718.9,585.2;672.2,728.3;669.2,675.7;666.3,599.8;666.3,602.7;666.3,550.1;751.1,488.7;736.4,541.3;704.3,593.9;628.3,602.7;616.6,620.2;634.2,588.1
78#711.0,785.5;725.4,571.7;699.4,667.1;650.3,664.2;737.0,545.7;754.3,490.9;676.3,664.2;673.4,594.9;673.4,603.5;664.8,548.6;754.3,490.9;742.8,540.0;716.8,589.1;638.8,597.7;621.5,632.4;638.8,592.0
79#716.2,766.8;729.8,603.8;699.9,669.4;653.3,672.1;703.2,599.7;729.9,583.0;679.2,668.2;674.6,600.2;674.6,603.9;667.6,552.2;732.5,541.4;738.7,572.2;716.1,593.7;639.7,602.7;622.9,641.0;633.8,609.5
80#721.4,748.2;734.1,636.0;700.4,671.8;656.3,680.0;669.4,653.7;705.5,675.0;682.2,672.1;675.9,605.5;675.9,604.4;670.4,555.7;710.8,591.9;734.7,604.3;715.4,598.3;640.6,607.7;624.3,649.6;628.7,626.9
81#726.6,729.5;738.5,668.1;700.9,674.1;659.3,687.9;635.6,707.7;681.1,767.1;685.1,676.1;677.1,610.8;677.1,604.8;673.2,559.3;689.0,642.4;730.6,636.5;714.7,602.9;641.5,612.7;625.7,658.2;623.7,644.4
82#733.6,730.8;741.4,666.3;719.9,719.0;665.3,711.2;637.9,713.2;680.9,777.6;690.6,719.0;678.9,613.6;678.9,607.7;675.0,562.8;694.6,650.7;727.8,646.8;718.0,605.8;637.9,617.5;630.1,666.3;624.2,654.6
83#738.9,734.7;741.4,665.0;720.8,721.8;666.6,721.8;638.2,714.0;682.1,781.1;697.5,721.8;682.1,615.9;684.6,615.9;676.9,561.7;767.3,525.5;775.0,572.0;728.5,605.6;638.2,621.1;630.4,672.7;622.7,659.8
84#741.0,735.7;747.2,672.9;726.3,721.0;665.7,727.3;638.5,714.8;682.4,785.9;688.7,725.2;682.4,620.6;682.4,614.4;678.2,564.2;767.1,542.2;776.5,580.9;728.4,608.1;638.5,624.8;625.9,677.1;621.7,675.0
85#742.0,740.0;750.7,684.0;714.0,722.8;664.4,722.8;638.5,716.3;679.5,781.0;683.8,722.8;681.7,623.6;683.8,615.0;679.5,565.4;764.7,544.9;778.7,591.2;729.1,610.6;636.4,627.9;621.3,681.8;660.1,664.5
86#744.6,765.4;755.3,699.6;704.3,720.8;651.2,720.8;642.7,714.5;678.8,780.3;681.0,720.8;681.0,623.2;683.1,614.7;681.0,565.8;768.0,551.0;776.5,599.8;729.8,610.4;636.4,627.4;621.5,686.9;657.6,669.9
87#748.4,784.1;756.8,710.8;706.5,723.3;649.9,725.4;633.2,702.4;677.2,769.4;679.3,723.3;681.4,622.8;681.4,614.4;679.3,566.2;763.1,555.7;773.6,603.9;729.6,610.2;637.4,631.1;618.5,683.5;641.6,677.2
88#747.3,794.5;758.1,720.5;704.9,728.4;651.6,720.5;643.7,698.8;677.3,765.9;679.2,720.5;681.2,623.8;681.2,614.0;679.2,566.6;764.1,564.6;771.9,612.0;726.6,612.0;637.8,629.7;612.2,683.0;643.7,667.2
89#746.8,794.1;755.6,726.7;702.8,720.9;650.1,720.9;644.2,699.4;683.3,759.9;673.5,720.9;679.4,623.2;681.4,613.4;679.4,566.6;777.1,572.4;777.1,617.3;720.4,613.4;638.4,629.1;609.1,679.8;638.4,668.1
90#747.7,787.1;754.5,737.3;701.8,721.7;649.1,719.7;680.3,747.1;684.2,760.7;676.4,721.7;680.3,624.0;680.3,612.3;678.4,565.4;760.4,579.1;776.0,624.0;727.2,612.3;635.4,627.9;604.1,674.8;641.2,668.9
91#750.6,783.1;749.6,745.0;704.7,717.7;650.0,717.7;640.2,704.0;638.3,719.6;675.4,719.6;679.3,622.0;679.3,608.3;675.4,561.4;761.3,586.8;773.1,625.9;722.3,610.2;634.4,623.9;599.2,668.8;638.3,657.1
92#747.7,783.1;740.9,741.1;697.9,717.7;649.1,717.7;637.3,711.8;645.1,719.6;672.5,717.7;676.4,620.0;678.4,606.3;672.5,559.5;758.4,590.7;750.6,610.2;717.4,608.3;635.4,620.0;590.5,661.0;637.3,649.3
93#745.7,800.1;742.8,779.6;695.9,711.2;651.0,711.2;717.4,736.6;627.5,736.6;674.4,711.2;674.4,615.5;674.4,603.8;671.5,557.9;762.3,601.9;764.2,637.0;719.3,607.7;629.5,617.5;580.6,650.7;609.9,635.1
94#748.2,838.5;738.4,781.3;703.9,707.8;656.4,712.2;727.6,733.8;634.8,733.8;675.8,707.8;673.6,612.8;673.6,597.7;666.1,566.3;762.2,610.6;760.0,643.0;716.8,608.5;626.1,614.9;576.4,638.7;602.4,627.9
95#751.8,840.3;737.6,775.8;707.0,705.9;652.4,708.1;661.1,708.1;643.6,745.2;678.6,708.1;676.4,607.5;674.2,596.6;664.4,564.9;757.3,618.5;750.7,640.3;715.8,605.3;630.5,607.5;628.3,638.1;656.8,642.5
96#744.7,829.7;737.3,763.7;709.1,703.5;656.4,705.1;661.0,720.8;647.9,751.2;681.3,704.5;676.4,606.2;674.8,596.1;664.8,558.6;761.2,624.9;752.3,643.2;717.7,604.6;630.3,605.6;619.5,622.6;642.2,612.9
97#737.6,819.0;737.0,751.6;711.2,701.0;660.5,702.1;661.0,733.4;652.2,757.2;684.1,700.9;676.4,605.0;675.4,595.6;665.2,552.4;765.1,631.3;754.0,646.1;719.6,603.8;630.0,603.6;610.7,607.2;627.5,583.4
98#730.5,808.4;736.7,739.5;713.4,698.6;664.5,699.2;660.9,746.1;656.5,763.1;686.8,697.2;676.5,603.7;675.9,595.1;665.6,546.1;769.0,637.7;755.6,649.0;721.5,603.1;629.8,601.7;601.9,591.8;612.9,553.8
99#723.4,797.8;736.4,727.4;715.5,696.2;668.6,696.2;660.8,758.7;660.8,769.1;689.5,693.6;676.5,602.4;676.5,594.6;666.0,539.9;772.9,644.1;757.2,651.9;723.4,602.4;629.6,599.8;593.1,576.3;598.3,524.2
100#716.6,784.8;724.0,735.2;716.6,685.6;672.0,688.1;659.6,727.8;662.0,772.4;691.8,685.6;681.9,601.3;679.4,591.4;667.0,541.7;738.9,645.9;761.3,653.4;729.0,601.3;637.2,601.3;600.0,574.0;605.0,524.4
101#712.7,780.5;717.6,740.8;722.6,683.7;677.9,683.7;660.5,730.9;663.0,780.5;700.2,683.7;685.3,599.3;685.3,589.4;672.9,539.7;784.6,663.9;764.8,651.4;732.5,599.3;643.1,599.3;603.4,579.5;618.3,524.8
102#713.1,801.8;713.1,745.8;728.4,684.6;677.4,682.0;657.0,727.9;662.1,786.5;700.4,684.6;692.7,597.9;690.2,587.7;677.4,536.8;738.6,661.7;769.2,651.5;738.6,597.9;649.4,592.8;611.2,587.7;616.3,539.3
103#714.0,802.3;711.5,739.0;731.8,683.4;676.1,683.4;658.4,723.9;660.9,792.2;703.9,683.4;696.3,592.2;693.8,587.2;681.1,534.0;744.4,653.0;777.3,647.9;739.4,592.2;653.3,589.7;615.3,597.3;612.8,551.7
104#679.5,784.0;669.6,724.9;741.0,690.4;679.5,687.9;657.3,734.7;662.2,801.2;709.0,687.9;701.6,589.4;701.6,584.5;689.3,532.8;748.4,648.5;785.4,638.7;748.4,589.4;659.8,586.9;617.9,601.7;615.4,554.9
105#740.4,720.8;716.4,744.8;745.2,680.0;687.6,682.4;658.8,737.6;661.2,807.3;716.4,682.4;706.8,584.0;706.8,579.2;696.0,527.6;757.2,622.4;795.6,627.2;752.4,586.4;663.6,581.6;622.8,605.6;618.0,560.0
106#761.5,723.7;722.3,748.2;744.3,679.6;688.0,677.1;661.0,745.7;663.5,809.4;714.9,679.6;712.5,579.2;712.5,576.7;699.0,524.1;783.5,603.7;800.6,615.9;754.1,579.2;670.8,576.7;626.7,606.1;621.8,564.5
107#737.0,736.5;751.9,661.9;746.9,669.4;689.8,674.4;667.4,741.4;664.9,806.0;717.1,674.4;714.6,575.0;712.1,570.0;701.0,519.1;729.5,609.8;791.6,589.9;756.9,572.5;667.4,575.0;635.1,607.3;620.2,570.0
108#746.1,735.0;748.6,649.4;753.5,661.7;689.9,669.0;667.9,739.9;663.0,803.5;719.2,666.6;714.3,571.2;711.9,563.9;705.8,511.3;729.0,603.0;763.2,603.0;755.9,566.3;672.8,573.6;638.5,607.9;621.4,576.1
109#746.5,733.6;729.1,678.8;749.0,658.9;691.8,663.9;666.9,726.1;669.3,795.9;719.1,661.4;714.2,566.8;714.2,559.3;707.9,505.8;726.6,599.1;764.0,579.2;754.0,559.3;671.8,569.3;642.0,609.1;622.0,579.2
110#741.4,743.6;731.6,677.3;753.6,655.3;697.2,657.7;665.3,706.8;672.7,782.8;724.2,655.3;714.4,562.0;714.4,554.7;710.7,506.8;729.1,598.8;765.9,579.2;761.0,552.2;672.7,566.9;640.8,608.6;621.2,586.6
111#750.8,744.2;731.9,675.8;748.4,652.2;696.5,649.9;665.9,690.0;675.3,763.1;722.5,649.9;713.1,560.2;713.1,548.4;707.2,507.1;724.9,576.7;798.0,520.1;760.2,548.4;670.6,564.9;639.9,609.8;618.7,588.5
112#747.1,746.2;734.8,675.0;746.4,646.1;696.2,644.3;665.8,671.4;666.1,726.2;721.8,644.3;711.0,554.5;711.0,544.9;703.5,501.2;737.0,538.4;794.9,508.0;756.8,541.9;667.8,562.5;638.8,609.8;618.4,592.3
113#743.4,748.2;737.7,674.2;744.4,639.9;696.0,638.8;665.7,652.8;656.9,689.4;721.0,638.8;708.8,548.9;708.8,541.4;699.9,495.3;749.2,500.1;791.8,495.8;753.4,535.4;665.1,560.2;637.7,609.7;618.1,596.0
114#739.7,750.2;740.6,673.4;742.5,633.8;695.8,633.2;665.6,634.2;647.7,652.5;720.2,633.2;706.6,543.2;706.6,538.0;696.2,489.4;761.4,461.8;788.7,483.7;749.9,529.0;662.3,557.9;636.6,609.6;617.7,599.8
115#736.0,752.2;743.5,672.6;740.5,627.6;695.5,627.6;665.5,615.6;638.5,615.6;719.5,627.6;704.5,537.5;704.5,534.5;692.5,483.5;773.5,423.5;785.6,471.5;746.5,522.5;659.5,555.5;635.5,609.6;617.4,603.6
116#740.7,727.4;744.8,687.4;736.5,612.8;689.6,615.6;673.0,601.8;637.1,601.8;714.4,612.8;700.6,532.7;700.6,527.2;684.0,477.5;769.7,433.3;794.5,472.0;750.3,507.9;653.7,552.1;628.8,610.1;623.3,601.8
117#739.5,763.7;746.3,691.9;729.2,623.5;681.4,627.0;671.1,630.4;660.9,644.0;708.7,627.0;691.6,527.8;691.6,524.4;674.5,473.2;773.7,439.0;794.2,476.6;736.1,507.3;650.6,544.9;623.3,603.0;626.7,616.7
118#741.1,764.2;741.1,693.5;730.5,619.3;684.6,626.4;670.4,647.6;670.4,672.3;709.3,619.3;684.6,520.4;684.6,516.8;663.4,467.4;769.4,442.6;794.1,478.0;730.5,499.2;645.7,538.0;617.4,605.2;638.6,629.9
119#740.2,764.5;733.8,688.7;724.4,609.7;673.8,612.9;661.2,660.3;670.7,672.9;699.1,609.7;680.2,518.1;677.0,511.8;654.9,458.1;781.2,445.5;790.7,480.2;724.4,496.0;635.9,533.9;610.7,593.9;610.7,616.0
120#737.2,757.0;733.9,681.0;718.4,604.1;668.2,607.2;658.0,658.1;664.3,671.4;693.3,604.1;676.8,510.8;673.6,505.4;652.1,451.6;783.2,454.9;785.0,480.9;720.7,490.4;632.1,525.8;604.7,583.0;613.9,605.0
121#734.1,749.5;734.0,673.3;712.4,598.5;662.5,601.6;654.7,656.0;657.9,670.0;687.5,598.5;673.4,503.6;670.3,498.9;649.2,445.2;785.3,464.2;779.3,481.6;717.0,484.9;628.2,517.6;598.8,572.1;617.2,594.0
122#731.1,742.1;734.1,665.6;706.4,592.9;656.9,595.9;651.5,653.8;651.5,668.5;681.6,592.9;670.0,496.3;667.0,492.4;646.4,438.7;787.4,473.6;773.6,482.2;713.3,479.3;624.4,509.4;592.8,561.3;620.4,582.9
123#728.0,734.6;734.2,657.9;700.4,587.3;651.3,590.3;648.2,651.7;645.1,667.1;675.8,587.3;666.6,489.0;663.6,486.0;643.6,432.2;789.4,482.9;767.9,482.9;709.6,473.7;620.6,501.3;586.8,550.4;623.6,571.9
124#727.8,724.0;739.9,642.1;694.5,578.4;645.9,581.5;649.0,627.0;652.0,669.4;670.2,581.5;661.1,484.4;661.1,478.4;644.4,422.2;779.4,478.4;755.1,487.5;703.5,469.3;618.6,493.5;579.2,536.0;624.7,526.9
125#726.0,710.2;742.9,628.4;689.3,577.7;644.2,580.5;649.9,639.7;652.7,679.1;666.8,580.5;658.3,479.0;658.3,473.4;642.8,421.3;793.6,498.8;748.5,490.3;703.4,467.8;613.2,487.5;565.3,518.5;587.9,512.9
126#725.9,694.0;748.0,614.1;690.1,575.5;640.5,575.5;657.0,608.6;648.8,674.7;665.3,575.5;659.8,473.5;659.8,468.0;647.4,419.8;770.0,487.3;750.7,498.3;703.9,465.3;615.7,481.8;626.7,512.1;659.8,512.1
127#731.0,672.6;749.5,596.1;688.8,572.3;641.3,577.6;657.1,601.3;649.2,675.2;665.0,574.9;659.7,469.4;657.1,461.5;645.2,407.4;767.9,490.5;754.7,501.1;702.0,461.5;614.9,472.0;622.8,506.3;649.2,498.4
128#733.4,658.3;754.3,580.5;682.6,565.6;634.7,568.6;649.7,613.4;646.7,685.2;658.6,565.6;658.6,460.9;658.6,457.9;645.2,405.6;781.2,526.7;757.3,499.8;703.5,457.9;616.8,466.9;622.7,505.8;649.7,508.8
129#737.2,640.4;760.1,558.5;688.0,565.0;638.9,571.6;642.1,627.3;648.7,692.9;661.8,568.3;658.5,456.9;658.5,453.6;650.3,393.0;773.2,512.6;760.1,496.2;704.4,453.6;612.6,456.9;619.2,496.2;642.1,496.2
130#736.7,624.0;755.7,548.1;689.2,560.7;635.4,567.1;638.6,627.2;648.1,700.0;660.7,563.9;657.6,450.0;654.4,450.0;644.9,389.9;746.2,484.8;758.8,494.3;701.9,450.0;613.3,450.0;619.6,488.0;644.9,484.8
131#729.1,608.9;753.1,533.5;694.8,560.9;633.1,564.3;633.1,626.0;646.9,704.9;664.0,564.3;653.7,444.4;653.7,440.9;646.9,382.7;739.4,471.8;756.5,485.5;705.1,444.4;609.2,434.1;564.6,392.9;597.2,357.0
132#685.8,722.2;678.9,632.4;689.2,546.2;634.0,553.1;634.0,632.4;647.8,711.8;661.6,553.1;654.7,435.7;654.7,435.7;651.3,377.1;737.6,477.1;761.7,477.1;706.5,439.2;609.9,428.8;571.9,377.1;584.0,354.6
133#689.3,721.2;681.0,628.8;687.7,540.6;632.9,547.0;632.9,628.8;646.3,708.8;661.0,547.0;655.8,430.3;655.8,430.9;654.2,372.1;734.3,487.5;753.2,474.2;706.5,433.9;610.9,422.7;570.5,374.0;584.0,348.6
134#692.8,720.3;683.1,625.2;686.2,535.1;631.8,540.9;631.8,625.2;644.8,705.8;660.3,540.9;656.9,424.9;656.9,426.2;657.2,367.0;731.1,497.8;744.6,471.4;706.6,428.5;612.0,416.6;569.1,370.8;584.0,342.6
135#696.2,719.4;685.3,621.7;684.8,529.5;630.8,534.9;630.8,621.7;643.3,702.9;659.6,534.9;658.1,419.6;658.1,421.4;660.1,362.0;727.8,508.2;736.1,468.6;706.6,423.2;613.0,410.4;567.6,367.7;584.1,336.6
136#699.7,718.4;687.4,618.1;683.3,523.9;629.7,528.8;629.7,618.1;641.8,699.9;659.0,528.8;659.2,414.2;659.2,416.7;663.1,357.0;724.5,518.5;727.6,465.7;706.6,417.9;614.1,404.3;566.2,364.5;584.1,330.6
137#703.2,717.5;689.5,614.5;681.8,518.4;628.6,522.7;628.6,614.5;640.3,696.9;658.4,522.7;660.3,408.8;660.3,411.9;666.0,351.9;721.3,528.9;719.0,462.9;706.7,412.5;615.1,398.2;564.8,361.4;584.1,324.6
138#706.7,716.5;691.6,610.9;680.3,512.8;627.5,516.6;627.5,610.9;638.8,693.9;657.7,516.6;661.4,403.4;661.4,407.2;669.0,346.9;718.0,539.2;710.5,460.0;706.7,407.2;616.2,392.1;563.4,358.2;584.1,318.6
139#707.8,709.1;692.1,606.4;679.5,510.3;626.2,513.4;618.7,598.3;631.5,681.0;656.3,513.7;657.9,400.3;657.6,403.8;663.1,343.7;710.5,526.7;707.2,455.6;702.9,403.2;613.0,390.6;561.5,363.6;581.2,325.3
140#708.9,701.7;692.5,601.9;678.6,507.7;624.9,510.2;609.8,585.6;624.3,668.1;654.9,510.8;654.4,397.2;653.8,400.3;657.1,340.5;703.1,514.2;703.9,451.1;699.0,399.2;609.9,389.2;559.7,369.0;578.4,331.9
141#710.1,694.3;693.0,597.5;677.8,505.2;623.7,507.1;601.0,573.0;617.0,655.2;653.5,507.9;650.9,394.2;650.1,396.9;651.2,337.4;695.6,501.6;700.6,446.7;695.2,395.2;606.7,387.7;557.8,374.4;575.5,338.6
142#711.2,686.9;693.4,593.0;676.9,502.6;622.4,503.9;592.1,560.4;609.8,642.3;652.1,505.0;647.4,391.1;646.3,393.5;645.3,334.2;688.1,489.1;697.3,442.3;691.4,391.2;603.5,386.2;556.0,379.8;572.6,345.3
143#712.3,679.5;693.9,588.5;676.1,500.1;621.1,500.7;583.3,547.8;602.5,629.4;650.7,502.1;643.9,388.0;642.5,390.1;639.4,331.0;680.6,476.6;694.0,437.8;687.6,387.2;600.4,384.7;554.1,385.2;569.8,351.9
144#713.4,672.2;694.3,584.0;675.2,497.5;619.8,497.5;574.4,535.1;595.3,616.5;649.2,499.3;640.5,384.9;638.7,386.6;633.4,327.8;673.2,464.1;690.7,433.4;683.7,383.1;597.2,383.3;552.3,390.6;566.9,358.6
145#714.5,664.8;694.8,579.5;674.4,495.0;618.5,494.3;565.6,522.5;588.0,603.6;647.8,496.4;637.0,381.8;634.9,383.2;627.5,324.6;665.7,451.6;687.4,428.9;679.9,379.1;594.1,381.8;550.4,396.0;564.1,365.2
146#715.6,657.4;695.2,575.0;673.5,492.4;617.2,491.1;556.7,509.9;580.8,590.7;646.4,493.5;633.5,378.7;631.1,379.8;621.6,321.4;658.2,439.1;684.1,424.5;676.1,375.1;590.9,380.3;548.6,401.4;561.2,371.9
147#716.8,650.0;695.7,570.6;672.7,489.9;616.0,488.0;547.9,497.3;573.5,577.8;645.0,490.6;630.0,375.7;627.4,376.4;615.7,318.3;650.7,426.5;680.8,420.1;672.3,371.1;587.7,378.8;546.7,406.8;558.3,378.6
148#717.9,642.6;696.1,566.1;671.8,487.3;614.7,484.8;539.0,484.6;566.2,564.9;643.6,487.7;626.5,372.6;623.6,372.9;609.7,315.1;643.3,414.0;677.5,415.6;668.4,367.1;584.6,377.4;544.9,412.2;555.5,385.2
149#719.0,635.2;696.6,561.6;671.0,484.8;613.4,481.6;530.2,472.0;559.0,552.0;642.2,484.8;623.0,369.5;619.8,369.5;603.8,311.9;635.8,401.5;674.2,411.2;664.6,363.1;581.4,375.9;543.0,417.6;552.6,391.9
150#720.0,635.2;691.5,562.5;666.3,483.6;609.4,480.4;527.3,458.3;549.4,534.1;637.8,480.4;615.7,369.9;615.7,369.9;592.1,311.4;641.0,404.6;669.4,407.8;656.8,360.4;574.7,376.2;524.1,410.9;508.4,398.3
151#715.7,637.7;690.2,554.8;655.2,478.4;604.2,475.2;527.8,446.5;546.9,529.4;629.7,478.4;610.6,370.1;607.4,366.9;589.9,308.0;642.4,414.7;667.9,408.3;648.8,363.7;569.2,379.6;511.8,427.4;495.9,401.9
152#705.8,633.4;693.1,550.0;648.1,481.7;593.5,479.6;529.6,440.9;536.9,520.0;619.2,480.6;603.2,370.5;601.1,368.4;582.9,310.7;635.2,413.2;662.0,411.1;641.7,364.1;562.6,380.1;520.0,428.2;520.2,403.6
153#695.8,629.2;696.0,545.2;641.0,485.0;582.8,483.9;531.3,435.4;526.8,510.7;608.6,482.9;595.8,370.9;594.7,369.8;575.9,313.3;628.1,411.8;656.1,414.0;634.5,364.4;555.9,380.5;528.1,429.0;544.6,405.3
154#685.9,624.9;698.9,540.4;633.9,488.3;572.1,488.3;533.1,429.8;516.8,501.3;598.1,485.1;588.4,371.3;588.4,371.3;568.9,316.0;620.9,410.3;650.2,416.8;627.4,364.8;549.3,381.0;536.3,429.8;568.9,407.0
155#675.5,612.8;674.0,534.2;627.6,486.7;566.8,486.7;528.7,432.6;510.0,503.9;593.0,483.6;584.3,372.7;584.7,373.1;567.3,318.1;613.6,411.2;644.1,417.1;623.5,367.5;545.4,381.4;529.2,418.2;555.4,389.7
156#665.0,600.6;649.1,528.0;621.4,485.0;561.4,485.0;524.2,435.4;503.2,506.6;587.9,482.0;580.3,374.2;581.0,374.9;565.6,320.3;606.4,412.1;638.1,417.4;619.6,370.2;541.5,381.8;522.2,406.6;541.9,372.3
157#654.6,588.5;624.2,521.8;615.1,483.4;556.1,483.4;519.8,438.2;496.4,509.2;582.8,480.5;576.2,375.6;577.3,376.7;564.0,322.4;599.1,413.0;632.0,417.7;615.7,372.9;537.6,382.2;515.1,395.0;528.4,355.0
158#644.1,576.3;599.3,515.7;608.9,481.8;550.7,481.8;515.3,440.9;489.6,511.8;577.7,479.0;572.1,377.0;573.5,378.4;562.3,324.5;591.8,413.8;625.9,418.1;611.9,375.7;533.8,382.6;508.1,383.3;514.8,337.6
159#633.7,564.2;574.4,509.5;602.6,480.2;545.4,480.2;510.9,443.7;482.8,514.4;572.6,477.5;568.0,378.4;569.8,380.2;560.7,326.6;584.5,414.7;619.8,418.4;608.0,378.4;529.9,383.0;501.0,371.7;501.3,320.3
160#623.2,552.0;549.5,503.3;596.4,478.5;540.0,478.5;506.4,446.5;476.0,517.1;567.5,475.9;564.0,379.9;566.1,382.0;559.0,328.8;577.3,415.6;613.8,418.7;604.1,381.1;526.0,383.4;494.0,360.1;487.8,302.9
161#612.8,539.9;524.6,497.1;590.1,476.9;534.7,476.9;502.0,449.3;469.2,519.7;562.4,474.4;559.9,381.3;562.4,383.8;557.4,330.9;570.0,416.5;607.7,419.0;600.2,383.8;522.1,383.8;486.9,348.5;474.3,285.6
162#601.2,533.4;646.2,460.9;591.2,495.9;531.3,488.4;498.8,450.9;468.8,525.9;561.2,488.4;558.7,383.5;561.2,386.0;558.7,331.0;573.7,418.4;606.2,420.9;598.7,383.5;518.8,386.0;476.3,348.5;471.3,291.0
163#580.8,532.5;644.1,454.0;593.5,494.5;532.7,484.4;499.7,456.5;469.3,532.5;560.5,484.4;558.0,385.6;558.0,385.6;560.5,329.9;575.7,423.6;608.7,418.5;596.0,383.1;517.5,383.1;469.3,355.2;469.3,299.5
164#514.6,530.1;630.3,444.6;595.1,497.4;537.2,489.9;497.0,459.7;469.3,540.2;562.4,489.9;557.4,384.2;559.9,386.7;562.4,331.4;577.5,422.0;610.2,419.5;597.6,384.2;517.1,386.7;464.3,364.1;469.3,308.8
165#584.1,528.1;609.3,496.5;592.5,498.6;541.9,492.3;495.6,467.1;468.3,545.0;567.2,494.4;558.8,389.2;558.8,380.7;560.9,332.3;571.4,410.2;609.3,418.6;596.7,387.1;514.6,387.1;464.0,368.1;463.0,318.6
166#513.1,529.9;543.3,477.2;596.0,494.7;533.2,489.7;493.0,469.6;467.9,552.5;563.4,494.7;555.8,386.7;555.8,384.2;563.4,331.5;623.7,366.6;618.6,406.8;596.0,384.2;515.7,384.2;462.9,374.2;467.9,323.9
167#576.3,532.3;546.6,480.4;593.6,490.3;534.3,487.9;489.8,478.0;467.6,559.5;563.9,487.9;559.0,384.1;559.0,381.6;563.9,329.7;618.3,371.7;630.7,411.3;598.5,384.1;514.5,381.6;462.6,379.1;470.1,329.7
168#551.4,542.5;541.6,503.2;595.6,483.5;539.1,481.1;492.5,486.0;467.9,564.6;566.1,481.1;558.8,385.3;561.2,382.9;567.4,327.6;630.0,378.0;632.4,417.3;603.0,382.9;514.6,380.4;463.0,385.3;467.9,338.7
169#562.5,542.7;543.4,492.5;593.6,480.6;541.0,478.2;490.8,497.3;466.9,569.0;567.3,480.6;562.5,382.5;562.5,377.8;568.5,326.4;629.4,387.3;636.6,420.8;605.5,380.1;519.5,380.1;464.5,389.7;469.3,344.3
170#565.5,546.1;546.4,495.9;594.2,481.6;539.2,474.4;493.8,500.7;469.9,572.4;567.9,479.2;563.1,378.8;565.5,374.0;566.7,327.4;587.0,414.6;637.2,421.8;608.5,376.4;520.1,378.8;465.1,393.1;465.1,352.5
171#574.2,553.4;576.6,494.4;598.7,472.3;542.2,474.7;495.5,496.8;473.4,573.0;571.7,474.7;564.3,374.0;564.3,369.1;570.5,323.6;591.4,410.8;638.1,420.7;608.6,369.1;520.1,374.0;466.1,398.6;466.1,356.8
172#574.7,556.7;574.7,492.6;603.1,468.9;546.2,468.9;498.7,490.3;477.4,568.6;577.0,468.9;565.2,371.6;565.2,362.1;568.7,325.4;603.1,407.2;645.9,407.2;610.3,366.9;520.1,374.0;467.9,402.5;465.5,364.5
173#574.0,570.1;576.5,494.6;610.6,467.8;557.0,465.3;498.5,482.4;483.8,560.4;583.8,467.8;566.7,370.3;566.7,358.1;565.5,322.7;615.5,394.6;659.3,394.6;613.0,365.4;518.0,372.7;471.7,406.8;466.8,370.3
174#571.2,577.2;576.1,500.3;612.1,466.6;556.8,464.2;499.1,473.9;494.3,550.8;585.7,464.2;568.8,370.5;568.8,358.5;565.2,323.6;609.7,394.5;669.8,387.3;616.9,363.3;520.8,372.9;472.7,411.3;467.9,377.7
175#570.6,583.9;575.5,504.6;615.2,462.4;560.7,464.9;501.2,464.9;506.1,544.2;587.9,464.9;570.6,368.3;568.1,355.9;566.9,322.4;597.9,407.9;622.6,405.4;617.7,360.8;521.0,373.2;476.4,415.4;469.0,385.6
176#571.2,588.8;578.7,513.9;613.7,461.4;556.2,466.4;503.8,454.0;516.3,531.3;586.2,463.9;566.2,366.6;566.2,354.1;565.0,320.4;598.7,406.5;626.1,394.1;611.2,356.6;523.8,371.6;483.9,419.0;471.4,391.6
177#573.1,594.9;583.6,529.2;604.6,460.8;554.7,458.2;507.4,455.6;525.8,523.9;581.0,460.8;567.8,366.2;567.8,358.3;566.5,314.9;633.6,466.1;625.7,408.3;612.5,355.7;520.5,374.1;486.3,424.0;470.6,400.4
178#573.2,606.4;588.0,535.5;602.8,464.7;546.7,461.7;520.1,464.7;526.0,506.0;576.2,464.7;567.3,364.3;567.3,361.3;568.8,306.7;605.7,449.9;632.3,414.5;617.5,349.5;520.1,370.2;487.6,423.3;469.9,405.6
179#576.2,613.8;591.9,544.9;591.9,463.4;538.6,463.4;588.8,535.5;573.1,610.7;563.7,463.4;566.8,360.0;566.8,356.9;565.3,295.8;627.9,289.6;660.8,316.2;613.8,350.6;519.8,369.4;482.2,425.8;469.7,416.4
180#580.1,619.7;596.4,545.0;593.1,460.6;537.9,457.3;524.9,450.8;609.3,496.3;567.1,460.6;563.9,356.6;563.9,353.4;563.9,291.7;643.4,277.1;654.8,304.7;612.6,346.9;518.4,366.4;479.4,424.9;466.4,421.6
181#581.3,625.5;595.0,546.7;588.1,461.0;536.7,457.6;523.0,447.3;523.0,611.8;564.1,457.6;564.1,351.4;564.1,348.0;560.7,289.8;641.2,264.1;653.2,300.0;612.1,337.7;516.2,361.7;475.1,426.8;464.8,430.2
182#588.6,625.3;591.9,551.4;591.9,460.6;541.5,447.2;524.7,437.1;625.5,511.0;565.0,457.2;561.7,349.7;561.7,343.0;558.3,285.8;605.4,433.7;652.4,306.0;608.7,336.2;511.3,356.4;470.9,420.3;467.6,437.1
183#590.2,619.8;590.2,548.8;590.2,454.2;539.5,444.1;607.1,461.0;627.4,525.2;566.6,450.9;556.4,346.1;556.4,339.3;559.8,281.9;593.6,390.0;617.2,396.8;600.3,336.0;509.1,352.9;471.9,403.5;461.8,447.5
184#588.0,614.5;591.4,543.8;588.0,452.9;534.1,446.1;517.3,436.0;608.2,530.3;561.1,449.5;550.9,341.8;550.9,338.4;556.0,276.1;584.6,392.3;608.2,388.9;594.7,331.7;507.2,348.5;466.8,399.0;460.0,442.8
185#586.4,605.6;596.4,538.8;586.4,448.6;529.5,445.2;509.5,435.2;469.4,485.3;556.3,448.6;552.9,341.6;552.9,338.3;557.9,276.5;583.0,391.8;599.7,385.1;596.4,331.6;506.2,345.0;459.4,391.8;469.4,421.8
186#589.7,601.3;600.7,521.7;581.4,446.0;526.4,443.9;521.1,439.4;489.6,495.5;552.6,446.0;552.2,338.4;552.2,335.2;556.5,275.4;596.5,378.0;606.9,376.8;595.9,329.8;506.6,340.6;469.1,385.1;482.5,408.5
187#593.0,597.0;605.0,504.6;576.4,443.4;523.3,442.5;532.7,443.6;509.8,505.8;548.9,443.4;551.6,335.2;551.6,332.1;555.2,274.2;610.0,364.2;614.1,368.5;595.5,328.1;506.9,336.1;478.8,378.4;495.5,395.2
188#596.4,592.6;609.3,487.6;571.5,440.8;520.2,441.2;544.2,447.9;530.0,516.0;545.1,440.8;550.9,332.1;550.9,329.0;553.8,273.1;623.5,350.4;621.3,360.1;595.0,326.3;507.3,331.7;488.6,371.8;508.6,382.0
189#599.7,588.3;613.6,470.5;566.5,438.2;517.1,439.8;555.8,452.1;550.2,526.3;541.4,438.2;550.3,328.9;550.3,325.9;552.5,271.9;637.0,336.6;628.5,351.8;594.6,324.6;507.6,327.2;498.3,365.1;521.6,368.7
190#603.0,584.0;617.9,453.4;561.5,435.6;514.0,438.5;567.4,456.3;570.4,536.5;537.7,435.6;549.6,325.7;549.6,322.8;551.1,270.8;650.5,322.8;635.7,343.5;594.1,322.8;508.0,322.8;508.0,358.4;534.7,355.4
191#600.7,587.2;620.9,434.8;574.8,431.9;517.3,437.6;560.4,469.3;571.9,547.0;543.2,437.6;551.8,322.6;551.8,311.1;547.5,278.0;664.0,328.3;646.7,351.3;595.0,322.6;508.7,322.6;508.7,362.8;540.3,339.8
192#602.3,579.8;619.3,436.9;577.6,427.9;520.6,433.2;559.5,468.4;570.1,546.6;546.5,433.2;555.8,319.1;556.0,307.7;553.1,273.6;664.3,327.5;650.0,349.9;598.9,319.5;513.0,318.5;511.5,359.2;538.1,338.3
193#603.9,572.3;617.7,439.0;580.4,423.8;524.0,428.8;558.7,467.4;568.3,546.3;549.7,428.8;559.8,315.6;560.3,304.2;558.7,269.2;664.5,326.7;653.3,348.6;602.8,316.5;517.3,314.3;514.3,355.6;535.9,336.8
194#605.5,564.9;616.1,441.1;583.2,419.8;527.3,424.5;557.8,466.5;566.5,545.9;553.0,424.5;563.8,312.1;564.5,300.8;564.3,264.8;664.8,325.9;656.6,347.2;606.8,313.4;521.7,310.2;517.1,352.0;533.6,335.2
195#607.1,557.5;614.5,443.2;586.0,415.8;530.7,420.1;556.9,465.6;564.7,545.6;556.2,420.1;567.9,308.6;568.7,297.4;569.8,260.4;665.0,325.1;659.9,345.8;610.7,310.4;526.0,306.0;519.9,348.3;531.4,333.7
196#608.7,550.0;612.9,445.3;588.8,411.8;534.0,415.7;556.1,464.6;562.9,545.2;559.5,415.7;571.9,305.2;573.0,294.0;575.4,256.0;665.3,324.3;663.2,344.4;614.6,307.3;530.3,301.9;522.7,344.7;529.2,332.2
197#610.3,542.6;611.3,447.4;591.6,407.8;537.4,411.3;555.2,463.7;561.1,544.9;562.7,411.3;575.9,301.7;577.2,290.6;581.0,251.6;665.5,323.5;666.5,343.1;618.5,304.3;534.6,297.7;525.5,341.1;527.0,330.7
198#611.9,535.2;609.7,449.5;594.4,403.7;540.7,406.9;554.3,462.8;559.3,544.5;566.0,406.9;579.9,298.2;581.4,287.1;586.6,247.2;665.8,322.7;669.8,341.7;622.4,301.2;538.9,293.6;528.3,337.5;524.8,329.1
199#613.5,527.8;608.1,451.6;597.2,399.7;544.1,402.6;553.4,461.9;557.5,544.2;569.2,402.6;583.9,294.7;585.6,283.7;592.2,242.8;666.0,321.9;673.1,340.3;626.4,298.2;543.3,289.4;531.1,333.9;522.5,327.6
200#615.2,520.3;606.4,453.6;599.9,395.7;547.4,398.2;552.6,460.9;555.6,543.8;572.5,398.2;587.9,291.2;589.9,280.3;597.8,238.5;666.3,321.0;676.3,338.9;630.3,295.1;547.6,285.3;533.9,330.3;520.3,326.1
201#616.8,512.9;604.8,455.7;602.7,391.6;550.7,393.8;551.7,460.0;553.8,543.4;575.7,393.8;591.9,287.7;594.1,276.9;603.4,234.1;666.6,320.2;679.6,337.6;634.2,292.0;551.9,281.2;536.7,326.7;518.1,324.6
202#618.4,505.5;603.2,457.8;605.5,387.6;554.1,389.4;550.8,459.1;552.0,543.1;579.0,389.4;595.9,284.2;598.3,273.4;609.0,229.7;666.8,319.4;682.9,336.2;638.1,289.0;556.2,277.0;539.5,323.1;515.9,323.0
203#620.0,498.0;601.6,459.9;608.3,383.6;557.4,385.0;550.0,458.1;550.2,542.7;582.2,385.0;600.0,280.7;602.6,270.0;614.5,225.3;667.1,318.6;686.2,334.8;642.0,285.9;560.5,272.9;542.3,319.4;513.7,321.5
204#621.6,490.6;600.0,462.0;611.1,379.6;560.8,380.6;549.1,457.2;548.4,542.4;585.5,380.6;604.0,277.3;606.8,266.6;620.1,220.9;667.3,317.8;689.5,333.4;645.9,282.9;564.8,268.7;545.1,315.8;511.5,320.0
205#623.2,483.2;598.4,464.1;613.9,375.5;564.1,376.3;548.2,456.3;546.6,542.0;588.7,376.3;608.0,273.8;611.0,263.2;625.7,216.5;667.6,317.0;692.8,332.1;649.9,279.8;569.2,264.6;547.9,312.2;509.2,318.4
206#624.8,475.7;596.8,466.2;616.7,371.5;567.5,371.9;547.4,455.3;544.8,541.7;592.0,371.9;612.0,270.3;615.3,259.7;631.3,212.1;667.8,316.2;696.1,330.7;653.8,276.8;573.5,260.4;550.7,308.6;507.0,316.9
207#626.4,468.3;595.2,468.3;619.5,367.5;570.8,367.5;546.5,454.4;543.0,541.3;595.2,367.5;616.0,266.8;619.5,256.3;636.9,207.7;668.1,315.4;699.4,329.3;657.7,273.7;577.8,256.3;553.5,305.0;504.8,315.4
208#597.3,468.5;608.7,407.6;627.8,369.5;578.3,361.9;544.1,453.2;544.1,533.1;601.1,369.5;620.1,263.0;620.1,259.2;639.2,205.9;684.8,301.1;711.5,323.9;662.0,274.4;582.1,251.6;559.3,308.7;555.5,152.7
209#594.9,474.0;610.4,410.9;631.0,373.1;580.0,364.7;540.3,440.2;545.9,519.3;604.2,369.7;625.9,263.8;625.9,259.0;639.8,204.3;687.0,284.7;717.2,308.9;666.2,274.8;587.0,251.7;554.9,278.5;556.9,159.9
210#592.6,479.5;612.1,414.2;634.3,376.7;581.7,367.4;536.5,427.1;547.8,505.6;607.3,370.0;631.7,264.6;631.7,258.9;640.3,202.8;689.3,268.3;723.0,293.9;670.4,275.1;592.0,251.8;550.6,248.3;558.4,167.0
211#590.2,485.0;613.8,417.5;637.5,380.3;583.4,370.2;532.7,414.1;549.6,491.8;610.4,370.2;637.5,265.4;637.5,258.7;640.9,201.2;691.5,251.9;728.7,278.9;674.6,275.5;596.9,251.9;546.2,218.1;559.8,174.2
212#593.1,497.1;618.9,419.9;647.4,377.1;593.1,365.7;530.3,402.8;553.1,477.1;618.9,374.2;641.7,262.8;644.6,259.9;644.6,202.8;698.9,225.6;730.3,262.8;684.6,274.2;604.6,251.4;550.3,222.8;560.3,192.8
213#590.3,501.6;621.7,433.2;647.3,381.9;590.3,370.5;530.4,387.6;558.9,461.7;621.7,373.3;647.3,265.0;647.3,262.1;647.3,205.1;704.4,207.9;730.0,250.7;690.1,270.7;607.4,253.6;553.2,230.7;566.1,189.4
214#589.9,517.1;626.9,443.0;651.6,381.3;599.1,369.0;537.4,375.2;562.1,446.1;623.8,378.2;651.6,261.0;651.6,261.0;648.5,202.3;710.2,199.3;731.8,242.5;694.8,267.1;608.4,254.8;559.0,236.3;582.1,185.4
215#594.2,521.8;630.5,446.4;654.9,378.3;602.9,366.4;542.8,364.7;566.5,437.5;628.0,375.1;652.2,259.9;652.2,259.9;648.7,199.9;713.2,203.9;736.5,245.8;695.5,264.1;609.6,254.3;561.4,244.2;579.9,197.4
216#598.4,526.5;634.0,449.8;658.2,375.3;606.6,363.8;548.1,354.2;571.0,428.9;632.2,372.0;652.8,258.8;652.8,258.8;649.0,197.5;716.2,208.4;741.2,249.1;696.2,261.1;610.8,253.8;563.8,252.1;577.6,209.4
217#602.7,531.1;637.6,453.2;661.5,372.2;610.4,361.3;553.5,343.6;575.4,420.3;636.3,369.0;653.5,257.8;653.5,257.8;649.2,195.0;719.1,213.0;745.9,252.3;696.9,258.2;612.1,253.2;566.1,259.9;575.4,221.5
218#606.9,535.8;641.1,456.6;664.8,369.2;614.1,358.7;558.8,333.1;579.9,411.7;640.5,365.9;654.1,256.7;654.1,256.7;649.5,192.6;722.1,217.5;750.6,255.6;697.6,255.2;613.3,252.7;568.5,267.8;573.1,233.5
219#611.2,540.5;644.7,460.0;668.1,366.2;617.9,356.1;564.2,322.6;584.3,403.1;644.7,362.8;654.7,255.6;654.7,255.6;649.7,190.2;725.1,222.1;755.3,258.9;698.3,252.2;614.5,252.2;570.9,275.7;570.9,245.5
220#618.5,526.8;656.7,449.9;672.2,364.5;621.2,354.8;566.8,332.9;585.6,414.1;647.5,360.1;656.6,253.7;656.6,251.0;653.4,191.3;725.4,230.2;755.6,265.0;701.3,250.4;614.6,250.4;570.5,279.0;573.2,252.2
221#625.8,513.1;668.8,439.7;676.3,362.8;624.4,353.5;569.4,343.2;586.9,425.2;650.3,357.5;658.5,251.8;658.5,246.4;657.1,192.4;725.7,238.2;755.8,271.2;704.2,248.7;614.8,248.7;570.1,282.4;575.5,258.8
222#633.2,499.3;680.8,429.6;680.4,361.1;627.7,352.1;571.9,353.4;588.1,436.2;653.1,354.8;660.3,249.9;660.3,241.7;660.8,193.6;726.1,246.3;756.1,277.3;707.2,246.9;614.9,246.9;569.7,285.7;577.9,265.5
223#640.5,485.6;692.9,419.4;684.5,359.4;630.9,350.8;574.5,363.7;589.4,447.3;655.9,352.2;662.2,248.0;662.2,237.1;664.5,194.7;726.4,254.3;756.3,283.5;710.1,245.2;615.1,245.2;569.3,289.1;580.2,272.1
224#647.8,471.9;704.9,409.3;688.6,357.7;634.2,349.5;577.1,374.0;590.7,458.3;658.7,349.5;664.1,246.1;664.1,232.5;668.2,195.8;726.7,262.4;756.6,289.6;713.1,243.4;615.2,243.4;568.9,292.4;582.5,278.8
225#640.2,480.0;721.1,397.2;691.3,354.9;634.3,347.4;580.2,383.4;590.4,467.0;661.1,348.8;668.0,243.8;668.0,230.1;672.1,194.5;726.2,265.2;759.9,289.1;716.7,243.2;619.3,240.4;568.4,285.6;587.0,271.9
226#632.7,488.1;737.2,385.1;694.0,352.2;634.4,345.3;583.3,392.7;590.1,475.7;663.5,348.1;671.9,241.5;671.9,227.7;676.0,193.2;725.7,267.9;763.1,288.6;720.2,243.0;623.5,237.3;567.9,278.8;591.6,264.9
227#625.1,496.2;753.4,372.9;696.6,349.4;634.4,343.2;586.4,402.1;589.8,484.3;665.9,347.4;675.7,239.2;675.7,225.3;679.9,191.8;725.1,270.7;766.4,288.1;723.8,242.8;627.6,234.3;567.5,271.9;596.1,257.9
228#617.6,504.3;769.6,360.8;699.3,346.7;634.5,341.1;589.5,411.4;589.5,493.0;668.3,346.7;679.6,236.9;679.6,222.9;683.8,190.5;724.6,273.5;769.6,287.6;727.4,242.6;631.7,231.3;567.0,265.1;600.7,251.0
229#664.0,472.1;776.6,350.9;701.1,344.5;638.5,340.8;600.3,418.3;591.2,498.3;670.2,345.6;684.9,233.5;684.9,222.2;688.2,187.8;739.4,268.2;776.6,280.6;732.1,239.4;638.7,228.8;573.1,253.4;606.8,234.8
230#710.5,439.8;783.6,340.9;703.0,342.4;642.6,340.5;611.2,425.3;592.8,503.5;672.2,344.4;690.3,230.2;690.3,221.4;692.7,185.1;754.3,262.8;783.6,273.7;736.9,236.2;645.7,226.3;579.2,241.6;612.9,218.5
231#756.9,407.6;790.6,331.0;704.8,340.2;646.6,340.2;622.0,432.2;594.5,508.8;674.1,343.3;695.6,226.8;695.6,220.7;697.1,182.4;769.1,257.5;790.6,266.7;741.6,233.0;652.7,223.8;585.3,229.9;619.0,202.3
232#768.8,410.0;795.3,326.9;709.0,336.9;652.5,336.9;622.6,433.2;599.3,506.3;682.4,336.9;699.0,223.9;699.0,223.9;705.6,164.1;782.0,243.9;782.0,247.2;742.2,230.6;652.5,220.6;596.0,217.3;635.9,177.4
233#652.7,517.8;799.0,329.6;724.4,335.6;661.6,335.6;625.8,419.2;604.9,499.8;688.5,335.6;703.5,222.1;703.5,225.1;710.9,178.8;733.3,228.1;742.3,269.9;745.3,228.1;661.6,219.1;610.9,207.2;651.2,178.8
234#793.3,422.4;800.6,338.3;731.1,338.3;665.2,338.3;621.3,418.8;621.3,502.9;694.5,349.3;709.1,228.5;709.1,224.9;712.8,166.4;745.7,181.0;742.1,257.8;749.4,232.2;668.9,224.9;625.0,202.9;657.9,159.0
235#799.3,428.8;805.5,344.3;736.4,340.4;671.2,341.4;625.4,414.5;631.2,496.9;700.5,351.4;710.6,231.5;710.6,227.0;713.1,169.3;746.3,190.1;745.2,260.6;751.4,233.7;670.1,228.7;629.7,212.7;662.1,171.0
236#805.4,435.2;810.3,350.3;741.8,342.5;677.1,344.4;629.5,410.3;641.2,490.8;706.4,353.4;712.0,234.6;712.0,229.2;713.4,172.3;746.9,199.1;748.3,263.4;753.3,235.1;671.3,232.6;634.5,222.4;666.2,183.1
237#811.4,441.6;815.2,356.3;747.1,344.5;683.1,347.5;633.5,406.0;651.1,484.8;712.4,355.5;713.5,237.6;713.5,231.3;713.6,175.2;747.5,208.2;751.4,266.2;755.3,236.6;672.6,236.4;639.2,232.2;670.4,195.1
238#817.4,448.0;820.1,362.3;752.4,346.6;689.0,350.6;637.6,401.8;661.1,478.7;718.4,357.6;715.0,240.6;715.0,233.4;713.9,178.2;748.1,217.3;754.5,269.0;757.3,238.1;673.8,240.3;643.9,241.9;674.6,207.1
239#823.4,454.4;825.0,368.3;757.8,348.7;695.0,353.6;641.7,397.5;671.0,472.7;724.4,359.6;716.5,243.7;716.5,235.6;714.2,181.1;748.7,226.3;757.6,271.8;759.2,239.6;675.0,244.1;648.6,251.7;678.8,219.2
240#829.5,460.8;829.8,374.2;763.1,350.8;700.9,356.7;645.8,393.3;681.0,466.6;730.3,361.7;717.9,246.7;717.9,237.7;714.5,184.1;749.2,235.4;760.8,274.7;761.2,241.0;676.2,248.0;653.4,261.4;682.9,231.2
241#835.5,467.2;834.7,380.2;768.5,352.9;706.9,359.7;649.9,389.0;690.9,460.6;736.3,363.7;719.4,249.8;719.4,239.9;714.8,187.0;749.8,244.4;763.9,277.5;763.1,242.5;677.4,251.8;658.1,271.2;687.1,243.3
242#841.5,473.6;839.6,386.2;773.8,355.0;712.8,362.8;654.0,384.8;700.9,454.5;742.3,365.8;720.9,252.8;720.9,242.0;715.1,190.0;750.4,253.5;767.0,280.3;765.1,244.0;678.6,255.7;662.8,280.9;691.3,255.3
243#847.5,480.0;844.5,392.2;779.1,357.0;718.8,365.9;658.0,380.5;710.8,448.5;748.3,367.9;722.4,255.8;722.4,244.1;715.3,192.9;751.0,262.6;770.1,283.1;767.1,245.5;679.9,259.5;667.5,290.7;695.5,267.3
244#853.6,486.4;849.3,398.2;784.5,359.1;724.8,368.9;662.1,376.2;720.8,442.4;754.2,369.9;723.8,258.9;723.8,246.3;715.6,195.8;751.6,271.6;773.2,285.9;769.0,246.9;681.1,263.4;672.3,300.5;699.6,279.4
245#859.6,492.8;854.2,404.2;789.8,361.2;730.7,372.0;666.2,372.0;730.7,436.4;760.2,372.0;725.3,261.9;725.3,248.4;715.9,198.8;752.2,280.7;776.3,288.7;771.0,248.4;682.3,267.2;677.0,310.2;703.8,291.4
246#859.6,489.0;859.6,401.7;788.2,362.1;730.0,372.6;669.2,380.6;732.7,446.7;759.1,370.0;727.4,258.9;727.4,251.0;718.1,202.1;759.1,290.7;780.3,280.1;769.7,248.3;685.1,266.9;679.8,317.1;703.6,293.3
247#859.9,484.8;862.7,397.9;789.4,365.3;726.9,376.2;675.3,389.8;735.1,460.4;762.2,365.3;726.9,262.2;726.9,254.0;720.1,201.1;759.5,289.3;786.6,273.0;770.4,248.6;683.5,273.0;678.1,321.9;697.1,297.5
248#863.7,478.6;866.5,394.0;787.5,363.0;725.5,374.2;680.3,399.6;736.7,473.0;756.5,365.8;728.3,261.4;728.3,255.8;721.2,195.2;762.1,289.6;796.0,278.4;770.6,247.3;683.2,272.7;677.5,326.3;688.8,298.1
249#866.6,474.1;872.2,387.3;788.2,364.9;729.4,376.1;684.6,406.9;740.6,482.5;754.6,367.7;729.4,261.3;729.4,255.7;725.2,198.3;763.0,283.7;799.4,280.9;774.2,247.3;684.6,272.5;673.4,328.5;687.4,300.5
250#872.4,466.3;875.3,381.8;787.9,358.5;726.8,370.2;688.9,413.9;741.3,489.6;753.0,367.3;729.7,259.5;729.7,253.7;728.2,194.0;770.5,282.8;808.3,279.9;776.3,245.0;686.0,268.2;665.6,329.4;686.0,297.4
251#872.3,455.4;875.2,370.3;793.1,361.5;722.7,373.3;693.3,417.3;743.2,496.5;757.9,367.4;734.4,255.9;734.4,250.1;732.9,195.8;775.5,279.4;813.6,279.4;778.4,247.1;687.5,267.7;658.1,323.4;681.6,297.0
252#869.8,443.8;878.8,362.5;788.6,353.5;725.4,365.5;701.3,428.7;743.4,506.9;761.5,362.5;737.4,254.3;737.4,248.2;738.9,192.6;782.5,275.3;821.6,275.3;782.5,245.2;692.3,263.3;647.2,314.4;680.3,302.4
253#865.3,431.1;874.4,349.4;792.7,352.5;726.2,364.5;708.1,437.1;741.3,512.7;756.4,364.5;738.3,252.7;738.3,246.6;739.8,193.7;792.7,264.8;835.1,270.8;786.7,246.6;689.9,258.7;638.5,304.1;677.8,307.1
254#856.7,417.6;872.3,339.4;787.9,355.0;725.3,367.6;719.0,448.9;744.0,520.9;759.7,364.4;740.9,251.8;740.9,245.5;742.5,190.8;797.2,251.8;844.2,261.2;791.0,245.5;690.9,254.9;634.5,292.5;662.7,276.8
255#842.3,407.5;870.8,328.1;788.3,356.7;724.8,369.4;728.0,458.3;743.9,528.1;759.8,359.9;743.9,248.8;743.9,242.4;748.7,193.2;689.9,331.3;851.8,252.0;791.5,242.4;693.1,252.0;629.6,277.4;661.4,264.7
256#774.2,537.4;786.9,454.5;786.9,355.6;729.5,358.8;735.9,457.7;742.3,531.0;758.2,358.8;748.6,244.0;748.6,240.8;750.2,191.4;697.6,346.1;860.3,244.0;799.7,234.4;697.6,247.2;627.4,266.3;646.6,240.8
257#822.3,382.5;855.4,309.7;782.5,356.0;726.2,369.3;739.5,455.4;736.2,531.6;759.3,359.3;749.4,243.4;749.4,240.1;747.8,185.4;693.1,349.4;862.0,240.1;795.8,240.1;703.0,243.4;626.8,250.0;643.4,207.0
258#735.7,531.6;846.9,306.0;786.3,353.1;732.4,366.6;735.7,460.9;732.4,531.6;759.3,353.1;749.2,242.0;749.2,242.0;747.5,176.4;833.4,194.9;863.7,231.9;799.7,238.7;702.1,242.0;631.4,235.3;634.7,194.9
259#779.3,527.0;789.4,452.9;782.6,341.8;735.5,351.9;732.1,456.3;735.5,530.3;762.4,345.1;748.9,240.8;748.9,240.8;752.3,180.1;698.4,362.0;856.7,230.7;792.7,237.4;705.2,237.4;634.5,223.9;626.0,175.1
260#788.9,522.3;782.1,437.7;785.5,343.1;734.8,353.2;724.6,444.5;741.5,525.7;758.5,346.5;748.3,238.3;748.3,241.7;748.3,180.8;694.2,366.8;853.1,234.9;792.3,234.9;704.4,238.3;636.7,221.4;621.5,172.4
261#798.1,512.0;768.3,429.0;788.2,342.6;741.7,352.6;718.5,435.6;745.0,518.6;761.6,349.3;748.3,239.7;748.3,243.0;748.3,183.3;698.5,369.2;851.3,236.4;794.8,236.4;705.2,239.7;638.8,219.8;618.8,176.6
262#807.0,498.3;763.0,426.1;794.4,344.4;753.6,347.6;712.7,426.1;747.3,504.6;775.6,347.6;747.3,240.8;747.3,243.9;747.3,187.4;850.9,221.9;857.2,247.1;791.3,237.6;706.5,240.8;637.4,228.2;621.7,184.3
263#815.8,485.9;764.4,421.7;799.8,341.4;758.0,347.8;709.9,408.9;748.4,489.1;780.5,344.6;748.4,245.1;748.4,245.1;745.2,187.3;767.7,267.6;799.8,270.8;793.3,241.9;706.7,245.1;636.0,238.7;616.7,193.7
264#765.0,406.6;738.3,371.0;806.5,344.4;756.1,344.4;708.7,400.7;747.2,471.8;779.8,347.3;747.2,249.5;747.2,246.5;744.3,190.2;765.0,273.2;794.7,273.2;788.7,243.6;702.8,249.5;634.6,246.5;616.8,202.0
265#765.7,419.3;776.7,381.0;809.5,348.1;754.8,348.1;710.9,391.9;749.3,457.7;784.9,348.1;749.3,252.3;746.5,249.6;741.1,194.8;773.9,282.4;795.8,274.2;790.3,246.8;705.5,252.3;634.3,255.0;617.8,208.5
266#768.1,433.7;787.8,372.2;810.0,350.0;758.2,350.0;706.5,372.2;745.9,441.1;787.8,350.0;745.9,253.9;745.9,249.0;741.0,197.3;768.1,281.0;790.3,276.1;792.7,249.0;704.1,256.4;632.6,261.3;617.9,217.0
267#766.5,440.0;787.8,371.2;806.8,349.9;754.6,349.9;707.2,361.7;740.4,425.8;778.3,349.9;747.5,257.4;747.5,252.7;740.4,200.5;849.5,302.5;830.5,274.0;794.9,252.7;704.8,259.8;633.7,266.9;619.5,226.6
268#762.3,447.2;788.9,386.8;803.4,348.2;745.4,348.2;711.6,348.2;711.6,425.5;774.4,348.2;747.8,258.8;747.8,254.0;738.1,203.2;851.7,309.5;832.4,285.4;796.1,254.0;701.9,261.2;636.7,273.3;619.7,234.6
269#761.8,457.3;791.0,391.7;800.7,343.0;742.4,343.0;718.1,352.8;735.1,406.3;771.6,345.5;749.7,260.4;749.7,255.5;742.4,202.0;849.4,313.8;829.9,289.5;795.9,255.5;703.5,262.8;635.4,279.8;618.4,243.3
270#758.2,465.9;787.0,403.4;796.6,348.2;741.4,345.8;724.6,369.8;739.0,413.0;767.8,348.2;753.4,259.4;751.0,254.6;747.4,207.8;849.4,314.6;832.6,295.4;796.6,257.0;703.0,264.2;640.6,285.8;621.4,249.8
271#758.3,474.1;785.9,413.8;801.0,351.0;745.7,348.5;745.7,418.8;728.1,403.8;768.3,348.5;753.3,260.5;753.3,255.4;747.0,206.4;851.3,315.8;833.7,300.7;801.0,258.0;708.0,263.0;645.2,290.6;622.5,258.0
272#759.2,486.9;782.6,414.3;795.5,349.5;738.5,341.7;722.9,403.9;704.8,466.2;764.4,346.9;756.6,258.7;756.6,253.5;752.8,202.9;852.6,349.5;839.6,310.6;803.3,258.7;712.5,258.7;647.7,292.4;621.8,266.5
273#760.6,496.4;780.1,432.1;788.5,342.7;738.2,340.0;721.5,409.8;704.7,474.0;763.4,340.0;760.6,256.2;760.6,250.6;753.6,201.7;855.5,356.7;838.8,312.0;808.0,259.0;715.9,256.2;651.6,289.7;623.7,278.5
274#764.2,507.5;781.8,434.0;784.8,343.0;731.9,340.0;720.2,416.4;702.5,484.0;758.3,340.0;767.2,254.8;764.2,249.0;762.8,197.6;855.3,360.6;837.7,319.5;814.2,257.8;720.2,249.0;667.3,281.3;626.2,284.2
275#766.5,512.6;781.5,434.6;781.5,341.5;724.5,335.5;733.5,374.6;715.5,434.6;751.5,338.5;769.5,251.5;769.5,242.5;771.0,189.9;853.6,359.5;835.6,317.5;817.6,254.5;718.5,245.5;670.5,275.5;625.4,290.5
276#770.0,519.4;779.1,437.5;779.1,343.4;721.4,334.3;733.6,376.8;718.4,449.6;748.8,337.3;770.0,246.2;770.0,237.1;780.6,187.1;806.4,313.0;839.8,313.0;818.6,249.3;718.4,240.2;669.8,270.5;630.4,291.8
277#770.2,517.7;782.9,431.7;770.2,339.3;716.0,336.1;735.1,380.7;719.2,457.1;744.7,336.1;770.2,240.5;770.2,234.2;781.3,181.6;805.2,326.5;840.3,313.8;818.0,246.9;719.2,237.3;658.7,262.8;636.4,272.4
278#768.0,515.1;784.7,431.7;768.0,341.6;714.6,334.9;734.6,391.6;718.0,471.8;738.0,334.9;774.7,238.1;774.7,231.4;786.4,173.0;821.4,334.9;841.5,311.5;824.8,248.1;724.6,231.4;671.2,251.5;637.8,264.8
279#764.1,508.6;794.6,424.0;767.5,342.7;709.9,335.9;737.0,403.6;716.7,481.5;740.4,335.9;774.2,237.7;774.2,230.9;786.1,168.3;831.8,346.1;838.6,308.8;821.7,247.8;723.4,227.5;648.9,247.8;632.0,322.4
280#763.9,499.8;802.7,422.2;767.2,338.2;712.2,335.0;734.8,402.8;715.4,490.1;738.1,338.2;773.6,234.7;776.8,225.1;791.4,174.9;831.8,344.7;838.3,309.1;822.1,244.4;725.1,221.8;654.0,228.3;663.7,225.1
281#763.5,491.5;809.5,415.9;770.1,337.0;714.2,330.4;730.6,415.9;717.5,504.7;740.5,337.0;770.1,231.8;773.4,218.7;781.6,180.9;829.2,337.0;835.8,307.4;819.4,241.7;720.8,222.0;645.2,222.0;671.5,202.2
282#765.2,487.4;811.2,416.7;765.2,331.9;715.8,328.4;722.8,423.8;715.8,512.1;740.5,328.4;772.3,229.4;772.3,225.9;788.2,164.1;828.8,339.0;835.9,303.6;818.2,240.0;722.8,215.3;655.7,204.7;684.0,172.9
283#770.9,487.9;815.1,414.3;767.2,333.3;719.3,329.6;715.7,429.0;715.7,517.3;737.8,333.3;767.2,226.5;770.9,222.8;785.6,160.2;822.4,340.6;833.5,303.8;815.1,237.5;723.0,219.1;664.1,186.0;699.1,151.0
284#783.6,495.5;816.2,412.1;765.4,328.6;718.3,328.6;707.4,433.8;711.0,528.1;740.1,328.6;765.4,227.1;765.4,223.5;781.8,160.0;819.8,332.3;834.4,299.6;809.0,238.0;721.9,216.2;685.6,176.3;769.1,314.1
285#794.5,502.6;809.4,413.6;768.6,332.0;720.3,332.0;705.5,439.6;705.5,521.2;742.6,332.0;761.1,228.1;764.9,224.4;777.8,159.5;820.5,324.6;835.3,294.9;801.9,235.6;724.1,224.4;727.8,272.7;761.1,313.5
286#811.0,514.6;803.6,418.2;781.4,333.0;725.8,329.3;707.3,429.4;692.5,522.0;751.7,333.0;759.1,229.3;759.1,225.6;775.8,160.7;818.4,321.9;833.2,296.0;799.9,233.0;722.1,225.6;733.2,273.7;762.9,314.5
