1#NULL
2#NULL
3#NULL
4#NULL
5#NULL
6#NULL
7#NULL
8#NULL
9#NULL
10#NULL
11#NULL
12#NULL
13#NULL
14#NULL
15#NULL
16#NULL
17#NULL
18#NULL
19#NULL
20#694.5,553.1;698.5,486.5;636.0,506.7;581.6,510.7;585.6,496.6;523.2,534.9;609.8,508.7;611.9,409.9;611.9,401.9;614.9,354.5;710.6,377.7;700.5,403.9;648.1,409.9;573.6,407.9;587.7,436.1;605.8,426.1
21#697.5,568.6;685.6,499.1;630.0,507.0;576.4,507.0;532.8,483.2;554.6,540.8;604.2,507.0;606.2,411.8;606.2,399.9;609.2,355.2;713.4,395.9;701.5,417.7;645.9,409.8;562.6,405.8;578.4,439.6;594.3,429.7
22#703.1,581.0;681.4,506.0;620.2,500.1;572.8,500.1;622.2,492.2;566.9,559.3;594.5,502.0;602.4,405.3;604.4,391.4;609.4,364.8;715.0,411.2;689.3,429.0;643.9,407.2;561.0,401.3;570.9,438.8;608.4,438.8
23#702.1,578.1;680.9,502.7;619.7,502.7;560.8,509.8;546.7,505.0;570.2,578.1;591.4,507.4;603.2,403.8;605.6,392.0;611.4,341.3;716.3,425.0;685.6,439.1;648.0,408.5;556.1,392.0;549.0,408.5;586.7,420.2
24#687.4,567.3;675.1,486.1;613.6,498.4;564.5,503.3;552.2,518.1;574.3,591.9;591.5,500.9;611.2,400.1;611.2,390.2;623.5,338.6;716.9,436.9;685.0,441.9;650.5,407.4;574.3,387.8;547.2,373.0;589.0,412.3
25#665.5,547.2;678.5,468.7;623.6,494.9;576.5,497.5;568.7,534.1;579.2,604.7;600.1,497.5;615.8,398.1;621.0,387.6;639.3,335.3;725.6,450.4;689.0,445.2;657.6,408.6;584.4,385.0;566.1,343.2;589.6,348.4
26#657.4,521.2;680.0,459.0;634.8,490.1;586.7,498.6;581.0,549.5;581.0,620.2;612.1,495.8;631.9,391.1;631.9,385.5;657.4,334.6;730.9,464.7;694.1,447.7;665.9,408.1;600.8,371.4;589.5,331.8;643.2,320.4
27#660.1,508.8;685.5,454.9;641.1,486.6;596.7,492.9;587.1,550.0;574.5,629.3;618.9,492.9;647.4,388.3;650.6,381.9;676.0,334.4;736.2,480.3;704.5,454.9;679.1,413.6;618.9,369.2;612.5,324.8;653.8,299.5
28#667.3,529.3;696.6,461.1;647.9,490.3;599.2,493.6;586.2,555.2;586.2,633.2;625.1,490.3;660.9,389.7;664.1,386.4;693.3,337.8;742.0,487.1;712.8,444.9;690.1,409.2;634.9,370.2;628.4,318.3;662.5,297.2
29#670.9,549.9;704.5,485.7;652.6,500.9;606.7,500.9;600.6,537.6;597.6,629.3;631.2,500.9;674.0,387.9;674.0,384.8;701.5,332.8;741.2,485.7;741.2,452.0;707.6,406.2;643.4,366.5;641.9,313.0;660.2,306.9
30#670.8,567.0;705.6,497.3;661.2,490.9;616.9,487.8;607.4,541.6;607.4,620.9;639.1,490.9;683.4,386.3;686.6,386.3;708.8,332.4;743.7,446.6;759.5,440.2;715.1,402.2;654.9,370.5;645.4,316.6;666.0,286.5
31#673.5,589.1;703.7,519.8;679.6,489.7;631.3,486.6;610.2,534.9;622.3,613.2;655.5,489.7;691.6,384.2;691.6,384.2;709.7,332.9;751.9,420.3;776.0,420.3;724.8,402.3;661.5,372.1;649.4,314.9;666.0,295.3
32#677.9,605.9;705.4,534.3;694.4,498.5;644.8,495.8;614.5,517.8;636.6,594.9;666.9,498.5;694.4,382.9;694.4,385.6;705.4,333.3;788.0,407.7;782.5,399.4;724.7,391.1;661.4,377.4;644.8,333.3;671.0,309.9
33#683.2,619.1;708.8,550.8;708.8,502.3;657.5,493.8;611.9,508.0;654.7,573.6;683.2,499.5;697.4,391.2;697.4,385.5;700.3,331.3;740.2,348.4;780.1,379.8;731.6,394.0;663.2,385.5;643.3,354.1;674.6,328.5
34#703.4,630.2;722.8,558.1;717.3,502.7;661.8,494.4;617.5,497.1;670.2,555.3;692.3,502.7;697.9,391.8;697.9,389.0;697.9,333.6;747.8,333.6;775.5,366.9;733.9,394.6;661.8,386.3;650.8,372.4;675.7,347.5
35#722.8,634.5;738.8,551.4;722.8,513.0;671.6,503.4;626.8,490.6;681.2,548.2;697.2,506.6;703.6,397.8;703.6,394.6;700.4,340.2;761.2,327.4;770.8,359.4;735.6,394.6;668.4,397.8;658.8,391.4;678.0,372.2
36#744.5,602.7;753.8,531.5;735.2,516.1;685.7,513.0;648.6,491.3;685.7,553.2;710.5,516.1;707.4,404.7;704.3,398.5;701.2,349.0;766.1,324.2;769.2,361.4;738.3,398.5;673.3,407.8;670.2,407.8;682.6,386.1
37#760.3,578.6;763.2,511.9;740.0,520.6;693.5,517.7;664.5,509.0;702.2,564.1;716.7,517.7;713.8,407.5;713.8,407.5;702.2,358.2;771.9,326.3;771.9,366.9;745.8,404.6;679.0,413.3;673.2,439.4;679.0,407.5
38#766.0,559.3;763.4,495.2;747.4,527.2;696.6,524.6;675.3,519.2;704.6,588.6;723.3,527.2;718.0,420.4;715.3,415.1;710.0,364.4;779.4,335.0;774.1,377.7;752.7,412.4;680.6,425.8;675.3,455.1;677.9,425.8
39#775.7,548.1;769.9,504.1;752.3,530.5;702.4,530.5;687.8,548.1;705.4,615.5;725.9,533.4;722.9,430.8;722.9,422.0;714.1,372.2;793.3,348.7;784.5,372.2;758.1,422.0;684.8,436.7;676.0,474.8;696.6,468.9
40#799.2,554.8;765.4,554.8;756.9,529.4;706.0,535.0;686.3,557.6;706.0,625.4;731.5,537.9;723.0,439.0;723.0,430.6;717.3,379.7;793.6,368.4;796.4,405.1;762.5,430.6;683.5,447.5;680.6,492.7;703.2,484.2
41#784.3,578.2;787.0,516.3;760.1,529.8;709.0,537.9;682.1,559.4;714.4,624.0;733.2,532.5;725.1,443.7;722.4,435.6;714.4,384.4;797.8,392.5;800.5,424.8;760.1,430.2;684.8,454.4;684.8,505.6;706.3,489.4
42#789.1,606.2;791.4,537.9;761.8,544.7;707.1,544.7;684.4,556.1;720.8,613.1;734.5,551.6;725.4,451.4;723.1,442.3;715.1,393.3;800.5,417.2;800.5,440.0;761.8,440.0;684.4,462.8;682.1,508.3;704.9,492.4
43#793.0,627.8;793.0,555.5;761.4,555.5;709.5,555.5;689.2,548.8;720.8,609.7;736.6,555.5;723.0,458.4;723.0,447.2;711.7,399.7;799.8,433.6;799.8,451.7;763.7,447.2;686.9,467.5;671.1,505.9;702.7,512.6
44#796.8,644.7;794.6,571.1;762.2,553.8;708.2,558.2;701.7,545.2;712.5,597.1;734.1,558.2;725.5,460.9;723.3,450.1;707.1,412.2;803.3,454.4;801.1,467.4;762.2,454.4;686.5,467.4;658.4,499.8;690.9,502.0
45#797.0,662.3;794.4,595.1;763.4,561.6;709.1,561.6;722.0,546.0;698.8,590.0;737.5,561.6;722.0,463.4;719.5,458.2;703.9,406.5;802.1,473.7;791.8,489.2;760.8,460.8;680.7,468.5;649.7,491.8;667.8,481.4
46#800.4,674.4;784.7,608.8;766.3,566.8;721.7,566.8;706.0,603.6;708.6,608.8;742.7,566.8;721.7,464.5;719.1,456.7;696.8,405.5;805.6,482.9;789.9,490.8;761.0,461.9;679.7,467.2;650.9,475.0;674.5,493.4
47#798.9,678.3;787.2,605.6;766.9,562.1;720.4,567.9;726.2,588.2;708.8,623.1;743.6,562.1;723.3,466.1;720.4,457.4;703.0,410.9;810.5,501.0;793.0,503.9;761.1,466.1;682.6,469.1;659.4,457.4;673.9,428.4
48#791.5,670.9;791.5,597.9;766.3,555.7;724.1,558.5;732.6,581.0;715.7,640.0;743.8,555.7;726.9,468.7;724.1,460.2;707.3,412.5;808.4,516.4;797.2,513.6;766.3,468.7;690.4,468.7;662.3,451.8;670.8,415.3
49#786.7,658.8;791.8,592.1;763.7,553.7;722.7,556.3;740.6,602.4;730.3,635.7;743.2,556.3;735.5,469.1;732.9,461.5;717.5,410.2;814.9,533.2;797.0,512.7;773.9,471.7;697.0,466.6;666.3,453.8;679.1,423.0
50#782.7,634.7;796.2,573.9;771.4,553.7;730.9,558.2;735.4,589.7;737.6,646.0;751.1,555.9;746.6,472.6;742.1,461.3;727.5,415.2;814.2,544.7;811.9,522.1;780.4,474.8;712.8,463.6;674.6,474.8;685.8,441.1
51#786.4,619.2;796.3,554.9;781.5,562.3;734.5,562.3;732.0,601.9;737.0,663.7;754.3,562.3;751.8,468.4;751.8,463.4;738.2,412.7;816.1,540.1;823.5,520.3;788.9,475.8;719.7,465.9;685.1,490.6;692.5,441.2
52#798.6,614.4;803.8,619.6;782.9,564.9;738.6,564.9;730.8,614.4;738.6,676.9;762.1,564.9;756.9,471.1;756.9,463.3;745.2,412.5;827.2,507.6;840.3,499.8;796.0,473.7;720.4,471.1;694.3,491.9;694.3,463.3
53#796.9,627.5;796.9,612.8;791.1,562.8;749.9,562.8;738.1,621.6;738.1,689.2;767.5,562.8;764.6,471.6;761.6,462.8;751.4,414.2;829.3,492.2;855.8,489.2;802.8,471.6;723.4,474.5;708.7,506.9;732.2,515.7
54#798.5,645.6;784.0,607.9;795.6,558.5;752.0,567.2;740.4,625.3;740.4,700.7;772.4,561.4;766.5,468.5;766.5,459.8;757.8,410.5;810.1,433.7;839.1,454.0;804.3,465.6;728.8,474.4;708.5,515.0;696.9,500.5
55#796.9,645.5;782.1,595.4;796.9,557.1;755.6,557.1;738.0,607.2;746.8,674.9;776.3,557.1;767.4,465.8;767.4,459.9;758.6,412.8;808.7,403.9;835.2,427.5;802.8,454.0;732.1,474.6;714.4,512.9;702.6,515.9
56#793.1,653.2;784.3,597.2;799.0,555.9;757.7,555.9;734.1,591.3;748.9,650.3;778.4,555.9;766.6,464.5;766.6,458.6;757.7,414.4;816.7,384.9;822.6,417.3;799.0,452.7;731.2,479.2;716.4,523.5;704.6,532.3
57#798.4,659.8;795.5,596.7;792.7,559.4;758.2,556.5;723.8,570.8;752.5,625.4;778.3,556.5;761.1,467.5;761.1,461.7;749.6,415.8;815.6,390.0;827.1,421.5;795.5,447.4;726.6,481.8;712.3,524.9;703.7,545.0
58#800.9,671.0;800.9,611.1;790.0,559.4;749.1,559.4;716.5,553.9;743.7,602.9;768.2,559.4;751.9,466.8;751.9,461.4;735.5,415.1;819.9,409.6;833.5,431.4;787.3,450.5;716.5,483.1;702.8,537.6;708.3,559.4
59#810.6,694.4;802.4,615.2;788.7,560.6;745.1,560.6;715.0,549.6;745.1,604.3;766.9,560.6;745.1,467.7;742.3,462.3;727.3,417.2;840.6,448.6;827.0,445.9;777.8,451.4;709.6,484.1;701.4,536.0;706.8,566.0
60#812.5,682.1;801.5,615.9;784.9,555.2;740.8,552.4;746.3,591.1;746.3,621.4;762.9,552.4;738.0,466.9;735.3,455.8;722.8,418.6;823.6,447.5;815.3,458.6;771.1,450.3;702.1,477.9;688.3,522.1;699.4,555.2
61#807.8,674.2;802.6,599.0;779.2,541.9;737.7,547.1;750.7,601.6;745.5,624.9;758.5,544.5;735.1,458.9;732.5,451.1;720.9,410.9;818.1,456.3;810.4,466.7;766.3,445.9;698.8,466.7;675.5,513.4;706.6,521.2
62#802.8,646.5;810.5,582.7;769.6,534.1;731.3,541.8;761.9,564.8;761.9,623.5;749.2,539.2;731.3,454.9;731.3,444.7;722.3,405.1;818.1,467.7;805.4,475.4;767.1,447.3;695.5,460.0;664.9,493.3;698.1,490.7
63#811.0,633.4;821.2,567.0;767.6,533.8;729.3,541.5;762.5,574.6;759.9,633.4;749.7,536.4;731.9,449.6;731.9,444.5;730.6,397.2;821.2,475.1;800.8,482.7;767.6,447.0;698.7,452.1;655.3,470.0;696.1,470.0
64#819.6,612.5;832.0,548.2;765.2,526.0;728.1,535.9;757.8,580.4;762.8,642.2;745.5,530.9;735.6,444.4;735.6,437.0;734.3,388.7;822.1,483.9;807.3,486.4;772.7,444.4;703.4,441.9;663.9,439.4;698.5,432.0
65#821.5,581.1;837.9,518.3;775.1,526.5;731.4,534.7;753.3,586.6;764.2,652.1;750.5,529.2;739.6,439.1;742.3,433.7;739.6,384.5;821.5,485.5;816.1,477.3;775.1,441.8;706.8,433.7;671.3,414.5;704.1,384.5
66#820.0,556.0;829.4,490.0;776.0,518.3;735.2,534.0;754.0,587.4;766.6,656.5;757.1,527.7;744.6,433.5;744.6,430.3;747.7,377.0;798.0,499.4;826.2,461.8;779.1,436.6;710.0,427.2;681.8,395.8;703.8,361.3
67#811.7,535.6;825.6,472.7;780.2,514.7;738.3,528.6;745.3,598.5;762.7,668.4;755.8,521.6;748.8,427.3;748.8,427.3;759.3,371.4;829.1,458.7;839.6,444.8;783.7,430.8;717.3,416.8;692.9,381.9;699.9,343.4
68#810.9,529.8;817.3,469.0;778.8,513.8;743.6,529.8;740.4,587.5;750.0,674.0;762.8,520.2;756.4,417.7;756.4,417.7;766.0,369.7;817.3,430.5;842.9,430.5;791.6,424.1;724.4,408.1;698.7,372.9;695.5,334.4
69#814.2,543.5;818.0,481.9;779.0,512.4;742.3,525.2;731.7,575.8;741.7,658.7;762.2,517.2;755.4,416.0;755.4,415.5;762.5,367.1;808.2,413.3;833.9,418.8;789.7,419.8;723.3,409.0;699.0,385.1;698.8,349.5
70#817.5,557.2;818.8,494.9;779.3,510.9;741.0,520.6;723.1,564.0;733.4,643.4;761.7,514.2;754.5,414.3;754.5,413.3;758.9,364.5;799.0,396.1;825.0,407.0;787.8,415.6;722.3,409.8;699.2,397.2;702.0,364.7
71#820.7,570.8;819.5,507.9;779.5,509.5;739.7,516.0;714.4,552.3;725.2,628.1;761.1,511.2;753.5,412.5;753.5,411.1;755.4,361.9;789.9,379.0;816.0,395.2;786.0,411.3;721.2,410.7;699.5,409.4;705.3,379.8
72#824.0,584.5;820.2,520.8;779.8,508.1;738.4,511.4;705.7,540.6;716.9,612.8;760.6,508.2;752.5,410.8;752.5,408.9;751.8,359.3;780.8,361.8;807.0,383.5;784.1,407.0;720.1,411.6;699.8,421.6;708.6,394.9
73#827.3,598.2;821.0,533.8;780.0,506.6;737.1,506.8;697.1,528.8;708.6,597.5;760.0,505.2;751.6,409.1;751.6,406.7;748.2,356.7;771.6,344.6;798.1,371.8;782.2,402.8;719.1,412.4;700.0,433.7;711.8,410.1
74#830.6,611.9;821.7,546.7;780.3,505.2;735.8,502.2;688.4,517.1;700.3,582.2;759.5,502.2;750.6,407.4;750.6,404.5;744.7,354.1;762.5,327.4;789.1,360.0;780.3,398.5;718.0,413.3;700.3,445.9;715.1,425.2
75#833.4,619.7;804.5,558.8;778.8,507.4;737.2,504.2;679.4,504.2;701.9,565.2;756.4,504.2;743.6,408.0;740.4,401.6;740.4,353.5;759.6,318.2;778.8,353.5;769.2,401.6;711.5,414.4;708.3,456.1;717.9,433.7
76#827.0,628.6;802.5,558.2;774.9,503.1;732.0,503.1;673.8,490.8;704.5,545.9;750.4,503.1;732.0,408.1;732.0,402.0;725.9,353.0;755.0,311.6;765.7,343.8;762.7,392.8;704.5,417.3;698.3,457.1;722.8,438.7
77#804.3,622.1;798.3,547.3;771.4,499.5;729.6,505.5;672.7,484.5;711.6,541.4;750.5,505.5;726.6,406.8;726.6,403.8;717.6,353.0;753.5,335.0;771.4,358.9;759.5,394.8;696.7,418.8;675.7,463.6;702.7,448.7
78#792.5,613.6;800.9,541.3;764.7,499.6;725.8,508.0;681.4,480.2;706.4,538.5;745.3,502.4;723.1,413.5;723.1,405.1;711.9,355.1;759.2,355.1;775.9,380.1;756.4,402.3;689.7,421.8;661.9,463.5;700.8,480.2
79#784.4,593.1;807.9,537.6;758.8,512.0;716.1,512.0;682.0,488.5;701.2,544.0;735.3,512.0;720.4,413.8;720.4,411.7;712.9,365.8;755.6,370.0;775.9,392.5;752.4,409.5;688.4,420.2;649.9,435.1;671.3,441.6
80#778.8,583.4;812.2,525.1;758.0,520.9;710.1,523.0;678.9,500.1;691.4,554.2;733.0,523.0;720.5,423.1;718.5,421.0;716.4,373.1;770.5,402.3;768.4,418.9;751.8,425.2;691.4,418.9;651.8,414.7;658.1,423.1
81#775.6,567.7;814.2,510.9;753.3,531.2;710.7,541.3;678.2,515.0;680.3,565.7;729.0,531.2;716.8,433.8;716.8,427.7;720.8,383.0;767.5,405.4;769.5,427.7;745.2,431.8;690.4,429.7;660.0,405.4;680.3,379.0
82#788.8,553.9;802.5,497.0;751.5,534.3;702.5,536.3;679.0,530.4;682.9,587.2;726.0,536.3;714.3,438.2;716.2,434.3;722.1,391.1;775.0,442.1;751.5,467.6;745.6,438.2;684.8,432.3;665.2,391.1;672.1,374.5
83#765.1,542.8;790.4,490.0;750.3,530.2;708.1,538.6;684.8,549.2;684.8,604.1;729.2,536.5;714.4,441.5;714.4,439.4;724.9,395.0;769.3,454.2;758.7,473.2;743.9,445.7;686.9,433.0;665.8,397.1;657.4,407.7
84#761.9,552.2;785.8,495.9;751.1,532.7;703.4,532.7;688.2,560.9;688.2,615.1;727.3,532.7;718.6,441.7;718.6,439.5;728.3,392.9;785.8,465.5;766.3,476.4;748.9,448.2;686.1,437.3;655.7,420.0;672.0,397.2
85#753.3,565.3;786.6,503.1;751.1,525.3;706.7,531.9;693.4,565.3;691.1,623.0;726.7,531.9;724.4,440.9;724.4,436.5;734.4,390.9;793.3,467.5;788.8,480.9;755.5,445.3;691.1,438.7;655.6,432.0;673.4,414.2
86#753.3,579.6;786.5,519.8;753.3,526.5;711.2,530.9;695.7,561.9;691.2,621.7;733.3,526.5;731.1,437.9;733.3,431.2;734.4,390.3;797.6,488.8;793.1,488.8;764.3,440.1;700.1,435.7;660.2,440.1;673.5,426.8
87#751.3,590.5;780.4,534.5;753.5,521.1;715.4,518.8;697.5,552.4;690.8,615.2;735.6,521.1;737.8,433.7;737.8,427.0;734.5,378.8;789.4,476.3;802.8,478.5;771.4,433.7;704.2,431.5;663.9,456.1;681.8,462.8
88#750.5,600.5;767.7,540.4;761.2,512.5;718.3,510.4;696.9,540.4;694.7,600.5;739.8,512.5;739.8,428.9;739.8,422.5;743.0,378.5;791.3,454.6;817.0,454.6;774.1,428.9;703.3,428.9;673.3,465.4;686.2,461.1
89#750.6,610.7;770.8,547.8;759.6,516.4;721.4,514.1;701.2,527.6;701.2,581.5;741.6,516.4;741.6,426.5;741.6,417.5;745.0,371.5;795.5,435.5;822.5,437.8;779.8,424.3;707.9,426.5;681.0,467.0;685.5,455.7
90#752.3,621.9;768.9,558.0;759.4,513.0;721.5,505.9;707.3,508.3;712.0,558.0;740.4,513.0;747.6,423.0;747.6,413.6;748.7,367.4;802.0,394.6;818.6,413.6;783.1,415.9;709.7,425.4;681.3,465.7;700.2,468.0
91#759.3,630.9;765.1,563.5;759.3,507.8;718.2,499.0;703.6,501.9;785.6,548.8;738.7,504.9;750.5,416.9;750.5,411.1;754.9,359.8;817.9,367.1;820.8,402.3;782.7,411.1;712.4,419.9;680.1,458.0;700.6,460.9
92#761.3,644.7;764.3,574.3;758.4,509.8;720.3,506.9;711.5,524.5;693.9,536.2;737.9,506.9;749.6,410.1;749.6,410.1;754.0,355.9;825.8,366.2;822.9,395.5;784.8,407.2;714.4,413.1;676.3,445.3;699.8,454.1
93#761.4,627.9;770.1,561.2;764.3,508.9;723.6,506.0;726.5,535.0;694.6,546.6;741.0,508.9;749.7,410.2;749.7,407.3;757.0,356.5;828.1,384.1;825.2,407.3;781.7,407.3;714.9,410.2;677.2,430.5;703.3,427.6
94#763.9,612.0;784.5,550.1;758.7,495.9;725.2,490.7;763.9,532.0;699.4,555.2;740.6,495.9;751.0,405.6;751.0,403.0;765.2,357.9;828.4,397.8;820.6,418.5;781.9,408.2;722.6,405.6;681.3,413.3;704.5,426.2
95#778.3,599.7;800.6,535.6;758.8,491.1;725.4,491.1;778.3,535.6;792.2,594.1;742.1,491.1;750.5,404.7;753.3,399.2;770.0,354.6;828.5,410.3;820.1,424.2;783.9,407.5;719.8,401.9;686.4,388.0;714.3,365.7
96#797.9,597.0;810.5,524.6;763.3,490.0;728.7,493.2;772.7,534.1;788.5,587.5;747.5,493.2;753.8,401.9;753.8,401.9;772.7,357.9;832.5,417.6;819.9,436.5;785.3,408.2;725.5,395.6;703.5,367.3;725.5,335.8
97#808.5,565.3;820.8,503.9;768.5,485.4;734.7,491.6;774.7,540.7;793.1,617.6;750.1,488.5;759.3,399.3;759.3,399.3;777.8,353.2;833.1,430.1;817.7,436.2;790.1,408.5;728.6,393.2;707.1,359.4;719.3,334.8
98#813.9,541.0;819.3,483.6;775.6,483.6;737.3,489.0;770.1,543.7;792.0,620.3;756.4,486.3;761.9,398.8;761.9,396.1;781.0,349.6;841.2,439.8;822.1,442.5;797.4,404.3;731.8,390.6;704.5,371.4;727.7,345.5
99#808.4,521.4;822.1,458.9;783.0,474.6;745.9,480.4;765.4,541.0;776.2,577.1;763.5,478.5;767.4,396.4;769.4,386.7;783.0,343.7;843.6,453.1;824.0,443.3;800.6,402.3;736.1,384.7;704.9,386.7;706.9,369.1
100#771.9,607.1;774.6,541.0;791.1,472.2;758.1,480.5;766.4,546.5;777.4,612.6;774.6,477.7;774.6,395.2;774.6,389.7;781.5,341.5;840.7,461.2;832.4,444.7;807.7,400.7;741.6,389.7;722.3,417.2;752.6,425.4
101#832.8,498.1;832.8,482.6;799.3,472.3;760.5,480.0;763.1,539.4;765.7,606.6;781.2,477.5;776.0,394.8;778.6,384.5;783.8,340.6;832.8,474.9;838.0,443.9;812.2,400.0;737.3,387.1;711.5,415.5;711.5,394.8
102#830.1,494.2;792.1,507.8;808.4,469.8;764.9,475.2;754.1,534.9;762.2,597.4;786.6,472.5;778.5,393.8;781.2,382.9;786.6,336.7;840.9,475.2;846.4,437.2;813.8,396.5;745.9,388.3;716.1,423.6;713.3,410.0
103#819.9,526.8;791.3,519.0;812.1,461.9;773.1,464.5;749.7,524.2;754.9,591.8;793.9,464.5;786.1,389.1;786.1,381.3;793.9,334.6;853.6,443.7;858.8,422.9;817.3,391.7;749.7,389.1;718.6,425.5;713.4,415.1
104#814.5,537.0;793.6,513.7;814.9,464.6;775.6,466.0;746.2,517.0;752.0,583.9;796.2,466.6;792.9,388.2;792.9,381.8;801.2,335.5;858.5,417.3;865.4,410.5;825.0,390.8;756.9,388.2;721.7,416.1;726.5,399.0
105#809.0,547.2;796.0,508.4;817.6,467.4;778.2,467.4;742.8,509.8;749.1,575.9;798.5,468.7;799.6,387.4;799.6,382.2;808.5,336.5;863.3,391.0;872.1,398.0;832.7,389.9;764.0,387.4;724.8,406.8;739.6,382.9
106#803.6,557.4;798.3,503.1;820.4,470.1;780.8,468.9;739.4,502.5;746.3,568.0;800.9,470.8;806.4,386.5;806.4,382.7;815.8,337.4;868.1,364.6;878.8,385.6;840.4,389.0;771.2,386.5;727.8,397.4;752.7,366.8
107#798.2,567.6;800.7,497.8;823.1,472.9;783.3,470.4;735.9,495.3;743.4,560.1;803.2,472.9;813.2,385.6;813.2,383.1;823.1,338.3;873.0,338.3;885.4,373.2;848.1,388.1;778.3,385.6;730.9,388.1;765.8,350.7
108#799.3,578.5;799.3,517.5;826.2,480.9;789.6,476.0;733.4,480.9;748.1,544.3;806.7,478.4;816.4,385.6;816.4,383.2;826.2,339.3;879.9,329.5;882.3,366.1;848.2,388.1;784.7,383.2;740.7,380.8;762.7,353.9
109#800.2,594.4;800.2,530.7;825.7,484.8;790.0,479.8;736.5,472.1;756.8,530.7;807.8,484.8;818.0,388.0;820.6,388.0;828.2,342.1;881.7,339.6;884.3,370.2;851.2,388.0;784.9,385.4;741.6,382.9;767.0,357.4
110#801.0,607.1;806.2,543.1;826.7,484.1;785.7,476.5;742.1,458.5;762.6,514.9;806.2,479.0;819.0,389.3;819.0,389.3;826.7,340.6;883.0,350.9;890.7,379.1;854.8,389.3;785.7,386.8;744.7,394.5;767.7,368.8
111#803.0,611.3;815.9,542.0;823.6,482.9;790.2,472.6;749.1,446.9;733.7,518.9;805.6,475.2;821.0,387.9;821.0,387.9;827.4,340.4;882.6,362.2;892.9,390.4;854.4,390.4;785.0,382.7;749.1,405.8;772.2,393.0
112#825.2,618.9;825.2,544.9;827.8,478.9;790.8,468.4;756.5,441.9;732.7,531.7;806.7,473.6;822.5,389.1;822.5,383.9;834.4,340.3;883.3,373.3;896.5,399.7;856.9,389.1;785.6,386.5;751.2,410.3;772.4,412.9
113#825.3,598.6;835.6,531.2;827.9,471.5;791.5,463.7;760.4,455.9;781.2,515.6;809.7,468.9;822.7,388.5;825.3,383.3;831.8,337.9;884.9,385.9;900.5,406.7;859.0,388.5;789.0,383.3;755.2,414.4;776.0,414.4
114#835.9,581.1;849.9,517.9;833.6,464.1;786.8,459.4;758.7,468.8;784.4,529.6;807.8,461.7;826.5,384.5;826.5,377.5;837.1,334.2;882.7,396.2;899.1,419.6;857.0,386.9;791.5,382.2;756.4,414.9;782.1,412.6
115#850.7,562.9;867.7,502.0;833.6,460.6;784.8,458.1;762.9,477.6;784.8,538.6;809.2,458.1;826.3,385.0;826.3,375.3;842.1,332.6;875.0,406.9;897.0,424.0;858.0,385.0;789.7,380.1;755.6,411.8;782.4,411.8
116#873.2,542.5;886.2,483.0;839.6,457.1;793.0,457.1;764.5,485.6;785.2,547.7;811.1,457.1;831.8,382.1;831.8,374.3;840.9,326.4;881.0,413.1;893.9,420.9;865.5,384.7;793.0,379.5;754.2,405.4;777.5,418.3
117#880.8,541.3;893.2,481.7;846.1,456.6;799.7,457.8;772.5,486.2;795.7,547.1;818.2,457.3;834.8,381.5;834.6,373.3;842.1,326.2;882.5,411.5;896.4,418.1;868.1,383.0;796.2,380.0;760.8,407.3;784.3,417.9
118#888.3,540.1;900.2,480.4;852.6,456.1;806.5,458.5;780.6,486.8;806.2,546.6;825.4,457.5;837.7,381.0;837.4,372.4;843.4,326.0;884.0,409.9;898.9,415.4;870.7,381.4;799.5,380.5;767.5,409.1;791.1,417.4
119#895.9,539.0;907.2,479.1;859.1,455.5;813.2,459.2;788.6,487.4;816.8,546.0;832.5,457.6;840.7,380.4;840.2,371.4;844.6,325.8;885.5,408.4;901.4,412.6;873.3,379.7;802.7,381.1;774.1,411.0;797.9,417.0
120#903.4,537.8;914.2,477.8;865.6,455.0;819.9,459.9;796.7,488.0;827.3,545.5;839.7,457.8;843.7,379.8;843.0,370.4;845.9,325.6;887.0,406.8;903.9,409.9;875.9,378.1;805.9,381.6;780.7,412.8;804.7,416.5
121#911.0,536.6;921.2,476.5;872.1,454.5;826.6,460.6;804.8,488.6;837.8,544.9;846.8,458.0;846.6,379.3;845.8,369.5;847.1,325.4;888.5,405.2;906.4,407.1;878.5,376.4;809.1,382.1;787.4,414.7;811.5,416.1
122#918.5,535.5;928.2,475.2;878.6,454.0;833.4,461.3;812.8,489.2;848.3,544.4;854.0,458.2;849.6,378.7;848.6,368.5;848.4,325.2;890.0,403.6;908.9,404.4;881.1,374.8;812.4,382.6;794.0,416.5;818.3,415.6
123#926.1,534.3;935.2,474.0;885.2,453.4;840.1,462.0;820.9,489.7;858.8,543.8;861.1,458.3;852.6,378.1;851.3,367.5;849.6,324.9;891.4,402.0;911.5,401.6;883.8,373.1;815.6,383.1;800.6,418.4;825.0,415.2
124#933.7,533.1;942.2,472.7;891.7,452.9;846.8,462.7;828.9,490.3;869.3,543.2;868.2,458.5;855.5,377.6;854.1,366.6;850.9,324.7;892.9,400.4;914.0,398.8;886.4,371.4;818.8,383.6;807.3,420.3;831.8,414.8
125#941.2,531.9;949.2,471.4;898.2,452.4;853.5,463.4;837.0,490.9;879.9,542.7;875.4,458.7;858.5,377.0;856.9,365.6;852.1,324.5;894.4,398.9;916.5,396.1;889.0,369.8;822.0,384.2;813.9,422.1;838.6,414.3
126#948.8,530.8;956.2,470.1;904.7,451.9;860.2,464.1;845.0,491.5;890.4,542.1;882.5,458.9;861.5,376.4;859.7,364.6;853.4,324.3;895.9,397.3;919.0,393.3;891.6,368.1;825.2,384.7;820.5,424.0;845.4,413.9
127#956.3,529.6;963.2,468.8;911.2,451.3;867.0,464.8;853.0,492.1;900.9,541.6;889.7,459.0;864.4,375.9;862.5,363.7;854.6,324.1;897.4,395.7;921.5,390.6;894.2,366.5;828.5,385.2;827.2,425.8;852.2,413.4
128#963.9,528.4;970.2,467.5;917.7,450.8;873.7,465.5;861.1,492.7;911.4,541.0;896.8,459.2;867.4,375.3;865.3,362.7;855.9,323.9;898.9,394.1;924.0,387.8;896.8,364.8;831.7,385.7;833.8,427.7;859.0,413.0
129#976.3,518.8;976.3,461.9;917.2,451.0;880.0,461.9;875.6,507.9;912.9,556.1;897.5,457.5;869.1,376.5;869.1,363.4;863.6,320.7;899.7,394.0;930.4,394.0;897.5,365.6;836.2,383.1;816.5,424.7;849.4,411.6
130#988.1,509.0;980.6,449.5;916.2,452.0;879.1,466.9;879.1,513.9;913.8,568.4;896.4,459.4;871.7,375.2;871.7,367.8;875.4,319.5;906.3,392.6;938.5,392.6;903.9,370.3;837.0,382.7;802.3,412.4;832.0,402.5
131#978.3,498.6;977.1,439.1;916.3,453.0;881.1,468.6;884.9,518.8;909.0,575.9;897.4,459.8;875.3,373.5;875.3,368.6;880.6,319.4;922.9,375.7;944.3,386.0;907.1,370.2;841.8,378.5;805.4,393.6;825.2,376.6
132#968.6,488.1;973.6,428.6;916.3,454.0;883.2,470.3;890.8,523.7;904.2,583.4;898.4,460.3;878.8,371.8;878.8,369.3;885.7,319.3;939.4,358.7;950.2,379.5;910.3,370.2;846.5,374.3;808.6,374.8;818.5,350.7
133#958.8,477.7;970.1,418.2;916.4,455.0;885.2,472.0;896.6,528.6;899.4,590.9;899.4,460.7;882.4,370.1;882.4,370.1;890.9,319.2;956.0,341.8;956.0,372.9;913.5,370.1;851.3,370.1;811.7,356.0;811.7,324.8
134#943.8,475.9;965.2,419.7;922.4,451.8;885.0,467.8;885.0,529.4;901.0,590.9;903.7,459.8;890.3,371.5;890.3,371.5;895.7,323.3;978.6,374.2;957.2,376.9;919.7,368.8;855.5,371.5;815.4,360.8;812.7,328.7
135#934.3,489.5;963.7,430.8;918.3,454.8;883.7,465.5;875.7,529.5;902.3,582.8;902.3,462.8;891.7,377.5;891.7,377.5;902.3,326.8;990.3,377.5;961.0,380.2;926.3,374.8;857.0,377.5;811.7,374.8;814.4,340.2
136#932.1,502.0;961.8,447.6;917.2,460.0;882.6,462.4;862.8,514.4;902.4,571.3;897.4,462.4;895.0,383.3;895.0,380.8;904.9,333.8;989.0,393.2;969.2,395.6;927.1,380.8;860.3,383.3;813.3,388.2;810.8,361.0
137#929.6,515.5;960.9,464.7;923.7,468.6;882.7,470.6;855.4,505.8;896.4,556.5;904.2,470.6;894.4,388.6;894.4,384.7;904.2,341.7;974.5,400.3;962.8,406.1;925.7,388.6;859.3,390.5;812.4,396.4;810.5,378.8
138#929.6,531.1;957.0,476.4;921.8,468.6;878.9,476.4;849.6,494.0;896.4,537.0;902.3,476.4;896.4,394.4;898.4,390.5;902.3,349.5;980.4,415.9;958.9,415.9;927.7,394.4;861.3,396.3;812.5,408.1;812.5,392.4
139#928.6,543.8;954.0,485.2;922.8,473.5;877.9,475.4;850.5,477.4;887.6,520.3;901.3,473.5;897.4,399.2;899.4,393.4;901.3,352.4;979.4,426.6;957.9,426.6;930.6,397.3;860.3,401.2;815.4,418.8;811.5,399.2
140#927.4,558.1;948.9,495.6;915.7,464.3;878.6,468.2;898.1,503.4;878.6,544.4;898.1,466.3;900.1,399.9;900.1,397.9;903.0,355.9;976.2,431.1;960.6,427.2;929.4,399.9;866.9,401.8;820.0,423.3;812.2,413.5
141#930.0,563.7;943.5,499.3;911.7,460.6;874.8,464.0;898.3,501.3;882.9,551.3;894.3,462.0;899.7,396.6;900.5,393.7;905.6,350.3;972.3,438.5;959.4,427.0;929.7,396.6;867.8,397.1;822.8,419.5;814.3,417.8
142#932.7,569.3;938.2,503.1;907.6,457.0;871.0,459.9;898.6,499.1;887.2,558.2;890.4,457.6;899.2,393.4;900.8,389.4;908.3,344.6;968.3,445.9;958.3,426.7;930.1,393.4;868.7,392.3;825.5,415.7;816.4,422.2
143#935.3,574.9;932.8,506.8;903.6,453.3;867.2,455.7;898.8,497.0;891.5,565.1;886.6,453.3;898.8,390.1;901.2,385.2;910.9,339.0;964.4,453.3;957.1,426.5;930.4,390.1;869.6,387.6;828.3,411.9;818.5,426.5
144#934.0,566.0;934.0,496.6;896.8,449.6;867.1,452.1;904.2,496.6;891.9,566.0;881.9,452.1;899.3,380.2;901.8,375.3;912.9,329.5;963.7,457.0;956.2,424.8;931.5,387.7;867.1,377.8;822.5,397.6;817.6,437.2
145#935.1,556.3;945.2,490.7;897.2,445.3;864.4,445.3;907.3,498.3;897.2,566.4;879.6,445.3;899.7,377.1;902.3,369.6;916.1,322.9;962.8,455.4;955.3,417.5;932.5,379.7;869.5,372.1;816.5,382.2;829.1,427.6
146#928.8,525.4;955.9,482.0;904.4,438.7;869.1,446.8;904.4,501.0;901.6,566.1;885.4,444.1;901.6,368.2;901.6,362.8;913.8,315.3;955.9,449.5;953.2,411.6;934.2,373.6;869.1,362.8;820.3,365.5;855.6,370.9
147#929.7,502.4;963.8,465.4;904.0,431.2;867.0,439.7;895.5,499.5;898.3,570.7;886.9,436.9;901.2,354.3;901.2,351.5;914.0,301.6;949.6,434.0;946.7,399.9;929.7,362.8;867.0,351.5;827.1,345.8;852.8,357.1
148#936.6,497.5;969.4,456.4;911.9,423.5;873.5,426.3;887.2,494.8;892.7,577.0;890.0,426.3;898.2,344.1;900.9,338.6;914.6,292.0;947.5,412.6;939.3,390.6;928.3,352.3;865.3,335.8;840.6,319.4;868.0,292.0
149#960.4,502.7;969.2,447.1;913.7,420.8;875.7,420.8;878.6,485.1;884.5,558.2;893.2,420.8;896.2,333.2;896.2,333.2;910.8,283.5;942.9,394.5;931.2,382.9;922.5,341.9;869.9,321.5;858.2,289.4;880.1,267.4
150#979.9,502.7;968.4,445.4;916.8,411.1;873.9,411.1;873.9,474.1;876.7,548.6;893.9,411.1;893.9,330.8;896.8,328.0;908.2,276.4;942.6,376.7;925.4,373.8;914.0,336.6;873.9,325.1;876.7,273.5;883.9,260.6
