1#665.8,841.4;614.6,786.3;795.7,699.6;744.5,711.5;661.8,806.0;709.1,888.6;768.2,703.6;713.0,577.6;717.0,581.5;685.5,518.5;665.8,431.9;713.0,487.0;748.5,561.8;669.7,585.5;646.1,514.6;642.2,447.6
2#665.9,840.9;610.9,785.9;795.5,699.5;744.5,711.3;662.0,805.5;709.1,891.9;768.0,703.4;713.0,577.7;717.0,581.6;685.5,518.8;665.9,432.4;713.0,487.4;752.3,562.0;669.8,585.6;646.3,514.9;642.3,448.1
3#659.0,842.9;682.5,748.6;788.6,697.6;737.5,713.3;659.0,807.5;706.1,886.1;765.0,705.4;710.0,579.7;714.0,583.6;682.5,520.8;662.9,434.4;710.0,485.5;745.4,560.1;662.9,587.6;643.3,516.9;643.3,446.2
4#660.3,833.6;682.8,736.0;780.4,698.5;727.9,721.0;652.8,814.9;703.5,895.6;750.4,706.0;701.6,578.4;709.1,582.1;679.1,518.3;658.4,430.1;709.1,484.5;742.9,563.4;660.3,585.9;637.8,518.3;641.6,450.7
5#660.2,834.0;682.8,740.0;780.6,698.6;727.9,721.2;652.7,815.2;703.5,896.1;750.5,706.1;701.6,578.3;709.1,582.0;679.0,518.1;658.3,429.7;709.1,488.0;743.0,563.2;660.2,589.5;637.6,518.1;641.4,450.4
6#667.0,844.6;683.3,737.3;767.2,696.0;714.6,714.8;652.1,816.0;702.1,894.7;738.4,703.5;694.6,573.6;699.6,576.1;675.8,511.1;661.4,431.7;708.3,486.1;735.9,559.8;653.4,582.3;634.6,514.8;640.8,448.6
7#673.9,855.3;683.9,734.5;753.7,693.4;701.4,708.4;651.5,816.7;700.7,893.3;726.3,700.9;687.7,568.9;690.2,570.1;672.7,504.1;664.6,433.7;707.6,484.1;728.8,556.4;646.5,575.1;631.5,511.6;640.3,446.8
8#680.7,865.9;684.4,731.8;740.3,690.8;688.1,702.0;650.9,817.5;699.3,891.9;714.2,698.3;680.7,564.2;680.7,564.2;669.5,497.1;667.7,435.7;706.8,482.2;721.7,553.0;639.7,567.9;628.5,508.3;639.7,445.0
9#695.3,882.0;695.3,682.9;721.1,679.2;669.5,694.0;658.4,804.6;695.3,889.4;695.3,682.9;676.8,550.2;676.8,550.2;669.5,480.1;652.9,437.7;706.3,480.1;717.4,539.1;636.3,561.2;621.5,505.9;638.1,437.7
10#702.2,709.6;687.0,683.1;705.9,656.6;653.0,667.9;649.2,777.7;679.5,876.0;683.2,660.4;671.9,535.5;671.9,531.8;664.3,459.9;670.0,431.5;702.2,475.0;713.5,520.4;630.3,543.1;615.1,497.7;637.8,448.5
11#702.1,709.5;698.3,683.0;705.9,656.6;653.0,667.9;649.2,777.5;679.4,875.8;683.2,660.4;671.9,535.6;671.9,531.9;664.3,460.1;670.0,431.7;702.1,475.2;713.5,520.5;630.3,543.2;615.2,497.8;637.9,448.7
12#703.4,710.9;684.8,670.1;692.3,633.0;644.0,640.4;618.0,744.3;662.6,837.2;670.0,636.7;666.3,510.4;666.3,506.7;655.1,439.9;662.6,462.2;692.3,477.0;710.8,499.3;618.0,517.9;610.6,495.6;632.9,458.4
13#696.2,704.1;667.2,639.5;683.3,620.2;634.9,623.4;576.9,691.2;647.8,781.5;660.7,623.4;651.1,497.6;647.8,487.9;636.5,421.7;709.1,449.2;731.7,468.5;696.2,481.4;605.9,504.0;593.0,497.6;622.0,484.7
14#695.0,712.6;647.9,627.7;676.1,596.3;625.9,605.7;534.7,643.4;622.7,725.1;651.0,599.4;638.4,473.7;635.3,467.4;616.4,401.4;673.0,442.3;720.1,473.7;682.4,461.1;588.1,486.3;578.7,483.1;616.4,473.7
15#696.9,722.2;643.9,622.6;665.7,585.2;615.9,588.3;481.9,585.2;591.0,666.2;640.8,588.3;622.1,457.4;619.0,448.1;591.0,385.8;662.6,438.8;693.8,473.0;672.0,441.9;569.2,469.9;591.0,494.8;594.1,473.0
16#692.1,729.8;651.9,636.0;655.2,572.4;605.0,575.7;477.7,549.0;568.1,622.6;631.8,572.4;608.3,451.8;601.6,438.4;571.5,374.8;718.9,478.6;725.6,465.2;661.9,428.4;548.0,465.2;554.7,512.1;574.8,482.0
17#691.8,729.3;651.7,635.8;655.1,572.3;605.0,575.7;478.1,548.9;568.3,622.4;631.7,572.3;608.3,448.7;601.7,438.7;571.6,375.3;718.5,478.8;725.2,465.4;665.1,428.7;548.2,465.4;554.9,512.2;574.9,482.1
18#691.9,740.9;654.2,645.1;640.5,559.5;592.6,562.9;448.8,501.3;531.0,586.9;616.6,562.9;592.6,439.6;585.7,429.4;566.9,366.0;654.2,398.5;709.0,443.1;650.8,422.5;534.4,453.3;513.8,487.6;527.5,470.4
19#688.3,746.8;649.4,647.7;624.6,559.3;568.0,562.8;447.7,484.9;525.5,569.9;596.3,559.3;575.1,435.4;575.1,431.8;562.7,355.8;631.7,364.6;688.3,403.5;628.2,421.2;518.4,446.0;532.6,424.8;507.8,569.9
20#670.3,736.4;637.9,640.5;613.7,565.7;557.6,569.2;451.2,506.2;526.9,590.5;585.7,565.7;568.9,439.5;568.9,435.5;560.7,361.8;621.3,366.5;672.2,407.0;621.1,428.3;513.7,448.1;520.6,421.4;507.0,539.1
21#652.2,726.0;626.3,633.4;602.9,572.1;547.3,575.6;454.6,527.6;528.3,611.1;575.1,572.1;562.8,443.7;562.8,439.2;558.7,367.8;610.8,368.3;656.0,410.4;614.0,435.4;509.0,450.3;508.6,418.0;506.1,508.3
22#634.2,715.6;614.8,626.2;592.0,578.5;536.9,582.0;458.1,548.9;529.7,631.7;564.5,578.5;556.6,447.8;556.6,442.9;556.7,373.8;600.4,370.2;639.9,413.9;606.9,442.5;504.3,452.4;496.6,414.6;505.3,477.5
23#616.1,705.3;603.2,619.0;581.2,585.0;526.5,588.3;461.6,570.2;531.1,652.3;553.8,585.0;550.5,451.9;550.5,446.6;554.6,379.7;589.9,372.1;623.7,417.3;599.9,449.7;499.5,454.6;484.7,411.3;504.5,446.8
24#598.1,694.9;591.7,611.8;570.3,591.4;516.1,594.7;465.1,591.5;532.5,672.9;543.2,591.4;544.3,456.0;544.3,450.3;552.6,385.7;579.5,374.0;607.6,420.8;592.8,456.8;494.8,456.7;472.7,407.9;503.7,416.0
25#580.0,684.5;580.1,604.7;559.5,597.8;505.8,601.1;468.5,612.9;533.9,693.5;532.6,597.8;538.2,460.2;538.2,454.0;550.6,391.7;569.0,375.8;591.4,424.2;585.7,463.9;490.1,458.9;460.7,404.5;502.8,385.2
26#562.0,674.1;568.6,597.5;548.6,604.2;495.4,607.5;472.0,634.2;535.3,714.1;522.0,604.2;532.0,464.3;532.0,457.7;548.6,397.7;558.6,377.7;575.3,427.7;578.6,471.0;485.4,461.0;448.7,401.1;502.0,354.4
27#534.9,658.3;544.8,602.4;541.5,612.3;485.6,615.6;465.9,651.7;531.6,733.8;511.9,618.9;531.6,480.9;531.6,474.3;554.6,415.2;557.9,402.0;574.3,471.0;574.3,487.5;488.9,471.0;449.5,425.0;498.8,385.6
28#499.2,731.0;473.3,663.2;525.0,624.4;473.3,624.4;444.2,640.5;508.8,747.2;499.2,627.6;531.5,495.1;531.5,491.8;557.3,433.7;537.9,430.4;570.3,498.3;576.7,508.0;486.2,485.4;457.1,449.8;510.5,409.4
29#499.2,731.0;473.3,663.2;525.0,624.4;473.3,624.4;444.2,640.5;508.8,747.2;499.2,627.6;531.5,495.1;531.5,491.8;557.3,433.7;537.9,430.4;570.3,498.3;576.7,508.0;486.2,485.4;457.1,449.8;510.5,409.4
30#471.5,732.4;462.8,654.2;517.8,645.6;459.9,642.7;430.9,648.5;483.1,744.0;491.8,645.6;526.5,515.2;529.4,509.4;549.7,451.5;529.4,451.5;570.0,515.2;572.9,523.9;483.1,503.6;465.7,466.0;514.9,437.0
31#441.9,700.5;508.2,628.7;511.0,659.1;450.2,650.8;425.3,653.5;461.2,730.9;480.6,650.8;522.0,531.9;524.8,523.6;546.9,465.6;546.9,496.0;566.2,531.9;569.0,537.5;480.6,520.9;466.7,487.7;516.5,460.1
32#455.2,705.4;514.2,632.7;506.3,660.7;445.2,648.5;422.1,632.3;450.8,709.4;475.6,650.9;521.6,534.1;524.8,525.6;548.4,469.9;552.1,503.9;568.0,538.2;568.0,542.2;479.7,522.5;464.0,503.8;515.4,472.0
33#468.5,710.3;520.3,636.7;501.7,662.3;440.3,646.3;418.9,611.0;440.4,687.9;470.5,650.9;521.2,536.2;524.7,527.5;550.0,474.3;557.3,511.9;569.8,544.5;566.9,546.9;478.8,524.1;461.3,519.8;514.2,483.9
34#481.8,715.1;526.3,640.8;497.0,664.0;435.3,644.0;415.7,589.8;430.1,666.4;465.5,651.0;520.8,538.4;524.7,529.5;551.5,478.6;562.6,519.8;571.7,550.8;565.9,551.7;478.0,525.6;458.5,535.9;513.1,495.8
35#495.1,720.0;532.4,644.8;492.4,665.6;430.4,641.8;412.5,568.5;419.7,644.9;460.4,651.0;520.4,540.5;524.6,531.4;553.1,483.0;567.8,527.8;573.5,557.1;564.8,556.4;477.1,527.2;455.8,551.9;511.9,507.7
36#508.4,724.9;538.4,648.8;487.7,667.2;425.4,639.5;409.3,547.3;409.3,623.4;455.4,651.1;520.0,542.7;524.6,533.4;554.6,487.3;573.0,535.7;575.3,563.4;563.8,561.1;476.2,528.8;453.1,568.0;510.8,519.6
37#518.9,739.2;551.2,647.5;486.7,664.8;427.2,645.0;404.9,540.9;412.4,627.7;459.5,654.9;523.9,545.9;531.3,533.5;563.6,483.9;580.9,548.4;573.5,602.9;568.5,565.7;481.8,528.5;476.8,568.2;514.0,548.4
38#529.1,754.9;556.5,657.7;489.2,662.7;437.0,637.8;412.0,535.7;412.0,615.4;464.3,647.8;531.6,545.7;539.0,530.7;568.9,480.9;586.4,590.5;583.9,617.9;578.9,563.1;486.8,523.3;412.0,528.3;432.0,563.1
39#531.3,774.5;552.6,668.0;502.0,652.1;446.1,633.4;424.8,537.6;422.1,617.5;472.7,644.1;539.3,540.3;544.6,527.0;573.9,471.0;592.5,601.5;595.2,622.8;584.5,558.9;494.0,519.0;470.0,572.2;507.3,572.2
40#534.2,789.4;551.8,701.1;513.6,651.1;457.7,633.5;528.3,668.8;522.4,762.9;487.1,639.4;543.0,533.5;548.9,521.7;576.8,464.3;601.8,598.2;607.7,621.7;593.0,551.1;498.9,512.9;445.9,545.2;437.1,609.9
41#534.1,791.8;551.7,700.9;513.6,651.0;457.9,633.5;531.2,668.6;525.3,762.5;487.2,639.3;542.9,533.8;548.8,519.1;582.5,464.9;601.6,598.3;607.4,621.7;589.8,551.4;501.9,513.3;443.2,545.5;437.4,610.0
42#536.2,803.3;552.2,716.9;526.6,646.4;472.1,633.6;533.0,700.8;520.2,777.7;497.8,643.2;549.0,524.7;555.4,515.1;582.7,452.6;590.7,598.3;619.5,614.4;600.3,543.9;501.0,505.5;459.3,553.5;452.9,604.7
43#543.3,814.0;553.0,720.5;533.6,643.0;478.8,626.9;527.2,707.6;527.2,794.7;504.6,636.6;553.0,517.2;559.4,501.1;583.6,454.3;585.2,610.8;627.2,607.5;607.8,536.6;501.3,494.6;469.1,510.7;511.0,494.6
44#557.0,819.8;550.2,721.6;540.1,637.0;482.5,620.1;526.5,708.1;536.7,799.5;513.0,626.8;553.6,505.0;560.4,491.4;589.2,442.4;604.4,623.5;631.5,596.4;604.4,525.3;496.1,477.9;458.8,471.1;475.8,477.9
45#567.9,819.1;551.5,720.8;544.9,629.0;492.5,619.2;528.5,717.5;554.7,809.3;518.7,625.8;554.7,497.9;564.6,481.6;585.9,450.4;607.2,629.0;636.7,589.7;603.9,517.6;502.3,478.3;454.8,450.4;459.7,583.2
46#564.5,815.1;557.6,715.0;550.7,621.8;492.1,618.4;481.7,625.3;502.4,704.6;523.1,621.8;557.6,501.0;561.1,480.3;583.5,440.6;605.9,621.8;647.4,580.4;605.9,514.8;509.3,473.4;459.3,440.6;466.2,440.6
47#566.2,819.1;558.5,718.2;550.7,621.2;496.4,617.3;492.5,640.6;550.7,811.4;523.5,621.2;562.3,497.0;562.3,489.3;585.6,419.4;608.9,621.2;647.7,578.5;608.9,516.4;511.9,473.7;457.6,423.3;533.2,394.2
48#562.5,812.1;566.7,719.9;558.3,627.7;499.6,619.3;508.0,661.2;516.4,728.3;528.9,623.5;558.3,493.5;558.3,485.2;579.2,418.1;600.2,594.1;658.9,569.0;608.6,514.5;503.8,472.6;470.3,405.5;510.1,357.3
49#563.2,803.7;571.5,712.9;559.1,630.3;505.4,622.0;517.8,667.5;509.5,750.0;530.2,630.3;559.1,494.0;563.2,489.9;579.7,423.8;608.6,560.1;670.5,556.0;608.6,514.7;509.5,477.5;480.6,407.3;507.5,347.5
50#565.4,788.0;584.3,697.4;557.9,633.3;508.8,629.5;516.4,678.6;508.8,765.4;531.5,633.3;565.4,497.4;565.4,493.7;584.3,425.7;633.4,520.1;674.9,538.9;610.7,512.5;520.2,482.3;478.6,425.7;503.2,363.5
51#571.3,761.6;595.9,666.9;553.8,638.8;508.1,631.8;518.7,684.4;504.6,775.7;536.2,635.3;567.8,501.9;567.8,498.4;588.9,431.7;613.4,484.4;669.6,512.4;609.9,515.9;522.2,487.9;473.0,445.8;495.8,391.3
52#571.9,736.4;604.5,653.2;564.7,645.9;510.4,638.7;514.0,707.5;503.1,797.9;535.7,645.9;568.3,504.8;568.3,501.2;593.6,439.6;615.3,457.7;662.4,486.7;611.7,515.6;524.9,493.9;474.2,461.4;499.5,399.8
53#575.4,735.6;604.2,652.8;564.6,645.6;510.6,642.0;514.2,706.8;503.4,796.8;535.8,645.6;568.2,505.3;571.8,501.7;593.4,440.5;615.0,458.5;661.8,487.3;611.4,512.5;525.0,494.5;474.6,462.1;501.6,395.5
54#576.5,709.1;598.6,639.4;572.9,639.4;517.8,639.4;506.8,720.2;495.8,812.0;547.2,639.4;569.2,507.2;569.2,503.5;591.2,437.4;613.3,426.4;657.3,470.5;616.9,514.5;525.1,496.2;477.4,477.8;503.1,415.4
55#576.6,704.5;596.6,635.4;573.0,634.4;518.0,634.7;506.0,715.7;494.6,807.6;547.4,634.5;568.3,502.5;568.3,498.6;589.5,432.5;613.0,422.6;657.2,466.4;616.4,509.4;523.5,492.2;476.1,476.4;500.2,415.2
56#576.8,699.9;594.6,631.5;573.2,629.4;518.2,629.9;505.2,711.2;493.4,803.3;547.5,629.6;567.4,497.9;567.4,493.7;587.8,427.5;612.7,418.9;657.0,462.3;616.0,504.4;521.9,488.2;474.8,475.1;497.3,414.9
57#576.9,695.3;592.6,627.5;573.3,624.4;518.5,625.2;504.4,706.7;492.3,798.9;547.7,624.8;566.5,493.2;566.5,488.7;586.0,422.6;612.3,415.1;656.9,458.2;615.5,499.3;520.3,484.2;473.6,473.7;494.5,414.7
58#577.0,690.7;590.6,623.5;573.4,619.4;518.7,620.4;503.6,702.3;491.1,794.5;547.9,619.9;565.6,488.5;565.6,483.8;584.3,417.6;612.0,411.4;656.8,454.1;615.1,494.2;518.7,480.2;472.3,472.3;491.6,414.5
59#577.1,686.1;588.6,619.6;573.6,614.4;518.9,615.7;502.8,697.8;489.9,790.1;548.1,615.0;564.7,483.9;564.7,478.9;582.6,412.7;611.7,407.6;656.6,450.1;614.6,489.2;517.0,476.2;471.0,471.0;488.7,414.3
60#577.3,681.5;586.6,615.6;573.7,609.4;519.1,610.9;502.0,693.3;488.7,785.8;548.2,610.1;563.8,479.2;563.8,474.0;580.9,407.7;611.4,403.9;656.5,446.0;614.2,484.1;515.4,472.2;469.7,469.6;485.8,414.0
61#577.4,676.9;584.6,611.6;573.8,604.4;519.4,606.2;501.2,688.8;487.6,781.4;548.4,605.3;562.9,474.5;562.9,469.1;579.2,402.8;611.0,400.1;656.4,441.9;613.7,479.0;513.8,468.2;468.5,468.3;483.0,413.8
62#577.5,672.3;582.7,607.7;574.0,599.3;519.6,601.4;500.4,684.3;486.4,777.0;548.6,600.4;562.0,469.9;562.0,464.1;577.4,397.8;610.7,396.4;656.3,437.8;613.3,474.0;512.2,464.2;467.2,466.9;480.1,413.6
63#577.7,667.7;580.7,603.7;574.1,594.3;519.8,596.7;499.6,679.8;485.2,772.6;548.8,595.5;561.1,465.2;561.1,459.2;575.7,392.9;610.4,392.6;656.1,433.7;612.8,468.9;510.6,460.2;465.9,465.5;477.2,413.4
64#577.8,663.1;578.7,599.7;574.2,589.3;520.0,591.9;498.8,675.4;484.0,768.3;548.9,590.6;560.2,460.5;560.2,454.3;574.0,388.0;610.1,388.8;656.0,429.6;612.3,463.8;509.0,456.2;464.6,464.2;474.3,413.1
65#577.9,658.5;576.7,595.8;574.4,584.3;520.2,587.2;498.0,670.9;482.8,763.9;549.1,585.7;559.3,455.9;559.3,449.4;572.3,383.0;609.8,385.1;655.9,425.5;611.9,458.8;507.4,452.2;463.3,462.8;471.4,412.9
66#578.1,653.9;574.7,591.8;574.5,579.3;520.5,582.4;497.2,666.4;481.7,759.5;549.3,580.9;558.4,451.2;558.4,444.5;570.6,378.1;609.4,381.3;655.7,421.4;611.4,453.7;505.8,448.2;462.1,461.4;468.6,412.7
67#578.2,649.4;572.7,587.8;574.6,574.3;520.7,577.7;496.3,661.9;480.5,755.1;549.5,576.0;557.4,446.5;557.4,439.6;568.9,373.1;609.1,377.6;655.6,417.3;611.0,448.6;504.2,444.2;460.8,460.1;465.7,412.5
68#578.3,644.8;570.7,583.9;574.8,569.3;520.9,572.9;495.5,657.4;479.3,750.8;549.6,571.1;556.5,441.9;556.5,434.6;567.1,368.2;608.8,373.8;655.5,413.3;610.5,443.6;502.5,440.2;459.5,458.7;462.8,412.2
69#578.5,640.2;568.7,579.9;574.9,564.3;521.1,568.2;494.7,652.9;478.1,746.4;549.8,566.2;555.6,437.2;555.6,429.7;565.4,363.2;608.5,370.1;655.3,409.2;610.1,438.5;500.9,436.2;458.2,457.4;459.9,412.0
70#578.6,635.6;566.7,575.9;575.0,559.3;521.4,563.4;493.9,648.4;477.0,742.0;550.0,561.4;554.7,432.5;554.7,424.8;563.7,358.3;608.1,366.3;655.2,405.1;609.6,433.4;499.3,432.2;457.0,456.0;457.1,411.8
71#578.7,631.0;564.7,572.0;575.2,554.3;521.6,558.7;493.1,644.0;475.8,737.6;550.2,556.5;553.8,427.9;553.8,419.9;562.0,353.4;607.8,362.5;655.1,401.0;609.1,428.4;497.7,428.2;455.7,454.6;454.2,411.6
72#578.8,626.4;562.7,568.0;575.3,549.3;521.8,553.9;492.3,639.5;474.6,733.3;550.3,551.6;552.9,423.2;552.9,415.0;560.3,348.4;607.5,358.8;655.0,396.9;608.7,423.3;496.1,424.2;454.4,453.3;451.3,411.3
73#579.0,621.8;560.7,564.0;575.4,544.3;522.0,549.2;491.5,635.0;473.4,728.9;550.5,546.7;552.0,418.5;552.0,410.0;558.5,343.5;607.2,355.0;654.8,392.8;608.2,418.2;494.5,420.2;453.1,451.9;448.4,411.1
74#579.1,617.2;558.7,560.1;575.6,539.3;522.2,544.4;490.7,630.5;472.2,724.5;550.7,541.8;551.1,413.9;551.1,405.1;556.8,338.5;606.9,351.3;654.7,388.7;607.8,413.2;492.9,416.2;451.8,450.5;445.5,410.9
75#579.2,612.6;556.7,556.1;575.7,534.3;522.5,539.7;489.9,626.0;471.1,720.1;550.9,537.0;550.2,409.2;550.2,400.2;555.1,333.6;606.5,347.5;654.6,384.6;607.3,408.1;491.3,412.2;450.6,449.2;442.7,410.7
76#579.4,608.0;554.8,552.1;575.8,529.2;522.7,534.9;489.1,621.5;469.9,715.8;551.0,532.1;549.3,404.5;549.3,395.3;553.4,328.6;606.2,343.8;654.4,380.5;606.9,403.0;489.7,408.2;449.3,447.8;439.8,410.4
77#579.5,603.4;552.8,548.2;576.0,524.2;522.9,530.2;488.3,617.0;468.7,711.4;551.2,527.2;548.4,399.9;548.4,390.4;551.7,323.7;605.9,340.0;654.3,376.5;606.4,398.0;488.0,404.2;448.0,446.5;436.9,410.2
78#579.6,598.8;550.8,544.2;576.1,519.2;523.1,525.4;487.5,612.6;467.5,707.0;551.4,522.3;547.5,395.2;547.5,385.4;549.9,318.7;605.6,336.3;654.2,372.4;606.0,392.9;486.4,400.2;446.7,445.1;434.0,410.0
79#579.8,594.2;548.8,540.2;576.2,514.2;523.3,520.7;486.7,608.1;466.4,702.6;551.6,517.4;546.6,390.5;546.6,380.5;548.2,313.8;605.2,332.5;654.0,368.3;605.5,387.8;484.8,396.2;445.4,443.7;431.2,409.8
80#579.9,589.6;546.8,536.3;576.4,509.2;523.6,516.0;485.9,603.6;465.2,698.3;551.7,512.6;545.7,385.9;545.7,375.6;546.5,308.9;604.9,328.7;653.9,364.2;605.0,382.8;483.2,392.2;444.2,442.4;428.3,409.5
81#580.0,585.0;544.8,532.3;576.5,504.2;523.8,511.2;485.1,599.1;464.0,693.9;551.9,507.7;544.8,381.2;544.8,370.7;544.8,303.9;604.6,325.0;653.8,360.1;604.6,377.7;481.6,388.2;442.9,441.0;425.4,409.3
82#577.1,588.2;549.2,528.9;584.1,494.0;531.7,497.5;482.9,584.7;469.0,678.9;556.2,494.0;542.2,365.0;545.7,361.5;542.2,291.7;606.7,272.5;643.4,316.1;598.0,351.0;482.9,382.4;444.5,434.7;423.6,420.8
83#577.3,588.8;549.3,529.2;584.3,494.2;531.8,497.7;482.7,585.3;468.7,676.4;556.3,494.2;542.3,368.0;545.8,361.0;542.3,290.9;607.1,278.7;643.9,315.5;594.8,350.5;482.7,382.0;444.2,434.6;423.1,420.6
84#579.6,602.5;532.0,507.1;587.6,487.3;539.9,487.3;472.4,542.9;480.3,654.1;563.7,487.3;543.9,360.2;543.9,356.2;535.9,288.6;595.5,229.1;631.3,288.6;591.5,344.3;484.3,376.0;448.5,439.6;424.7,427.7
85#572.7,607.4;534.4,515.4;588.0,481.0;542.1,481.0;465.5,519.3;484.6,615.0;565.0,481.0;534.4,354.6;534.4,346.9;519.1,285.6;595.7,228.2;634.0,281.8;584.2,331.6;480.8,377.6;446.3,442.7;423.3,435.0
86#578.3,625.4;539.0,518.4;585.4,479.1;531.9,482.7;457.0,475.6;485.6,571.9;560.4,482.7;528.3,354.3;524.8,343.6;503.4,283.0;596.1,250.9;638.9,297.3;578.3,329.3;471.3,375.7;442.8,443.5;421.4,454.2
87#585.5,635.9;550.7,534.5;578.0,474.0;523.5,477.0;466.0,452.8;487.2,534.5;550.7,477.0;514.4,352.9;511.4,340.8;490.2,280.2;591.6,260.6;635.5,313.5;565.9,331.7;459.9,374.1;435.7,440.7;414.5,471.0
88#585.2,656.5;564.1,557.8;564.1,462.6;511.2,466.1;542.9,557.8;567.6,628.3;539.4,466.1;504.1,349.8;500.6,342.7;477.7,277.5;583.5,277.5;627.5,325.1;560.5,328.6;447.7,370.9;426.6,441.4;412.5,480.2
89#585.0,650.8;564.1,552.2;551.6,462.6;500.0,465.5;531.3,549.0;549.1,622.4;527.8,465.5;498.9,350.2;496.0,342.6;477.8,277.7;581.9,293.7;618.0,339.3;555.1,331.9;442.7,367.2;413.2,430.3;410.7,462.1
90#584.7,645.0;564.2,546.7;539.2,462.6;488.7,464.9;519.6,540.2;530.7,616.5;516.2,464.9;493.8,350.5;491.4,342.5;477.8,277.9;580.3,309.9;608.6,353.6;549.8,335.3;437.7,363.5;399.8,419.2;408.8,443.9
91#584.5,639.3;564.2,541.1;526.8,462.6;477.5,464.4;508.0,531.3;512.2,610.5;504.6,464.4;488.6,350.9;486.9,342.4;477.8,278.0;578.8,326.1;599.1,367.8;544.5,338.6;432.7,359.7;386.3,408.0;407.0,425.8
92#584.3,633.6;564.2,535.5;514.3,462.6;466.3,463.8;496.4,522.5;493.7,604.6;493.0,463.8;483.4,351.2;482.3,342.3;477.9,278.2;577.2,342.3;589.7,382.0;539.1,341.9;427.7,356.0;372.9,396.9;405.2,407.7
93#584.0,627.8;564.3,530.0;501.9,462.6;455.0,463.2;484.7,513.7;475.3,598.7;481.4,463.2;478.3,351.6;477.7,342.2;477.9,278.4;575.6,358.5;580.2,396.3;533.8,345.3;422.7,352.3;359.5,385.8;403.3,389.5
94#583.8,622.1;564.3,524.4;489.4,462.6;443.8,462.6;473.1,504.9;456.8,592.8;469.8,462.6;473.1,351.9;473.1,342.1;478.0,278.6;574.0,374.7;570.8,410.5;528.4,348.6;417.7,348.6;346.1,374.7;401.5,371.4
95#583.8,622.1;564.3,524.4;489.4,462.6;443.8,462.6;473.1,504.9;456.8,592.8;469.8,462.6;473.1,351.9;473.1,342.1;478.0,278.6;574.0,374.7;570.8,410.5;528.4,348.6;417.7,348.6;346.1,374.7;401.5,371.4
96#576.6,597.2;573.2,494.4;480.7,467.0;432.8,467.0;473.9,508.2;446.5,604.1;456.7,467.0;470.4,350.6;470.4,340.3;479.0,270.1;573.2,388.2;566.4,415.7;525.2,354.0;412.2,343.7;340.3,343.7;391.6,350.6
97#570.5,570.2;587.7,459.7;477.3,470.1;429.0,470.1;466.9,528.7;439.3,625.4;453.1,470.1;466.9,345.8;470.4,335.5;479.0,271.6;580.8,397.6;570.5,414.9;525.6,356.2;411.7,332.0;346.1,318.2;418.6,287.2
98#561.8,542.7;593.8,443.2;487.2,464.5;430.4,471.6;458.8,546.2;437.5,645.7;458.8,468.1;465.9,336.6;465.9,333.1;481.9,270.9;565.4,407.7;576.0,407.7;522.8,350.8;412.6,322.4;352.2,290.5;396.6,278.0
99#553.6,510.1;589.5,420.3;490.7,460.7;432.4,469.7;454.8,559.5;432.4,658.3;463.8,465.2;463.8,326.0;463.8,326.0;481.8,258.7;567.1,397.9;585.0,393.4;522.2,339.5;414.4,312.6;365.0,267.7;405.4,209.3
100#552.3,483.7;587.2,399.0;492.5,453.8;437.6,463.8;442.6,563.5;447.6,668.2;467.6,458.8;467.6,319.2;467.6,324.2;487.5,254.3;552.3,379.0;597.2,374.0;522.4,329.1;422.7,309.2;382.8,244.4;392.8,169.6
101#552.5,485.0;587.6,394.9;497.5,454.9;437.5,464.9;442.5,565.0;447.5,670.1;467.5,459.9;467.5,319.8;467.5,319.8;487.5,254.8;552.5,369.9;597.6,369.9;522.5,329.8;422.4,309.8;382.4,244.8;392.4,169.7
102#542.9,475.4;578.3,384.5;497.5,445.1;437.0,460.2;442.0,566.2;447.1,677.3;467.2,450.1;472.3,318.9;472.3,313.9;492.5,248.3;553.0,344.2;603.5,354.3;522.8,329.0;426.9,303.8;386.5,238.2;386.5,172.6
103#543.8,471.9;577.2,381.0;486.4,433.6;433.8,448.0;433.8,562.7;438.6,672.7;462.5,438.4;476.8,309.3;476.8,309.3;500.7,247.2;548.5,452.8;605.9,342.8;524.6,323.7;429.0,295.0;366.9,252.0;381.2,189.8
104#538.7,487.1;585.7,393.0;483.1,435.8;431.8,444.3;427.6,555.5;427.6,662.4;461.8,440.0;478.9,311.8;478.9,311.8;504.5,243.4;538.7,307.5;607.1,320.3;530.2,320.3;427.6,299.0;359.2,264.8;376.3,209.2
105#536.7,501.7;578.1,406.8;483.5,434.1;432.4,441.4;417.9,545.5;419.0,650.9;461.4,437.7;474.5,309.7;474.5,308.6;495.3,240.7;524.6,288.0;590.4,306.1;524.5,315.4;423.3,299.9;361.4,278.8;376.6,222.4
106#534.7,516.3;570.4,420.5;484.0,432.5;433.1,438.5;408.1,535.5;410.3,639.3;461.1,435.5;470.0,307.7;470.0,305.5;486.1,238.0;510.5,268.4;573.6,291.8;518.7,310.5;419.1,300.7;363.7,292.8;377.0,235.5
107#532.7,530.9;562.8,434.3;484.4,430.8;433.7,435.6;398.4,525.5;401.7,627.8;460.7,433.2;465.6,305.6;465.6,302.3;476.9,235.3;496.4,248.9;556.9,277.6;513.0,305.6;414.8,301.6;365.9,306.8;377.3,248.7
108#530.6,545.4;555.1,448.1;484.9,429.1;434.3,432.8;388.6,515.6;393.0,616.2;460.4,430.9;461.1,303.6;461.1,299.2;467.7,232.6;482.4,229.3;540.2,263.3;507.2,300.6;410.6,302.5;368.1,320.7;377.6,261.8
109#528.6,560.0;547.5,461.9;485.3,427.4;434.9,429.9;378.9,505.6;384.4,604.7;460.0,428.6;456.7,301.5;456.7,296.0;458.5,229.9;468.3,209.8;523.5,249.1;501.5,295.7;406.3,303.4;370.3,334.7;377.9,275.0
110#526.6,574.6;539.8,475.6;485.8,425.8;435.6,427.0;369.1,495.6;375.7,593.1;459.7,426.4;452.2,299.5;452.2,292.9;449.3,227.2;454.2,190.2;506.7,234.8;495.7,290.8;402.1,304.2;372.6,348.7;378.3,288.1
111#524.6,589.2;532.2,489.4;486.2,424.1;436.2,424.1;359.4,485.6;367.1,581.6;459.3,424.1;447.8,297.4;447.8,289.7;440.1,224.5;440.1,170.7;490.0,220.6;490.0,285.9;397.8,305.1;374.8,362.7;378.6,301.3
112#525.8,602.2;509.8,502.4;477.9,422.6;422.0,418.6;334.2,462.5;358.2,558.3;449.9,422.6;430.0,298.9;430.0,286.9;422.0,223.1;424.0,153.3;473.9,211.1;473.9,286.9;378.1,306.9;374.1,370.7;374.1,314.9
113#525.6,605.8;509.7,502.2;477.8,418.5;422.0,418.5;334.4,462.4;358.3,558.0;449.9,422.5;430.0,299.0;430.0,287.0;422.0,223.3;424.0,153.6;473.8,215.3;473.8,287.0;378.2,307.0;374.2,370.7;374.2,318.9
114#526.9,611.5;496.4,519.8;470.2,419.4;422.2,423.8;304.3,436.9;348.0,532.9;444.0,419.4;409.1,301.6;409.1,288.5;400.4,223.0;422.2,153.2;457.1,209.9;452.7,284.1;361.1,314.7;369.8,375.8;369.8,336.5
115#542.9,612.8;494.2,524.1;454.3,417.7;405.5,426.6;276.9,413.3;339.0,501.9;432.1,422.1;392.2,302.4;392.2,289.1;383.3,227.1;418.8,165.0;449.8,218.2;436.5,284.7;347.8,315.7;352.3,382.2;352.3,342.3
116#544.0,614.9;493.8,522.8;439.4,422.4;385.0,430.8;263.7,393.1;334.8,476.8;414.3,426.6;380.8,301.1;380.8,292.7;368.3,225.8;418.5,179.8;443.6,234.1;426.8,284.3;334.8,317.8;322.2,380.6;334.8,338.7
117#546.5,615.3;491.9,521.9;425.7,428.4;371.2,436.2;258.3,385.5;328.4,451.8;394.6,432.3;367.3,311.5;367.3,299.9;355.6,229.8;408.2,204.4;433.5,249.2;417.9,284.3;316.7,323.2;270.0,377.8;305.0,405.0
118#539.0,602.5;482.9,511.3;409.3,434.2;349.7,437.7;244.5,381.6;314.6,455.2;381.2,437.7;353.2,304.5;353.2,304.5;349.7,234.3;397.0,218.6;426.8,272.9;405.8,293.9;300.6,318.5;244.5,343.0;286.6,336.0
119#539.0,602.5;482.9,511.3;409.3,434.2;349.7,437.7;244.5,381.6;314.6,455.2;381.2,437.7;353.2,304.5;353.2,304.5;349.7,234.3;397.0,218.6;426.8,272.9;405.8,293.9;300.6,318.5;244.5,343.0;286.6,336.0
120#530.0,591.3;475.4,501.3;391.8,440.3;330.8,449.9;253.7,398.5;321.1,482.0;362.9,440.3;343.6,315.0;343.6,308.6;342.0,239.5;406.3,239.5;420.7,298.9;391.8,302.1;289.0,318.2;231.2,315.0;295.4,279.6
121#502.9,568.8;463.2,488.0;378.3,444.2;318.1,452.4;255.1,422.3;323.6,507.2;348.2,446.9;331.8,318.3;334.5,310.0;340.0,249.8;397.5,247.1;411.2,307.3;381.1,315.5;282.5,315.5;230.5,290.9;279.7,244.3
122#475.5,557.4;450.2,468.8;361.6,449.8;304.6,456.2;266.7,446.7;317.3,519.4;333.1,453.0;326.8,320.1;326.8,320.1;333.1,256.8;396.4,266.3;412.2,323.3;374.2,323.3;279.3,320.1;238.2,272.6;266.7,215.7
123#438.9,534.1;435.6,449.1;357.2,462.2;291.8,465.5;255.8,452.4;314.7,534.1;324.5,462.2;324.5,324.9;324.5,328.2;331.0,266.0;393.1,282.4;412.8,338.0;373.5,331.4;278.7,321.6;252.5,266.0;255.8,207.2
124#407.2,513.6;423.0,425.2;356.7,459.9;287.2,469.4;258.8,475.7;315.6,557.8;322.0,459.9;325.1,336.8;325.1,333.7;334.6,270.6;394.5,302.1;410.3,355.8;375.6,336.8;277.8,324.2;243.0,276.9;255.7,223.2
125#407.0,510.2;422.8,425.1;356.6,459.8;287.3,469.2;259.0,475.5;315.7,557.4;318.8,466.1;325.1,336.9;325.1,333.8;334.6,270.8;394.4,302.3;410.2,355.8;375.5,336.9;277.9,324.3;243.2,277.1;255.8,223.5
126#380.1,506.5;408.9,407.2;357.7,464.9;293.6,468.1;264.7,493.7;316.0,573.8;322.4,468.1;328.8,336.7;328.8,333.4;348.0,272.6;402.5,323.8;405.7,371.9;376.9,343.1;280.7,323.8;232.7,291.8;253.5,238.9
127#366.0,501.1;372.6,448.3;362.7,461.5;299.9,461.5;266.9,501.1;316.4,586.9;329.7,461.5;336.3,332.8;333.0,332.8;356.1,273.4;408.9,339.4;405.6,382.3;382.5,346.0;290.0,322.9;233.9,299.8;253.7,256.9
128#359.3,514.7;371.9,452.0;361.2,453.6;302.0,451.6;269.8,492.3;305.9,577.0;330.0,452.6;339.5,328.1;338.3,326.1;360.4,265.6;412.4,349.8;407.1,385.6;386.6,341.0;291.3,319.5;235.6,311.2;252.9,270.4
129#352.7,528.2;371.1,455.6;359.7,445.8;304.2,441.7;272.8,483.4;295.4,567.0;330.4,443.8;342.8,323.5;343.7,319.4;364.6,257.9;415.8,360.3;408.6,388.8;390.7,336.0;292.7,316.1;237.4,322.7;252.1,283.9
130#346.0,541.8;370.4,459.3;358.2,437.9;306.3,431.8;275.7,474.6;284.9,557.1;330.7,434.9;346.0,318.8;349.0,312.7;368.9,250.1;419.3,370.7;410.1,392.1;394.8,331.0;294.0,312.7;239.1,334.1;251.3,297.4
131#346.9,541.6;368.3,459.2;356.1,437.9;304.2,431.8;276.8,474.5;285.9,556.8;331.7,434.8;346.9,319.0;350.0,312.9;369.8,250.4;420.1,370.8;410.9,392.2;395.7,331.2;295.1,312.9;237.2,334.2;252.4,297.6
132#345.0,548.2;368.4,454.6;362.6,428.2;312.8,425.3;280.7,445.8;280.7,536.5;336.2,428.2;345.0,317.1;350.9,299.5;361.1,251.2;421.1,369.7;429.9,384.3;397.7,322.9;292.4,308.3;242.6,346.3;251.4,311.2
133#344.4,556.9;363.8,472.5;363.8,423.8;315.1,414.1;276.2,423.8;282.7,501.7;341.1,420.6;344.4,313.5;347.6,297.2;359.0,237.2;419.0,358.9;445.0,368.6;396.3,316.7;292.4,303.7;247.0,355.7;253.5,326.4
134#344.2,571.4;363.5,484.2;363.5,419.6;311.8,409.9;279.5,409.9;286.0,468.0;337.7,416.4;340.9,306.5;344.2,290.4;355.5,237.1;408.8,316.2;460.5,345.3;395.8,306.5;286.0,300.1;253.7,361.4;256.9,335.6
135#345.1,582.9;365.9,485.9;355.5,413.2;310.5,406.2;334.7,489.4;327.8,572.5;334.7,409.7;341.7,298.8;345.1,285.0;353.8,220.9;428.3,267.6;466.4,316.1;400.6,295.4;286.2,295.4;255.0,357.7;251.6,343.9
136#349.8,589.6;360.4,497.9;353.3,406.1;296.8,395.5;328.6,455.5;328.6,572.0;325.1,399.0;339.2,286.1;342.7,279.1;355.1,210.2;439.8,217.3;462.7,282.6;392.1,286.1;286.2,286.1;240.4,342.6;254.5,342.6
137#349.8,590.0;360.4,498.1;353.3,406.1;296.7,395.5;328.5,455.6;328.5,572.3;325.0,399.0;339.2,285.8;342.7,278.8;355.1,216.9;441.7,222.2;463.0,282.3;392.2,285.8;286.1,285.8;240.1,342.4;254.3,342.4
138#359.1,595.8;355.5,493.4;340.9,398.3;289.7,394.7;318.9,453.2;340.9,573.8;318.9,398.3;333.5,277.7;337.2,270.4;357.3,206.4;452.4,199.1;454.2,259.4;384.7,274.0;282.4,277.7;220.2,321.6;249.5,328.9
139#361.5,589.8;354.3,490.1;336.5,394.0;286.7,390.4;322.3,450.9;365.0,515.0;311.6,394.0;333.0,272.9;333.0,265.8;356.1,203.5;448.7,210.6;446.9,262.2;382.8,269.3;276.0,269.3;204.8,304.9;251.1,304.9
140#357.5,578.8;364.6,486.1;332.5,393.4;282.6,386.2;336.1,471.8;329.0,568.1;311.1,393.4;325.4,268.6;329.0,261.4;352.1,206.1;446.6,222.2;439.5,282.8;378.9,268.6;268.3,265.0;200.6,279.3;243.4,279.3
141#363.0,563.2;379.7,459.9;316.3,383.3;279.7,379.9;353.0,446.6;339.7,539.9;299.7,379.9;319.7,263.3;323.0,260.0;349.7,200.0;443.0,240.0;433.0,286.6;369.7,273.3;266.4,256.6;203.1,246.7;266.4,226.7
142#368.0,538.0;394.8,442.3;306.8,388.7;272.4,381.1;356.6,404.0;341.3,507.3;291.5,384.9;318.3,262.5;322.1,258.6;341.3,197.4;440.7,251.0;425.4,296.9;364.2,273.9;276.2,251.0;218.8,220.4;276.2,182.1
143#368.0,537.7;394.8,442.2;306.9,388.7;272.5,381.0;356.6,404.0;341.3,507.2;291.6,384.8;318.3,262.5;322.2,258.7;345.1,197.6;440.6,251.1;425.4,296.9;364.2,274.0;272.5,251.1;219.0,220.5;276.3,182.3
144#386.6,504.9;402.5,409.8;299.5,386.0;271.7,382.1;343.1,397.9;354.9,504.9;287.6,382.1;315.3,259.2;319.3,255.3;339.1,195.8;446.1,267.2;418.4,302.8;358.9,271.1;275.7,239.4;236.1,199.8;279.6,144.3
145#396.9,471.9;400.8,374.3;307.1,386.0;272.0,382.1;354.0,413.4;357.9,514.8;291.5,382.1;314.9,253.4;318.8,253.4;338.3,194.8;439.8,276.8;412.5,308.0;361.8,272.9;275.9,237.8;240.8,190.9;279.8,140.2
146#392.8,435.0;403.6,345.3;310.3,374.0;270.9,374.0;353.4,427.8;357.0,524.7;292.4,374.0;321.1,252.0;324.7,252.0;346.2,187.4;439.5,284.3;410.8,316.6;367.7,269.9;278.0,234.1;231.4,201.8;276.2,164.1
147#390.9,403.9;351.5,439.8;322.8,368.1;272.6,368.1;333.6,432.6;355.1,533.0;297.7,368.1;326.4,246.1;326.4,242.6;355.1,181.6;441.1,296.3;408.9,317.9;376.6,267.7;279.8,228.2;229.6,213.9;278.0,176.2
148#358.4,539.4;329.7,453.5;326.2,360.5;283.2,356.9;311.9,442.8;351.2,528.7;304.7,360.5;336.9,246.0;336.9,238.8;360.2,172.6;444.2,306.8;419.2,317.6;383.4,260.3;283.2,228.1;233.1,228.1;276.1,188.7
149#358.4,541.1;329.7,454.8;326.1,357.9;283.0,357.9;311.7,444.1;351.2,530.3;304.5,357.9;336.8,246.5;336.8,239.3;360.2,172.9;444.6,307.6;419.4,318.4;383.5,260.9;286.6,228.6;232.7,228.6;275.8,189.1
150#348.1,539.3;321.8,450.5;338.2,351.9;288.9,351.9;308.6,440.7;328.3,519.6;311.9,351.9;341.5,243.3;348.1,226.9;366.2,185.8;404.0,358.4;436.9,319.0;394.1,253.2;292.2,223.6;236.2,243.3;275.7,203.8
151#329.3,533.9;322.6,433.5;356.0,346.5;302.5,343.2;319.2,426.8;329.3,530.5;329.3,346.5;349.3,236.1;356.0,222.7;384.5,177.6;449.7,329.8;439.7,316.4;399.5,256.2;299.1,212.7;238.9,249.5;269.0,232.8
152#379.8,388.1;411.5,312.0;360.8,346.9;306.8,343.7;325.9,426.2;319.5,521.3;335.4,346.9;360.8,235.9;370.3,216.8;387.7,180.4;455.9,324.7;449.6,315.2;411.5,251.7;306.8,220.0;246.6,248.6;256.1,242.2
153#383.4,397.3;427.4,312.5;367.7,347.0;314.3,340.7;326.9,431.8;314.3,519.7;339.4,343.9;370.9,233.9;377.1,215.1;394.4,182.1;468.2,315.6;465.1,309.3;421.1,246.5;314.3,215.1;245.2,240.2;282.9,237.1
154#381.4,414.5;438.8,330.3;369.9,341.8;316.3,341.8;331.7,429.8;316.3,525.5;343.1,341.8;377.6,230.9;385.2,211.7;412.0,158.2;484.7,276.8;477.0,299.7;427.3,246.2;320.2,211.7;247.5,230.9;297.2,227.0
155#381.4,413.6;438.8,329.3;369.9,340.8;316.3,340.8;331.6,428.9;316.3,524.6;343.1,340.8;373.7,229.8;385.2,210.7;412.0,157.1;484.8,275.8;477.1,298.7;427.3,245.1;320.1,214.5;247.4,229.8;293.4,229.8
156#378.1,428.1;438.2,342.6;365.4,339.4;317.9,339.4;327.4,437.6;317.9,529.4;340.1,339.4;381.3,228.6;390.7,215.9;405.0,182.7;498.4,244.4;501.6,285.6;431.9,244.4;333.8,212.8;257.8,215.9;310.0,189.0
157#376.4,448.5;431.2,366.3;369.6,342.3;321.6,342.3;325.0,448.5;318.2,537.6;345.6,342.3;390.1,232.7;393.6,225.9;419.3,165.9;503.2,219.0;516.9,267.0;445.0,249.8;338.8,212.2;270.2,201.9;323.3,165.9
158#370.8,466.3;425.9,383.6;374.3,352.6;326.1,345.7;322.6,452.5;315.8,545.4;346.7,349.2;398.4,235.5;401.8,232.1;422.5,170.1;501.7,190.8;518.9,245.9;446.6,249.3;350.2,218.3;295.1,190.8;331.2,158.1
159#369.2,480.7;420.5,403.7;380.2,359.7;332.5,352.3;317.8,447.7;314.1,543.1;358.2,356.0;398.5,238.6;398.5,231.3;427.8,179.9;501.2,168.9;512.2,227.6;438.8,253.3;354.5,220.3;303.1,198.3;339.8,154.3
160#372.6,501.7;415.5,419.4;394.0,365.6;340.3,362.0;293.7,440.9;308.1,530.4;369.0,365.6;401.2,243.8;404.8,240.3;429.9,186.5;501.5,154.3;505.1,215.2;447.8,251.0;354.6,229.5;304.5,215.2;336.7,172.2
161#373.8,500.4;416.4,418.6;395.1,365.3;341.8,361.7;295.6,439.9;306.2,532.4;366.7,365.3;402.2,240.9;402.2,240.9;430.7,184.0;501.8,155.6;505.3,216.0;448.4,251.5;352.5,230.2;302.7,216.0;338.2,169.8
162#373.7,518.6;410.9,436.7;399.8,373.4;347.6,369.6;276.8,425.5;314.1,518.6;373.7,369.6;403.5,246.7;407.2,246.7;425.8,190.9;500.3,161.1;496.6,213.2;448.2,254.2;362.5,243.0;306.6,231.8;340.2,187.1
163#374.6,532.0;405.4,448.7;401.6,376.5;352.4,372.8;271.7,401.7;327.7,533.2;375.8,372.8;402.9,250.2;405.3,249.0;420.1,190.2;499.7,175.1;500.9,225.4;448.2,255.2;358.8,245.3;305.9,246.2;340.3,200.9
164#375.6,545.4;399.9,460.6;403.4,379.7;357.3,376.0;266.6,377.9;341.3,547.8;378.0,376.0;402.2,253.6;403.5,251.2;414.5,189.6;499.2,189.2;505.1,237.7;448.3,256.1;355.0,247.6;305.3,260.7;340.5,214.6
165#376.5,558.8;394.4,472.6;405.2,382.8;362.1,379.2;261.5,354.1;354.9,562.4;380.1,379.2;401.6,257.1;401.6,253.5;408.8,188.9;498.6,203.2;509.4,249.9;448.3,257.1;351.3,249.9;304.6,275.1;340.6,228.4
166#384.9,562.5;392.2,471.1;403.2,379.7;359.3,368.7;267.9,328.5;366.6,544.2;381.2,372.3;395.9,251.7;399.5,248.0;406.8,185.9;498.2,218.8;509.2,262.7;447.0,259.0;344.7,244.4;300.8,288.3;333.7,244.4
167#384.9,562.2;392.2,470.9;403.2,379.7;359.4,368.7;268.1,328.6;366.7,543.9;381.3,372.4;395.9,251.9;399.5,248.2;405.0,180.7;498.1,219.0;509.0,262.8;447.0,255.5;344.8,244.6;301.0,288.4;333.8,244.6
168#392.4,554.1;392.4,456.9;406.8,370.4;356.4,359.6;280.8,320.0;378.0,539.7;381.6,366.8;396.0,251.6;396.0,244.4;401.4,181.4;493.2,233.6;504.1,273.2;442.8,255.2;345.6,244.4;298.8,305.6;295.2,323.6
169#388.7,538.6;399.2,444.4;409.7,360.7;357.3,353.7;284.1,339.7;336.4,430.4;381.8,357.2;392.2,249.0;395.7,242.1;401.0,177.5;493.4,249.0;503.9,283.9;448.0,252.5;339.9,242.1;315.5,297.9;326.0,277.0
170#388.6,511.0;408.3,425.8;408.3,350.5;355.9,343.9;293.7,366.9;336.2,445.5;382.1,347.2;391.9,242.4;391.9,232.6;406.7,178.5;493.5,258.8;503.3,291.5;444.3,249.0;336.2,235.8;316.6,298.1;339.5,275.2
171#398.5,489.6;426.2,408.9;411.1,345.5;358.5,339.6;298.1,374.9;335.9,455.4;384.5,342.8;395.5,238.9;396.1,227.3;409.5,177.4;492.5,260.2;506.0,288.2;448.1,246.1;340.3,233.0;312.6,290.4;337.2,272.7
172#408.4,468.2;444.1,391.9;413.9,340.5;361.1,335.3;302.5,383.0;335.5,465.3;386.9,338.5;399.1,235.4;400.3,222.0;412.3,176.3;491.5,261.6;508.6,285.0;451.9,243.2;344.3,230.2;308.7,282.7;335.0,270.2
173#418.3,446.8;462.0,375.0;416.8,335.4;363.8,330.9;306.8,391.0;335.2,475.2;389.3,334.1;402.7,231.9;404.6,216.7;415.2,175.3;490.4,263.0;511.3,281.7;455.6,240.2;348.4,227.4;304.7,274.9;332.7,267.6
174#428.2,425.4;479.9,358.0;419.6,330.4;366.4,326.6;311.2,399.1;334.8,485.1;391.7,329.8;406.3,228.4;408.8,211.4;418.0,174.2;489.4,264.4;513.9,278.5;459.4,237.3;352.4,224.6;300.8,267.2;330.5,265.1
175#438.1,404.0;497.8,341.1;422.4,325.4;369.0,322.3;315.6,407.1;334.5,495.0;394.1,325.4;409.9,224.9;413.0,206.1;420.8,173.1;488.4,265.8;516.6,275.2;463.2,234.4;356.5,221.8;296.8,259.5;328.2,262.6
176#463.6,391.1;517.1,320.8;420.1,330.9;369.8,327.5;333.0,414.6;333.0,508.3;393.3,330.9;416.7,220.4;423.4,207.0;438.5,158.5;480.3,237.1;530.5,267.3;470.3,227.1;363.2,213.7;299.5,237.1;349.8,227.1
177#482.1,383.7;525.6,300.3;427.7,322.0;380.5,318.4;347.9,427.2;326.1,525.1;405.9,322.0;427.7,209.6;427.7,206.0;453.1,144.3;500.2,206.0;543.8,253.1;482.1,220.5;373.3,202.3;318.9,209.6;337.0,209.6
178#504.2,381.2;529.1,289.6;433.4,318.7;387.6,318.7;362.6,422.8;321.0,535.2;408.4,318.7;437.6,202.2;441.7,202.2;466.7,143.9;508.3,177.2;545.8,223.0;483.4,218.9;391.8,193.9;358.5,177.2;408.4,156.4
179#502.7,380.8;527.5,289.8;436.5,318.7;386.8,318.7;362.0,426.3;320.7,533.9;407.5,318.7;440.6,202.9;440.6,202.9;465.4,145.0;506.8,174.0;548.2,223.6;486.1,215.3;395.1,194.6;357.9,178.1;407.5,157.4
180#522.4,382.8;529.8,289.8;448.0,323.3;399.7,323.3;358.8,423.7;340.2,516.6;422.0,323.3;448.0,208.0;451.7,204.3;470.3,144.8;515.0,141.0;537.3,193.1;488.9,219.1;399.7,189.4;388.5,159.6;444.3,118.7
181#537.7,390.6;533.9,302.7;465.0,333.3;411.5,333.3;354.1,413.6;358.0,509.2;434.4,333.3;457.4,210.9;461.2,210.9;480.3,145.9;518.6,123.0;526.2,176.5;499.5,214.7;415.3,199.4;423.0,149.7;465.0,107.7
182#538.7,404.5;535.1,316.6;467.7,343.0;414.4,343.0;362.8,412.6;370.1,505.0;438.0,342.7;459.4,220.7;462.7,220.3;481.4,156.7;517.1,137.6;525.8,189.3;502.1,223.7;417.4,210.3;423.1,170.7;463.4,126.5
183#539.8,418.4;536.3,330.4;470.3,352.7;417.2,352.7;371.6,411.7;382.3,500.9;441.5,352.1;461.4,230.4;464.2,229.8;482.4,167.4;515.7,152.2;525.3,202.0;504.6,232.6;419.4,221.2;423.2,191.7;461.9,145.2
184#540.8,432.3;537.5,344.3;473.0,362.4;420.1,362.4;380.3,410.7;394.4,496.7;445.1,361.5;463.4,240.2;465.7,239.2;483.5,178.2;514.2,166.8;524.9,214.8;507.2,241.6;421.5,232.0;423.4,212.7;460.3,164.0
185#541.8,446.2;538.7,358.2;475.7,372.1;422.9,372.1;389.0,409.7;406.6,492.5;448.6,370.8;465.4,249.9;467.3,248.6;484.6,188.9;512.8,181.3;524.4,227.6;509.7,250.5;423.5,242.9;423.5,233.7;458.8,182.8
186#542.9,460.1;539.8,372.0;478.3,381.9;425.8,381.9;397.8,408.7;418.7,488.4;452.2,380.2;467.3,259.7;468.8,258.1;485.7,199.7;511.4,195.9;524.0,240.3;512.3,259.5;425.6,253.8;423.6,254.6;457.2,201.6
187#543.9,474.0;541.0,385.9;481.0,391.6;428.7,391.6;406.5,407.8;430.8,484.2;455.8,389.6;469.3,269.5;470.3,267.5;486.8,210.4;509.9,210.5;523.5,253.1;514.9,268.5;427.7,264.6;423.8,275.6;455.6,220.3
188#545.0,487.9;542.2,399.7;483.6,401.3;431.5,401.3;415.3,406.8;443.0,480.1;459.3,399.0;471.3,279.2;471.8,277.0;487.8,221.2;508.5,225.1;523.1,265.8;517.4,277.4;429.7,275.5;423.9,296.6;454.1,239.1
189#546.0,501.8;543.4,413.6;486.3,411.0;434.4,411.0;424.0,405.8;455.1,475.9;462.9,408.4;473.3,289.0;473.3,286.4;488.9,231.9;507.0,239.7;522.6,278.6;520.0,286.4;431.8,286.4;424.0,317.6;452.5,257.9
190#547.1,498.8;538.7,409.1;485.4,409.1;443.4,406.3;437.8,411.9;451.8,493.2;463.0,409.1;474.2,297.0;474.2,291.4;488.2,235.4;505.0,260.6;521.9,291.4;516.2,297.0;429.4,297.0;404.1,344.7;440.6,330.7
191#547.1,498.9;538.7,409.2;485.4,406.4;443.4,406.4;437.7,412.0;451.8,493.3;463.0,409.2;474.2,297.0;474.2,291.4;488.2,235.3;502.3,260.5;521.9,291.4;516.3,297.0;429.3,297.0;404.1,344.7;440.6,330.6
192#543.4,493.3;537.8,403.7;487.4,409.3;442.6,406.5;453.8,437.3;451.0,518.5;465.0,409.3;470.6,300.1;473.4,288.9;487.4,235.7;498.6,280.5;518.2,302.9;518.2,297.3;423.0,300.1;411.8,350.5;442.6,342.1
193#532.0,480.8;537.8,395.9;491.0,401.7;441.2,401.7;455.8,448.6;447.0,530.6;464.6,404.7;467.5,299.2;470.5,290.4;492.4,245.0;491.0,349.0;520.3,328.5;517.3,299.2;417.7,302.1;408.9,354.9;450.0,351.9
194#528.4,463.4;537.4,388.6;489.5,397.6;441.6,397.6;459.5,457.4;444.5,541.3;465.5,397.6;468.5,292.8;474.5,283.8;494.0,237.4;525.4,325.7;531.4,337.7;516.4,292.8;423.6,292.8;417.6,346.7;450.5,343.7
195#523.6,444.3;540.6,369.4;486.1,393.2;445.3,393.2;452.1,464.7;445.3,549.8;469.1,393.2;469.1,291.1;475.9,277.5;496.3,223.0;520.2,314.9;537.2,335.4;513.4,294.5;428.3,284.3;407.8,335.4;445.3,318.3
196#447.8,554.7;447.8,471.8;487.5,385.7;444.5,382.4;451.1,471.8;444.5,561.3;467.7,382.4;477.6,279.7;477.6,276.4;505.8,218.4;520.7,422.2;547.2,332.7;524.0,286.3;427.9,269.8;388.2,319.5;411.3,326.1
197#447.7,554.9;447.7,472.0;487.6,385.7;444.4,382.4;451.1,472.0;444.4,561.6;467.7,382.4;477.6,279.5;477.6,276.2;505.8,218.1;520.8,422.2;547.3,335.9;524.1,286.1;427.8,272.9;391.3,319.3;411.2,326.0
198#436.2,550.5;445.9,472.7;488.1,378.6;442.7,378.6;439.4,472.7;442.7,557.0;468.6,378.6;484.8,271.7;488.1,261.9;505.9,221.4;517.3,407.8;565.9,323.5;530.2,281.4;439.4,261.9;381.1,291.1;377.8,287.9
199#436.6,528.1;542.6,332.8;496.2,379.1;439.9,379.1;436.6,471.8;443.2,557.9;466.4,375.8;483.0,266.6;483.0,256.6;511.1,218.6;545.9,286.4;579.0,309.6;526.0,273.2;443.2,256.6;373.7,259.9;423.4,250.0
200#485.6,415.4;539.2,347.5;496.4,376.1;442.8,372.5;435.6,465.4;442.8,561.8;467.8,372.5;485.6,265.3;485.6,261.8;510.6,204.6;567.8,268.9;592.8,297.5;532.1,272.5;442.8,251.0;382.0,229.6;396.3,197.5
201#486.8,427.1;534.8,349.5;490.5,371.7;446.1,371.7;431.3,464.0;438.7,552.7;468.3,371.7;483.1,264.5;483.1,260.8;508.9,209.1;575.4,249.7;597.6,283.0;527.4,275.6;438.7,253.4;390.7,216.5;399.9,170.3
202#487.8,448.5;523.4,373.8;491.3,370.2;448.6,370.2;416.6,459.2;438.0,544.6;466.4,370.2;484.2,267.0;484.2,263.4;509.1,210.1;576.7,259.9;601.7,288.4;530.5,277.7;441.5,252.8;395.3,220.7;393.5,172.7
203#487.8,448.9;523.5,373.8;491.4,370.2;448.5,370.2;419.8,463.2;437.7,545.5;469.9,366.6;484.2,266.5;484.2,262.9;509.2,212.9;577.2,259.4;598.6,288.0;530.7,277.2;441.3,255.8;394.8,220.0;393.0,171.7
204#488.7,457.3;516.5,392.5;498.0,373.9;448.6,370.8;402.2,448.1;433.1,525.3;470.2,370.8;485.6,272.0;485.6,272.0;507.3,216.3;572.2,265.8;596.9,296.7;535.1,281.2;442.4,262.7;389.8,234.9;388.3,193.2
205#486.4,467.9;509.8,401.3;495.9,378.6;446.4,375.1;401.7,433.0;429.8,506.4;468.2,376.3;484.1,276.1;484.1,274.9;505.4,220.7;568.3,277.1;588.7,308.3;531.8,285.5;441.1,266.0;386.2,241.5;387.9,202.4
206#484.2,478.4;503.1,410.1;493.8,383.3;444.2,379.3;401.2,418.0;426.6,487.6;466.2,381.8;482.7,280.2;482.7,277.8;503.4,225.1;564.5,288.3;580.5,319.9;528.5,289.8;439.9,269.3;382.6,248.0;387.4,211.6
207#481.9,489.0;496.3,418.8;491.7,388.1;442.1,383.6;400.7,402.9;423.3,468.7;464.3,387.3;481.2,284.3;481.2,280.6;501.4,229.4;560.6,299.6;572.3,331.5;525.2,294.1;438.6,272.7;378.9,254.6;386.9,220.8
208#479.7,499.6;489.6,427.6;489.6,392.8;439.9,387.8;400.2,387.8;420.0,449.9;462.3,392.8;479.7,288.4;479.7,283.5;499.5,233.8;556.7,310.8;564.1,343.1;521.9,298.4;437.4,276.0;375.3,261.1;386.5,230.0
209#480.6,502.7;488.1,428.4;488.1,393.7;441.0,388.7;398.9,381.3;421.2,448.2;463.3,393.7;478.1,287.2;480.6,282.2;501.7,231.5;554.9,312.0;564.8,341.7;522.7,297.1;436.0,277.3;376.6,260.0;387.8,231.5
210#475.7,519.5;484.1,441.6;481.3,388.6;436.8,383.1;406.1,380.3;425.6,472.2;459.0,388.6;478.5,288.4;478.5,285.6;498.0,232.7;559.3,324.6;562.1,341.3;520.3,299.5;436.8,277.2;378.3,271.7;383.8,238.2
211#473.0,534.1;478.6,450.3;481.4,386.1;436.7,380.5;414.3,386.1;422.7,483.8;456.2,383.3;475.8,288.3;478.6,280.0;499.5,228.3;567.9,355.4;554.0,338.6;517.7,299.5;436.7,277.2;375.2,280.0;380.8,254.8
212#473.5,537.2;473.5,452.9;473.5,380.5;425.3,371.5;434.4,425.7;425.3,495.0;449.4,377.5;473.5,284.1;476.5,281.1;497.6,223.8;563.9,371.5;551.9,347.4;515.7,296.1;437.4,269.0;371.1,287.1;377.1,263.0
213#473.0,535.4;469.8,456.9;469.8,375.3;425.9,369.0;429.0,450.6;422.8,507.1;447.9,372.1;473.0,278.0;473.0,274.9;498.1,218.4;567.1,369.0;551.5,343.9;513.8,293.7;432.2,265.4;382.0,290.5;350.6,309.4
214#463.6,529.2;470.2,447.2;466.9,368.5;427.6,358.6;427.6,420.9;430.8,506.2;447.2,361.9;470.2,273.4;470.2,270.1;496.4,214.3;525.9,358.6;548.9,339.0;512.8,286.5;427.6,257.0;378.4,283.2;345.6,322.6
215#463.6,529.9;470.2,448.1;466.9,366.2;427.6,359.7;427.6,421.9;430.9,503.7;447.3,362.9;470.2,271.3;470.2,271.3;496.4,212.4;529.1,359.7;548.7,340.0;512.7,287.7;427.6,258.2;375.3,284.4;342.5,323.7
216#457.9,510.3;474.4,447.6;461.2,361.8;418.2,355.2;431.4,421.2;418.2,516.9;438.0,358.5;464.5,269.4;467.8,262.8;497.5,210.0;523.9,365.1;543.7,335.4;507.4,282.6;424.8,252.9;362.1,285.9;342.3,335.4
217#455.9,478.9;485.7,439.2;452.6,356.4;409.5,353.1;432.7,422.6;416.2,521.9;432.7,353.1;462.5,260.4;465.8,257.1;495.6,204.1;525.4,363.0;538.7,329.9;505.6,277.0;422.8,247.2;356.6,280.3;340.0,343.2
218#452.5,441.2;506.4,427.7;452.5,357.0;402.0,357.0;418.9,441.2;415.5,532.0;425.6,353.7;452.5,259.5;459.2,252.7;487.8,197.2;526.5,357.0;533.3,323.4;499.6,272.9;412.1,242.6;348.2,266.2;354.9,343.6
219#536.6,423.9;516.6,407.3;436.7,340.6;386.7,340.6;420.0,437.2;410.0,543.9;413.3,340.6;446.7,254.0;453.3,247.3;488.3,192.3;523.3,357.3;530.0,314.0;493.3,264.0;406.7,237.3;340.0,244.0;376.7,247.3
220#539.8,447.3;532.7,390.8;437.2,337.7;387.7,337.7;412.5,440.3;419.6,521.6;412.5,337.7;444.3,245.8;447.8,242.3;481.4,184.0;522.1,348.4;522.1,305.9;490.3,260.0;398.3,228.2;345.3,221.1;363.0,214.0
221#539.1,445.1;532.0,391.8;436.2,338.6;386.5,338.6;411.4,438.0;418.5,523.1;411.4,338.6;443.3,246.3;450.4,242.8;480.6,184.2;524.9,349.2;521.4,306.7;489.5,260.5;397.2,232.1;344.0,221.5;361.7,214.4
222#463.4,404.0;535.4,360.8;434.6,339.3;391.4,346.5;405.8,432.8;416.6,519.2;413.0,346.5;438.2,238.5;445.4,231.3;477.8,180.9;524.6,332.1;513.8,303.3;481.4,252.9;398.6,220.5;359.0,191.7;389.6,168.3
223#479.2,397.7;524.0,341.7;438.1,338.0;389.6,341.7;408.3,431.3;419.5,513.4;412.0,341.7;438.1,237.2;438.1,229.8;475.5,181.2;524.0,315.6;497.9,289.5;471.7,248.4;397.1,222.3;367.2,181.2;402.7,145.8
224#482.1,396.4;504.5,325.6;426.2,329.3;389.0,329.3;415.1,426.2;418.8,508.1;403.9,329.3;433.7,232.5;433.7,228.8;470.9,176.6;523.1,299.5;500.7,295.8;463.5,243.7;400.2,228.8;407.6,292.1;398.3,141.2
