1#608.8,688.4;648.9,603.7;764.8,612.6;791.6,626.0;787.1,741.9;800.5,853.3;778.2,617.1;693.5,514.5;693.5,514.5;644.5,447.7;570.9,400.9;626.7,421.0;706.9,496.7;675.7,519.0;582.1,478.9;528.6,425.4
2#609.1,692.6;649.0,603.9;764.4,612.7;791.0,626.1;786.5,745.8;799.8,856.7;777.7,617.2;693.4,515.2;693.4,515.2;644.6,448.6;571.4,402.1;640.2,430.9;706.7,497.4;675.7,519.6;582.5,479.7;529.3,426.5
3#610.3,695.8;646.0,606.7;757.3,611.2;784.1,620.1;770.7,735.9;797.4,856.2;770.7,615.6;695.0,517.6;695.0,517.6;641.5,446.3;601.4,673.5;646.0,428.5;703.9,499.8;677.1,522.1;583.6,482.0;530.1,424.0
4#610.0,695.0;636.6,601.9;743.1,606.3;774.2,619.6;738.7,726.1;791.9,837.0;756.4,610.7;689.8,504.2;694.3,508.7;641.0,442.1;607.8,400.0;658.8,419.9;707.6,486.5;672.1,517.5;583.3,482.0;534.5,428.8
5#609.7,687.4;623.7,592.7;728.9,592.7;760.4,613.7;700.8,715.4;776.2,787.3;753.4,603.2;686.8,494.5;690.3,501.6;641.2,442.0;574.6,357.8;648.2,403.4;700.8,466.5;669.3,515.6;574.6,480.5;532.6,427.9
6#607.7,683.7;611.4,589.9;723.1,589.9;744.8,607.9;643.8,683.7;607.7,698.1;733.9,600.7;679.9,485.4;683.5,485.4;633.0,427.7;586.1,362.8;661.8,395.2;690.7,449.3;661.8,514.2;568.1,481.8;532.0,431.3
7#604.6,682.2;605.8,587.6;702.4,578.0;715.8,592.4;618.0,651.8;584.9,675.8;709.3,586.5;660.3,470.1;663.5,469.1;618.6,408.7;592.9,367.6;657.5,392.6;675.7,437.5;638.8,495.7;546.5,462.7;513.8,411.4
8#601.6,680.7;600.2,585.3;681.7,566.1;686.8,576.9;592.2,619.8;562.0,653.5;684.8,572.4;640.6,454.9;643.4,452.8;604.2,389.7;599.7,372.4;653.3,390.1;660.8,425.7;615.9,477.3;524.8,443.5;495.7,391.4
9#598.5,679.3;594.6,583.1;661.0,554.2;657.9,561.4;566.5,587.9;539.2,631.1;660.2,558.2;621.0,439.6;623.4,436.4;589.7,370.7;606.6,377.1;649.0,387.5;645.8,414.0;592.9,458.8;503.2,424.4;477.5,371.5
10#595.5,677.8;589.0,580.8;640.3,542.3;628.9,545.9;540.7,555.9;516.4,608.8;635.6,544.0;601.4,424.4;603.4,420.1;575.3,351.7;613.4,381.9;644.8,384.9;630.9,402.2;569.9,440.4;481.5,405.3;459.3,351.6
11#592.4,676.3;583.3,578.5;619.7,530.4;599.9,530.4;514.9,524.0;493.5,586.5;611.1,529.9;581.7,409.1;583.3,403.8;560.9,332.7;620.2,386.7;640.5,382.4;615.9,390.4;547.0,421.9;459.9,386.1;441.2,331.6
12#589.4,674.8;577.7,576.2;599.0,518.5;570.9,514.9;489.1,492.0;470.7,564.2;586.5,515.7;562.1,393.9;563.3,387.5;546.5,313.7;627.0,391.5;636.3,379.8;601.0,378.6;524.0,403.5;438.2,367.0;423.0,311.7
13#586.3,673.4;572.1,574.0;578.3,506.6;542.0,499.4;463.4,460.1;447.9,541.8;561.9,501.5;542.5,378.6;543.3,371.1;532.0,294.7;633.9,396.2;632.0,377.2;586.0,366.9;501.0,385.0;416.6,347.9;404.8,291.8
14#583.3,671.9;566.5,571.7;557.6,494.7;513.0,483.9;437.6,428.1;425.0,519.5;537.4,487.4;522.8,363.4;523.2,354.8;517.6,275.7;640.7,401.0;627.8,374.7;571.1,355.1;478.1,366.6;394.9,328.7;386.7,271.8
15#580.2,670.4;560.9,569.4;536.9,482.8;484.0,468.4;411.8,396.2;402.2,497.2;512.8,473.2;503.2,348.1;503.2,338.5;503.2,256.7;647.5,405.8;623.5,372.1;556.1,343.3;455.1,348.1;373.3,309.6;368.5,251.9
16#593.6,479.4;538.7,541.1;525.0,462.2;470.1,465.6;394.7,403.9;401.5,499.9;497.6,462.2;473.6,342.2;477.0,335.3;480.4,259.9;435.8,201.6;477.0,259.9;511.3,338.8;439.3,345.6;377.5,311.3;346.7,246.1
17#514.0,589.5;515.6,526.4;503.3,461.7;438.6,471.0;380.1,434.0;401.7,511.0;475.6,471.0;454.0,341.7;454.0,335.5;454.0,264.7;435.5,212.4;460.2,267.8;484.8,341.7;410.9,341.7;346.3,314.0;349.4,261.7
18#499.9,578.6;500.8,513.4;485.8,470.0;418.1,477.4;363.4,436.3;376.3,511.4;453.7,477.4;438.8,348.5;439.2,339.9;441.4,274.7;434.7,239.1;458.1,300.5;471.0,346.9;396.0,347.7;341.1,324.7;349.9,289.7
19#485.9,567.6;486.0,500.3;468.3,478.2;397.6,483.8;346.6,438.5;350.8,511.8;431.8,483.8;423.6,355.3;424.4,344.4;428.8,284.8;434.0,265.7;456.0,333.2;457.2,352.1;381.0,353.7;335.9,335.4;350.5,317.6
20#471.8,556.7;471.3,487.3;450.8,486.5;377.2,490.2;329.9,440.8;325.4,512.1;409.9,490.2;408.4,362.0;409.6,348.8;416.1,294.8;433.2,292.4;453.9,365.9;443.4,357.2;366.1,359.6;330.7,346.2;351.0,345.6
21#457.8,545.7;456.5,474.2;433.3,494.7;356.7,496.6;313.1,443.0;299.9,512.5;388.0,496.6;393.2,368.8;394.8,353.3;403.5,304.9;432.5,319.0;451.8,398.6;429.6,362.4;351.1,365.6;325.5,356.9;351.6,373.5
22#443.7,534.8;441.7,461.2;415.8,503.0;336.2,503.0;296.4,445.3;274.5,512.9;366.1,503.0;378.0,375.6;380.0,357.7;390.9,314.9;431.7,345.7;449.7,431.3;415.8,367.6;336.2,371.6;320.3,367.6;352.1,401.5
23#432.9,587.9;442.8,488.6;403.1,515.9;331.1,503.5;283.9,463.8;271.5,540.7;370.8,506.0;375.8,381.8;375.8,366.9;390.7,307.4;477.5,352.0;472.6,396.7;422.9,379.4;323.6,379.4;316.2,424.0;363.3,409.1
24#447.7,618.6;436.5,517.3;394.3,517.3;335.2,511.7;270.5,489.2;279.0,587.6;369.0,514.5;377.4,387.9;377.4,373.9;387.2,310.6;481.5,387.9;478.7,424.5;428.0,385.1;324.0,382.3;284.6,407.6;324.0,407.6
25#451.9,634.3;433.6,524.3;390.8,521.2;317.5,509.0;268.5,512.1;289.9,612.9;357.2,518.2;375.5,392.9;378.6,380.6;398.5,311.9;491.7,411.2;473.3,441.8;427.5,395.9;323.6,383.7;265.5,392.9;296.1,399.0
26#446.8,635.7;440.4,524.4;389.5,521.2;316.3,505.3;281.3,533.9;300.4,638.9;351.3,514.8;380.0,393.9;383.1,384.4;410.2,319.2;497.7,444.8;427.7,444.8;427.7,403.5;329.0,381.2;262.2,374.9;300.4,390.8
27#438.9,620.9;445.2,517.5;398.2,520.6;326.1,517.5;297.9,548.8;313.6,664.7;360.6,520.6;391.9,401.6;398.2,389.0;424.8,324.8;510.9,473.6;482.8,473.6;442.0,414.1;348.0,385.9;272.9,351.5;332.4,348.3
28#435.2,599.6;454.0,505.6;400.8,521.3;335.0,524.4;316.2,583.9;322.5,693.5;363.2,518.2;410.2,408.6;416.4,392.9;436.8,350.7;526.0,502.5;494.7,493.1;460.3,424.2;363.2,389.8;328.8,452.4;360.1,452.4
29#441.9,576.3;466.8,487.2;413.4,526.4;352.8,526.4;342.2,611.9;335.0,718.8;384.9,526.4;427.7,416.0;431.2,398.1;454.4,339.4;538.1,526.4;502.5,501.5;477.5,430.2;388.5,391.0;342.2,444.5;370.7,458.7
30#465.1,553.8;481.1,489.6;437.0,529.7;372.9,533.7;352.8,634.0;336.8,738.2;404.9,533.7;445.0,413.4;449.1,405.4;481.1,329.2;545.3,561.8;525.2,509.7;493.2,433.5;400.9,389.4;378.9,315.2;402.9,307.2
31#485.2,583.7;481.3,513.9;446.4,533.3;392.2,537.2;365.0,649.6;330.1,750.4;419.3,537.2;465.8,420.9;473.6,409.3;506.5,333.6;562.8,568.2;547.2,510.1;512.4,440.3;427.1,397.6;434.8,459.7;489.1,541.1
32#497.3,625.3;518.7,529.3;460.0,534.6;406.7,540.0;385.3,641.3;348.0,758.7;433.3,534.6;481.3,412.0;486.7,406.6;529.3,347.9;582.7,518.6;572.0,486.6;513.3,433.3;454.7,379.9;433.3,310.6;449.3,257.3
33#500.1,659.0;555.6,575.7;486.2,543.3;426.0,547.9;398.3,659.0;365.8,765.5;458.4,543.3;504.7,422.9;509.3,413.7;546.4,348.9;611.2,497.0;615.8,497.0;551.0,446.1;467.7,385.9;453.8,311.8;463.1,256.3
34#508.0,680.6;563.0,596.4;508.0,557.5;446.4,554.3;420.5,661.2;388.1,764.8;475.6,557.5;524.1,431.2;527.4,424.8;554.9,361.6;650.4,479.8;605.1,463.6;563.0,450.7;488.5,408.6;469.1,470.1;491.8,473.3
35#518.0,714.2;571.9,614.1;529.5,575.6;464.1,567.9;437.1,671.9;406.3,775.8;498.7,575.6;544.9,437.1;544.9,433.2;568.0,363.9;648.9,425.5;683.5,456.3;591.1,456.3;498.7,414.0;460.2,348.5;473.7,331.2
36#519.4,747.5;568.7,653.4;546.3,577.2;483.5,568.2;452.1,662.3;438.7,774.4;514.9,577.2;555.2,442.7;555.2,438.2;577.7,366.5;640.4,384.4;680.7,429.3;604.5,456.2;505.9,424.8;456.6,375.5;492.5,326.2
37#524.6,777.3;567.2,680.4;567.2,591.2;516.8,587.3;466.4,645.5;474.2,757.9;536.2,591.2;567.2,447.8;563.3,443.9;573.0,364.4;627.3,364.4;679.6,401.2;613.7,447.8;516.8,443.9;462.5,405.1;495.5,364.4
38#542.0,793.2;570.4,695.6;590.8,598.0;533.8,581.7;476.9,634.6;505.4,728.1;558.2,593.9;570.4,451.6;570.4,443.5;574.5,366.2;641.6,352.0;672.1,382.5;619.2,447.5;521.6,455.7;468.8,431.3;501.3,390.6
39#565.5,801.3;588.3,698.8;607.3,588.7;550.3,584.9;478.2,611.5;523.7,698.8;576.9,588.7;573.1,455.8;569.3,448.2;571.2,374.2;662.3,374.2;647.1,381.8;618.6,444.4;527.5,459.6;478.2,463.4;504.7,417.8
40#594.9,793.3;613.1,693.3;622.2,607.0;558.5,593.4;490.4,593.4;544.9,675.2;590.4,597.9;572.2,461.6;572.2,457.0;563.1,379.7;640.4,334.3;649.4,388.8;617.6,447.9;526.7,479.7;485.8,484.3;504.0,443.4
41#633.2,763.5;629.2,679.2;629.2,619.0;573.0,611.0;516.8,590.9;565.0,675.2;601.1,615.0;577.0,470.5;573.0,466.5;556.9,390.2;649.2,342.1;649.2,398.2;617.1,454.4;528.8,478.5;508.8,522.7;500.7,478.5
42#661.1,725.3;664.0,731.2;649.3,616.3;578.6,616.3;531.4,607.4;593.3,695.8;613.9,616.3;572.7,483.6;569.7,471.8;560.9,407.0;510.8,522.0;653.7,384.9;613.9,466.0;525.5,501.3;513.7,545.5;502.0,507.2
43#668.8,699.3;641.4,641.5;641.4,614.1;583.5,620.2;550.0,644.5;595.7,735.9;610.9,614.1;571.3,498.4;571.3,486.2;562.2,416.2;607.9,534.9;659.6,422.3;614.0,483.2;528.7,513.6;519.6,574.5;510.4,538.0
44#663.7,693.7;660.5,613.6;644.5,620.0;583.6,632.8;561.2,674.5;593.2,767.3;615.6,626.4;577.2,511.1;574.0,498.3;561.2,427.8;602.8,536.7;670.1,453.4;622.0,488.7;529.1,530.3;513.1,597.6;516.3,559.1
45#652.6,705.7;614.9,652.3;655.7,627.2;589.8,639.8;558.5,674.3;586.7,771.5;624.3,633.5;577.3,517.5;574.2,508.1;563.2,440.6;611.8,548.8;646.3,548.8;621.2,498.6;530.2,539.4;505.2,608.4;495.7,589.6
46#662.1,733.4;641.5,739.3;650.3,633.2;585.5,642.0;573.7,692.1;606.1,768.7;623.8,639.1;582.5,527.1;576.6,509.4;566.3,446.0;614.9,556.5;647.4,553.6;623.8,506.4;529.5,544.7;503.0,609.6;511.8,624.3
47#663.0,770.4;671.3,678.6;665.8,634.1;599.0,639.6;576.7,656.3;601.7,739.8;632.4,639.6;585.0,528.3;579.5,511.6;564.2,471.2;682.5,494.9;651.8,561.7;632.4,508.8;532.2,547.8;487.6,611.8;518.2,636.9
48#660.3,794.6;672.5,709.5;663.4,648.7;599.6,645.7;575.2,648.7;593.5,718.6;629.9,645.7;584.4,533.3;584.4,521.1;576.8,461.8;675.5,524.1;681.6,554.5;633.0,515.0;532.7,551.5;475.0,609.2;496.2,591.0
49#658.7,816.6;674.8,723.1;662.0,652.2;591.1,652.2;555.6,661.9;510.5,710.3;626.5,652.2;587.8,536.2;587.8,526.6;576.6,460.5;684.5,545.9;687.7,574.9;636.2,526.6;533.0,549.1;462.2,597.5;481.5,587.8
50#667.1,837.5;673.6,737.1;663.9,649.6;595.8,649.6;501.9,698.2;505.1,733.8;628.2,649.6;589.3,536.2;586.1,523.2;584.5,466.5;683.3,565.3;683.3,588.0;641.2,526.5;531.0,542.7;459.7,578.3;485.7,558.9
51#677.0,844.7;673.6,742.1;656.5,646.4;591.5,642.9;571.0,704.5;516.3,755.8;625.7,646.4;591.5,530.1;591.5,523.2;583.0,463.4;670.2,578.0;687.3,591.6;642.8,526.7;540.3,536.9;465.0,550.6;489.0,509.6
52#681.2,836.8;663.9,733.1;663.9,643.3;598.2,639.8;556.7,629.4;580.9,722.8;632.8,639.8;598.2,525.7;598.2,522.3;586.1,458.3;663.9,584.5;691.5,598.3;650.0,525.7;549.8,529.2;477.2,522.3;480.6,470.4
53#668.2,815.2;645.2,716.8;655.1,641.4;589.5,638.1;553.4,651.2;573.1,746.3;622.3,638.1;599.3,523.3;599.3,513.5;592.8,444.6;655.1,572.5;697.7,598.8;648.5,523.3;553.4,520.0;484.5,510.2;484.5,461.0
54#654.7,780.8;628.7,702.7;651.5,637.6;592.9,631.1;560.3,660.4;570.1,771.0;625.4,637.6;605.9,520.5;605.9,510.7;602.6,442.4;684.0,624.6;706.8,595.3;654.7,523.7;560.3,514.0;492.0,527.0;488.8,478.2
55#636.0,741.6;610.4,680.8;658.4,639.2;604.0,632.8;562.4,677.6;568.8,789.6;632.8,636.0;610.4,517.5;610.4,507.9;602.4,439.1;687.2,626.4;722.4,584.8;664.8,517.5;562.4,514.3;495.2,536.7;488.8,491.9
56#640.4,736.8;615.8,675.0;661.6,633.5;610.3,631.7;570.1,699.2;566.8,806.4;637.0,632.6;614.6,512.3;614.6,503.4;606.1,436.9;677.1,598.7;710.5,572.2;668.4,511.0;566.3,512.7;502.7,545.1;490.9,507.8
57#644.8,732.1;621.3,669.3;664.8,627.8;616.6,630.7;577.7,720.8;564.8,823.3;641.3,629.3;618.7,507.1;618.7,498.9;609.8,434.6;666.9,570.9;698.7,559.6;672.0,504.6;570.2,511.0;510.2,553.6;493.1,523.6
58#649.2,727.3;626.7,663.5;668.0,622.1;622.9,629.6;585.4,742.4;562.8,840.1;645.5,625.9;622.9,501.9;622.9,494.4;613.5,432.4;656.8,543.2;686.8,547.0;675.6,498.1;574.1,509.4;517.7,562.0;495.2,539.5
59#649.9,741.4;624.3,666.3;668.9,617.8;622.4,623.4;577.8,716.7;567.6,810.4;645.2,620.6;617.5,500.4;616.6,490.8;605.6,426.8;654.6,545.9;682.0,543.0;667.8,492.7;568.3,510.8;518.2,567.8;495.5,558.7
60#650.7,755.5;621.9,669.1;669.8,613.4;621.9,617.1;570.1,691.0;572.4,780.8;644.9,615.3;612.2,498.8;610.2,487.3;597.8,421.3;652.5,548.7;677.2,538.9;660.0,487.2;562.5,512.3;518.8,573.6;495.8,578.0
61#651.4,769.6;619.5,671.9;670.6,609.1;621.5,610.9;562.4,665.4;577.3,751.1;644.6,610.0;606.9,497.3;603.9,483.8;590.0,415.8;650.3,551.4;672.4,534.9;652.1,481.8;556.7,513.8;519.3,579.4;496.2,597.2
62#652.1,783.7;617.1,674.7;671.5,604.7;621.0,604.7;554.8,639.7;582.1,721.4;644.3,604.7;601.5,495.8;597.6,480.2;582.1,410.2;648.2,554.1;667.6,530.8;644.3,476.3;550.9,515.2;519.8,585.2;496.5,616.4
63#655.8,783.8;624.9,674.7;659.4,596.7;604.1,596.7;549.0,623.8;570.4,706.1;630.7,596.7;589.5,490.3;585.7,475.0;569.0,406.5;655.6,536.8;669.2,520.2;636.2,471.1;536.9,508.5;502.7,577.5;488.9,615.4
64#659.4,784.0;632.8,674.7;647.2,588.6;587.2,588.6;543.2,607.9;558.7,690.8;617.1,588.6;577.5,484.9;573.8,469.8;556.0,402.8;662.9,519.5;670.8,509.6;628.1,465.9;523.0,501.9;485.5,569.7;481.2,614.5
65#663.1,784.1;640.6,674.7;635.0,580.6;570.4,580.6;537.4,592.0;547.0,675.4;603.6,580.6;565.5,479.4;561.8,464.5;542.9,399.1;670.2,502.1;672.4,499.1;620.0,460.8;509.0,495.2;468.4,562.0;473.6,613.5
66#666.7,784.2;648.4,674.7;622.9,572.5;553.5,572.5;531.6,576.1;535.3,660.1;590.0,572.5;553.5,473.9;549.9,459.3;529.8,395.4;677.6,484.8;674.0,488.5;611.9,455.6;495.1,488.5;451.3,554.2;465.9,612.6
67#675.6,760.9;654.5,662.1;605.1,563.4;541.7,567.0;534.6,616.3;534.6,693.9;573.4,567.0;545.2,464.7;541.7,457.7;532.8,392.5;668.6,478.8;661.5,500.0;598.1,450.6;492.3,478.8;428.8,535.2;467.6,567.0
68#669.2,730.8;655.8,640.7;589.1,560.6;525.6,570.6;539.0,637.3;535.7,714.1;559.0,567.2;539.0,460.4;539.0,453.8;537.3,392.0;665.8,503.8;655.8,513.8;592.4,457.1;485.6,470.5;412.2,513.8;435.5,513.8
69#663.4,706.8;663.4,607.3;576.7,562.3;522.1,578.4;544.6,649.0;535.0,735.7;551.0,568.7;538.2,462.8;538.2,449.9;536.6,400.2;660.2,530.2;647.4,510.9;586.3,459.6;483.6,462.8;396.9,482.0;416.2,469.2
70#658.8,678.6;669.4,580.1;570.9,566.0;518.1,587.1;542.7,664.5;535.7,763.0;542.7,576.6;535.7,460.5;535.7,453.4;541.0,391.9;634.2,527.3;655.3,509.7;588.5,464.0;479.4,457.0;395.0,442.9;451.3,411.2
71#653.9,651.3;671.0,559.0;582.1,572.7;513.7,593.2;537.7,695.8;534.3,788.1;544.5,582.9;537.7,463.2;537.7,453.0;536.0,403.4;633.4,531.6;660.8,507.7;589.0,466.7;483.0,456.4;414.6,422.2;447.0,410.2
72#636.3,636.1;651.9,545.6;570.8,576.8;511.5,592.4;530.2,679.8;538.0,709.5;542.7,580.0;539.6,461.4;536.4,452.0;542.7,383.3;620.7,480.1;670.6,498.8;589.5,467.6;483.4,448.9;427.2,405.2;452.2,355.2
73#625.8,629.3;642.1,539.6;568.7,580.3;511.7,596.6;519.8,710.8;519.8,820.8;540.2,588.5;540.2,462.1;540.2,458.1;548.3,384.7;678.8,490.7;670.6,490.7;593.2,470.3;491.3,454.0;442.4,401.0;438.3,339.8
74#617.7,642.3;638.5,548.6;562.1,586.8;503.1,597.2;506.6,715.3;497.9,783.0;530.9,597.2;541.3,465.2;541.3,458.3;551.7,388.8;694.1,486.1;680.2,482.6;596.9,472.2;489.2,454.8;430.2,413.1;433.6,361.0
75#614.6,672.8;634.5,579.6;568.0,589.6;504.7,602.9;498.1,719.4;483.1,820.9;534.7,596.3;548.0,473.1;548.0,463.1;556.3,401.6;637.9,459.8;587.9,516.4;597.9,476.4;491.4,466.5;418.2,443.2;423.2,401.6
76#616.0,705.8;651.9,607.9;563.7,601.4;505.0,604.6;475.6,722.1;462.6,813.5;531.1,604.6;547.4,474.1;547.4,467.6;549.1,407.2;632.3,444.7;671.4,457.8;596.4,477.4;495.2,470.8;416.9,467.6;429.9,418.6
77#611.5,735.0;634.7,635.7;558.5,602.6;502.2,612.5;462.5,718.5;439.3,814.5;532.0,609.2;538.7,480.1;538.7,473.5;543.6,415.5;551.9,513.2;594.9,526.5;588.3,483.4;495.6,476.8;419.5,493.3;429.4,443.7
78#609.6,766.1;620.0,665.6;557.6,617.0;495.2,620.5;446.7,710.6;429.3,807.7;526.4,620.5;529.9,488.8;529.9,481.8;538.5,410.8;536.8,526.9;581.9,540.8;571.5,488.8;481.3,488.8;418.9,520.0;432.8,481.8
79#607.9,799.1;604.4,697.3;548.3,634.2;492.2,627.2;425.5,697.3;425.5,792.0;520.2,634.2;520.2,500.9;523.8,490.4;529.0,418.5;541.3,543.0;572.9,553.5;562.3,493.9;478.2,500.9;422.0,543.0;432.6,511.4
80#608.1,827.3;587.6,724.8;546.6,634.5;489.1,630.4;403.0,675.6;415.3,765.8;517.8,630.4;509.6,511.5;509.6,499.2;513.7,425.4;521.9,548.4;550.7,564.8;550.7,511.5;464.5,515.6;419.4,564.8;423.5,536.1
81#608.2,839.1;581.0,738.4;536.2,645.9;477.7,641.8;392.0,658.5;398.8,746.9;506.2,643.2;491.3,519.5;491.3,508.6;496.1,433.1;504.2,515.1;537.6,537.5;530.8,515.4;446.5,526.3;393.5,568.5;401.6,553.4
82#608.2,850.8;574.5,752.1;525.8,657.3;466.2,653.3;381.0,641.4;382.4,728.0;494.7,655.9;473.1,527.4;473.1,518.0;478.4,440.9;486.6,481.9;524.4,510.2;511.0,519.4;428.4,536.9;367.6,572.1;379.7,570.6
83#608.3,862.6;567.9,765.7;515.4,668.7;454.8,664.7;370.0,624.3;365.9,709.1;483.1,668.7;454.8,535.4;454.8,527.4;460.8,448.6;468.9,448.6;511.3,482.9;491.1,523.3;410.4,547.6;341.7,575.8;357.8,587.9
84#579.4,849.7;560.4,761.3;494.1,672.8;424.6,672.8;355.1,625.5;345.7,717.0;459.4,672.8;443.6,537.0;440.4,533.9;442.0,469.1;454.6,469.1;481.5,486.5;497.3,524.4;386.7,546.5;314.1,559.1;361.5,549.7
85#348.5,726.9;543.4,752.5;474.1,673.0;410.0,662.8;351.0,657.6;343.3,747.4;443.4,670.4;428.0,542.2;428.0,537.1;428.0,475.5;476.7,501.2;504.9,534.5;474.1,532.0;386.9,549.9;310.0,537.1;369.0,521.7
86#515.8,805.3;527.1,720.9;456.8,678.7;389.3,670.3;338.7,678.7;341.5,777.1;423.0,678.7;414.6,552.1;414.6,546.5;421.6,483.2;487.7,512.8;479.3,535.3;448.3,549.3;372.4,552.1;316.2,526.8;344.3,493.1
87#499.1,793.3;513.6,709.0;451.9,674.7;387.1,667.9;338.9,692.0;339.9,791.7;419.5,674.7;412.2,550.6;412.2,544.9;418.7,482.0;487.4,537.2;477.7,550.4;447.5,548.4;369.4,549.4;308.9,534.0;336.2,500.4
88#482.4,781.3;500.0,697.1;447.0,670.6;385.0,665.6;339.1,705.4;338.3,806.4;416.0,670.6;409.8,549.1;409.8,543.4;415.8,480.8;487.2,561.5;476.1,565.4;446.7,547.5;366.4,546.7;301.6,541.1;328.0,507.7
89#465.8,769.4;486.5,685.3;442.2,666.6;382.8,663.2;339.2,718.7;336.8,821.0;412.5,666.6;407.3,547.7;407.3,541.8;412.8,479.7;486.9,585.9;474.6,580.5;446.0,546.5;363.5,544.1;294.2,548.3;319.9,515.1
90#449.1,757.4;472.9,673.4;437.3,662.5;380.7,660.9;339.4,732.1;335.2,835.7;409.0,662.5;404.9,546.2;404.9,540.3;409.9,478.5;486.7,610.2;473.0,595.5;445.2,545.6;360.5,541.4;286.9,555.4;311.7,522.4
91#432.4,745.4;459.4,661.5;432.4,658.5;378.5,658.5;339.6,745.4;333.6,850.3;405.5,658.5;402.5,544.7;402.5,538.7;407.0,477.3;486.4,634.6;471.4,610.6;444.4,544.7;357.5,538.7;279.6,562.6;303.6,529.7
92#418.6,778.3;428.0,706.8;437.3,650.9;384.4,654.0;353.4,741.0;328.5,815.6;409.3,650.9;393.8,539.0;396.9,529.7;404.6,466.0;424.8,579.4;471.5,591.8;443.5,542.1;347.2,539.0;281.9,579.4;313.0,560.8
93#421.0,800.2;424.3,718.5;437.4,656.4;385.1,656.4;355.7,728.3;332.8,816.5;411.2,656.4;404.7,538.8;401.4,525.7;403.1,462.0;499.5,584.5;525.6,591.0;457.0,538.8;352.4,535.5;296.9,594.3;319.7,610.6
94#422.3,808.6;428.7,731.2;438.4,660.3;386.8,653.8;361.0,715.1;344.9,786.0;412.6,657.0;406.2,534.5;406.2,524.8;404.6,468.4;512.6,563.5;541.6,570.0;461.0,540.9;354.6,534.5;309.4,586.1;299.8,608.7
95#422.0,819.2;437.3,740.1;437.3,654.8;382.5,645.7;364.2,706.6;358.1,764.4;409.9,648.8;409.9,533.1;409.9,517.9;414.4,461.6;437.3,566.6;455.5,575.7;458.6,533.1;358.1,530.1;309.4,590.9;318.6,603.1
96#428.3,846.8;442.5,744.0;435.4,644.7;382.2,637.6;329.1,673.1;378.7,733.4;410.6,641.2;414.1,524.2;414.1,517.1;419.4,444.4;513.4,471.0;541.7,524.2;460.2,524.2;364.5,527.7;300.7,573.8;325.5,595.1
97#436.8,854.9;440.7,741.6;428.9,632.2;370.3,628.3;401.6,722.1;397.7,858.8;401.6,628.3;409.4,518.8;413.3,514.9;428.9,444.6;526.6,460.2;464.1,565.7;460.2,511.0;362.5,518.8;284.3,554.0;303.9,554.0
98#454.8,833.2;447.9,736.4;430.6,625.8;371.9,618.9;458.3,656.9;482.5,739.9;403.0,622.3;413.4,504.8;413.4,504.8;422.0,444.3;530.9,470.2;524.0,501.3;465.2,501.3;365.0,504.8;285.4,525.5;275.1,525.5
99#459.5,806.8;459.5,719.6;431.4,613.7;381.6,610.6;440.8,651.1;465.7,750.7;406.5,610.6;412.8,498.4;412.8,495.3;420.5,434.5;534.2,479.7;524.9,514.0;456.4,495.3;362.9,498.4;285.0,498.4;384.7,542.0
100#463.3,806.5;463.7,718.8;438.3,613.6;388.2,609.9;442.1,651.3;465.5,747.3;413.2,610.1;420.5,498.1;420.3,495.0;428.2,434.2;535.5,483.4;528.2,515.5;464.0,495.6;370.9,497.5;294.4,498.3;387.3,539.0
101#467.1,806.3;467.9,717.9;445.3,613.6;394.9,609.2;443.4,651.5;465.2,743.9;419.9,609.6;428.2,497.8;427.8,494.7;435.9,434.0;536.9,487.1;531.5,517.1;471.6,495.9;378.9,496.6;303.9,498.2;389.9,535.9
102#470.8,806.0;472.0,717.1;452.2,613.5;401.5,608.6;444.8,651.7;465.0,740.5;426.6,609.2;435.9,497.4;435.3,494.3;443.7,433.8;538.2,490.7;534.9,518.6;479.2,496.1;386.9,495.6;313.4,498.1;392.5,532.9
103#474.6,805.8;476.2,716.2;459.2,613.4;408.1,607.9;446.1,651.9;464.7,737.1;433.3,608.7;443.6,497.1;442.8,494.0;451.4,433.5;539.5,494.4;538.2,520.1;486.8,496.4;394.9,494.7;322.8,498.0;395.2,529.8
104#478.4,805.5;480.4,715.4;466.1,613.4;414.8,607.2;447.4,652.2;464.5,733.7;439.9,608.2;451.3,496.8;450.3,493.7;459.1,433.2;540.8,498.1;541.5,521.7;494.4,496.7;402.9,493.8;332.2,497.8;397.8,526.8
105#482.1,805.3;484.6,714.5;473.1,613.3;421.4,606.5;448.7,652.4;464.3,730.3;446.6,607.7;459.0,496.5;457.8,493.4;466.9,433.0;542.2,501.8;544.8,523.2;502.0,497.0;410.9,492.9;341.7,497.7;400.4,523.7
106#485.9,805.0;488.8,713.6;480.0,613.2;428.0,605.8;450.0,652.6;464.0,726.9;453.3,607.2;466.7,496.2;465.3,493.0;474.6,432.8;543.5,505.4;548.1,524.7;509.6,497.3;418.9,492.0;351.1,497.6;403.0,520.7
107#489.7,804.8;492.9,712.8;487.0,613.1;434.6,605.2;451.4,652.8;463.8,723.5;460.0,606.8;474.4,495.8;472.8,492.7;482.3,432.5;544.8,509.1;551.5,526.2;517.2,497.5;426.9,491.0;360.6,497.5;405.6,517.6
108#493.5,804.5;497.1,712.0;493.9,613.1;441.3,604.5;452.7,653.0;463.6,720.2;466.7,606.3;482.2,495.5;480.3,492.4;490.0,432.2;546.1,512.8;554.8,527.8;524.8,497.8;434.9,490.1;370.1,497.4;408.2,514.6
109#497.2,804.2;501.3,711.1;500.8,613.0;447.9,603.8;454.0,653.2;463.3,716.8;473.4,605.8;489.9,495.2;487.8,492.1;497.8,432.0;547.5,516.5;558.1,529.3;532.4,498.1;442.9,489.2;379.5,497.3;410.8,511.6
110#501.0,804.0;505.5,710.2;507.8,612.9;454.5,603.1;455.3,653.4;463.1,713.4;480.1,605.3;497.6,494.9;495.3,491.7;505.5,431.8;548.8,520.1;561.4,530.8;540.0,498.4;450.9,488.3;388.9,497.2;413.4,508.5
111#504.8,803.7;509.7,709.4;514.7,612.9;461.2,602.4;456.6,653.6;462.8,710.0;486.8,604.8;505.3,494.6;502.8,491.4;513.2,431.5;550.1,523.8;564.7,532.4;547.6,498.7;458.9,487.4;398.4,497.1;416.1,505.5
112#508.6,803.5;513.9,708.6;521.7,612.8;467.8,601.7;457.9,653.9;462.6,706.6;493.4,604.3;513.0,494.3;510.3,491.1;520.9,431.2;551.4,527.5;568.0,533.9;555.2,499.0;466.9,486.5;407.9,496.9;418.7,502.4
113#512.4,803.2;518.0,707.7;528.6,612.7;474.4,601.1;459.3,654.1;462.4,703.2;500.1,603.9;520.7,493.9;517.8,490.8;528.6,431.0;552.8,531.1;571.4,535.4;562.8,499.2;474.9,485.5;417.3,496.8;421.3,499.4
114#516.1,803.0;522.2,706.9;535.6,612.7;481.1,600.4;460.6,654.3;462.1,699.8;506.8,603.4;528.4,493.6;525.3,490.4;536.4,430.8;554.1,534.8;574.7,537.0;570.4,499.5;482.9,484.6;426.8,496.7;423.9,496.3
115#519.9,802.7;526.4,706.0;542.5,612.6;487.7,599.7;461.9,654.5;461.9,696.4;513.5,602.9;536.1,493.3;532.8,490.1;544.1,430.5;555.4,538.5;578.0,538.5;578.0,499.8;490.9,483.7;436.2,496.6;426.5,493.3
116#532.6,803.2;538.7,708.9;550.9,605.5;499.2,596.4;468.8,681.6;471.8,675.5;526.6,602.5;544.8,493.0;544.8,490.0;546.3,433.7;563.1,538.6;587.4,544.7;587.4,502.2;505.3,486.9;444.5,508.2;438.4,505.2
117#547.7,805.0;555.0,714.9;561.0,605.4;507.7,590.7;481.1,593.6;475.2,670.5;534.3,599.5;549.1,493.1;549.1,490.1;553.6,432.5;569.8,543.3;587.6,561.1;590.5,502.0;507.7,490.1;445.6,516.7;436.8,522.6
118#553.9,835.7;573.8,720.4;569.8,613.0;514.1,605.0;486.2,597.0;478.3,676.6;537.9,609.0;553.9,505.5;553.9,505.5;559.8,431.9;577.7,577.1;597.6,565.2;601.6,509.5;506.1,497.6;470.3,549.3;450.4,589.1
119#577.3,769.0;589.6,698.5;580.4,597.3;525.2,588.1;482.3,612.6;485.3,695.4;549.7,594.2;555.9,499.2;555.9,496.1;563.5,436.3;598.8,551.3;663.2,542.1;601.9,502.2;512.9,499.2;442.4,542.1;454.7,600.4
120#593.4,741.3;607.5,676.5;584.9,591.9;528.5,586.2;480.5,622.9;491.8,716.0;556.7,586.2;562.3,504.4;562.3,496.0;572.2,438.2;632.8,546.7;669.5,558.0;607.5,507.3;514.4,501.6;449.5,552.4;458.0,617.2
121#606.6,716.6;629.4,656.8;592.3,591.3;532.5,585.6;484.0,656.8;495.4,745.1;561.0,588.4;566.7,511.5;566.7,502.9;573.8,444.5;632.2,562.8;672.1,565.6;612.3,508.6;515.4,505.8;452.7,551.4;469.8,579.9
122#625.8,696.6;651.4,631.2;597.4,588.6;532.0,588.6;492.2,679.6;500.7,773.3;563.3,588.6;568.9,514.7;568.9,509.0;581.7,448.0;628.6,565.9;679.8,571.6;611.6,511.9;520.6,511.9;455.3,551.7;472.3,591.5
123#645.0,685.3;658.9,610.3;600.6,604.7;542.3,607.5;509.0,713.0;504.8,800.5;570.1,604.7;572.8,518.6;575.6,510.3;588.1,450.6;633.9,568.6;686.7,568.6;617.3,518.6;528.4,513.1;456.2,549.2;472.8,574.2
124#662.0,679.4;678.3,597.6;606.3,617.2;550.6,620.5;521.1,735.1;508.0,820.3;580.1,620.5;580.1,525.5;580.1,522.2;591.6,448.5;691.5,564.8;691.5,561.5;622.7,528.8;534.2,522.2;458.9,545.2;475.3,545.2
125#669.7,681.0;692.0,598.2;625.2,626.8;561.5,633.2;532.8,741.4;513.7,833.8;596.5,626.8;590.1,521.8;590.1,515.4;604.5,459.7;644.3,645.9;637.9,575.9;634.7,525.0;542.4,518.6;466.0,540.9;510.6,531.3
126#683.4,695.8;703.4,606.0;633.6,629.3;573.7,639.3;543.8,745.6;510.6,825.4;600.3,632.6;600.3,519.6;600.3,513.0;611.9,454.8;646.8,659.2;650.2,576.1;643.5,522.9;553.8,516.3;490.6,536.2;530.5,526.3
127#685.5,718.9;716.5,629.3;644.2,618.9;589.1,625.8;544.3,736.1;530.5,822.2;616.6,622.4;609.7,515.6;609.7,515.6;614.9,445.0;626.9,560.4;658.0,577.6;647.6,515.6;568.4,515.6;523.6,532.8;551.2,522.5
128#694.8,735.1;722.6,648.6;656.9,623.1;603.7,627.7;552.3,720.8;560.6,794.7;630.3,625.5;617.5,518.3;617.5,516.2;618.4,448.1;638.2,559.5;668.2,572.0;656.1,517.2;576.6,520.3;539.5,541.1;564.1,527.0
129#704.0,751.2;728.8,667.9;669.7,627.4;618.4,629.7;560.2,705.6;590.6,767.1;644.0,628.5;625.2,520.9;625.2,516.9;621.8,451.1;649.5,558.5;678.4,566.3;664.6,518.9;584.7,525.1;555.4,549.3;576.9,531.5
130#713.3,767.4;734.9,687.2;682.4,631.6;633.0,631.6;568.2,690.3;620.7,739.6;657.7,631.6;633.0,523.6;633.0,517.5;625.3,454.2;660.8,557.6;688.6,560.7;673.1,520.5;592.9,529.8;571.3,557.6;589.8,536.0
131#730.3,766.7;750.0,684.9;694.4,629.3;642.0,632.6;579.8,662.0;642.0,724.2;668.2,629.3;638.7,524.6;635.5,518.1;627.3,454.3;668.2,557.3;694.4,557.3;678.0,518.1;596.2,531.2;576.6,570.4;592.9,554.1
132#745.0,766.3;763.3,680.6;702.1,622.4;650.1,628.6;592.0,646.9;662.3,717.3;674.6,625.5;644.0,527.6;637.9,515.3;627.2,455.6;677.7,564.3;702.1,558.2;680.7,518.4;598.1,536.7;585.8,582.6;598.1,558.2
133#756.4,757.0;773.4,672.0;708.3,621.0;657.2,629.5;603.4,655.0;671.4,731.5;682.7,623.8;645.9,527.5;643.1,510.5;630.3,469.4;691.3,567.2;711.1,564.3;685.6,516.2;606.2,538.8;589.2,589.8;597.7,564.3
134#765.6,736.1;784.5,658.1;714.5,617.7;663.5,628.5;607.0,676.9;682.3,754.9;687.7,625.8;650.0,526.3;647.3,510.1;640.6,476.5;682.3,555.9;714.5,566.6;687.7,515.5;607.0,537.0;588.1,598.9;604.3,569.3
135#776.8,716.0;794.1,632.6;716.4,618.3;664.7,635.5;621.6,695.9;690.6,770.6;690.6,624.0;653.2,529.1;653.2,517.6;663.2,455.8;684.8,557.9;716.4,566.5;690.6,520.5;610.1,537.8;581.3,592.4;610.1,589.5
136#789.7,692.7;786.7,599.5;723.6,611.5;666.4,629.5;627.3,710.7;693.5,785.9;693.5,620.5;657.4,530.3;660.4,521.3;670.9,462.6;747.6,608.5;723.6,566.4;696.5,521.3;615.3,536.3;567.2,578.4;606.3,560.4
137#789.6,677.0;786.6,595.0;722.8,613.2;668.1,628.4;637.8,728.6;692.4,798.5;692.4,622.3;668.1,528.2;668.1,525.1;678.8,469.0;728.9,601.1;753.2,570.7;710.7,522.1;622.6,534.2;555.8,561.6;574.0,546.4
138#781.0,664.5;781.0,584.8;727.8,611.4;668.0,631.3;658.0,737.7;697.9,810.8;697.9,621.3;668.0,524.9;668.0,524.9;676.3,456.8;751.1,591.4;724.5,568.1;704.6,524.9;624.8,528.3;555.0,538.2;558.3,518.3
139#764.5,670.0;777.6,591.1;728.3,610.8;672.3,637.1;678.9,739.2;695.4,821.4;701.9,624.0;669.0,525.2;672.3,518.7;683.8,467.6;764.5,607.5;734.8,568.0;708.5,522.0;629.5,522.0;636.1,587.8;623.0,643.7
140#755.4,682.8;772.6,606.9;720.9,606.9;672.6,631.0;686.4,731.1;682.9,827.6;696.7,620.7;676.0,520.7;676.0,517.2;688.1,463.7;765.7,603.4;734.7,568.9;710.5,520.7;638.1,520.7;641.5,589.6;631.2,651.7
141#748.0,701.9;766.3,621.4;733.4,610.4;671.2,625.0;674.8,727.5;693.1,811.7;704.1,621.4;682.1,518.9;682.1,518.9;676.6,451.2;729.7,621.4;729.7,562.8;718.7,518.9;641.9,515.2;649.2,603.1;630.9,672.6
142#753.7,721.3;767.0,637.9;730.3,601.3;673.7,611.3;653.7,707.9;707.0,778.0;703.7,607.9;683.7,514.6;683.7,517.9;682.0,452.9;723.7,607.9;743.7,554.6;723.7,517.9;640.3,507.9;593.7,481.2;630.3,684.6
143#760.5,732.9;760.5,653.9;735.1,597.5;681.5,600.3;647.7,696.2;706.9,744.2;709.7,597.5;687.2,515.7;687.2,510.1;692.8,453.7;794.3,558.0;768.9,546.7;723.8,521.4;642.0,507.3;594.1,498.8;568.7,470.6
144#768.0,737.8;765.2,655.4;735.0,597.7;682.8,603.2;638.9,674.6;696.6,713.1;710.3,600.5;688.3,515.4;688.3,512.6;699.3,455.0;795.4,578.5;776.2,556.6;729.5,523.6;647.2,507.1;600.5,504.4;564.8,504.4
145#776.0,733.1;778.7,651.6;737.9,597.3;683.6,597.3;642.9,640.8;686.4,692.4;713.5,594.6;691.8,515.9;694.5,518.6;698.6,457.5;721.7,545.8;748.8,559.3;732.5,521.3;651.1,510.5;602.2,510.5;564.2,491.5
146#776.7,722.2;784.9,640.1;735.7,596.3;681.0,596.3;642.6,612.7;653.6,724.9;711.0,593.5;697.4,516.9;700.1,519.7;702.8,462.2;804.1,615.4;787.7,574.4;735.7,522.4;659.1,511.5;612.5,516.9;681.0,582.6
147#775.9,714.0;791.9,639.4;736.0,596.8;682.7,594.2;653.4,599.5;672.0,671.4;712.0,596.8;704.0,516.9;706.7,519.6;708.0,462.3;807.9,628.8;789.3,570.2;738.6,522.2;672.0,511.6;664.0,554.2;680.0,575.5
148#779.5,720.7;792.5,640.5;738.1,593.9;678.6,591.4;663.1,604.3;668.2,671.6;709.6,591.4;712.2,511.1;712.2,518.9;718.7,463.2;805.4,578.4;782.1,557.7;745.9,518.9;676.0,508.5;663.1,547.4;670.8,568.1
149#776.6,733.0;787.0,644.6;729.9,592.7;675.3,587.5;670.1,608.3;670.1,678.4;703.9,592.7;716.9,512.2;714.3,514.8;720.8,466.7;805.2,569.3;797.4,556.3;750.7,514.8;680.5,499.2;662.3,551.1;587.0,512.2
150#775.0,748.3;769.4,647.8;721.9,578.0;671.7,575.2;677.3,628.2;671.7,698.0;696.8,578.0;716.4,494.3;716.4,502.7;728.9,453.8;777.8,589.2;808.5,555.7;752.6,502.7;674.5,483.1;610.3,491.5;582.4,508.2
151#775.0,744.5;757.1,658.1;712.4,556.8;661.8,550.9;685.6,628.3;667.8,690.9;685.6,553.9;712.4,482.4;712.4,485.4;734.8,430.2;789.9,574.7;807.8,541.9;748.2,488.3;676.7,470.5;620.1,479.4;584.4,500.2
152#780.2,727.8;750.0,637.0;704.5,543.2;647.0,540.1;686.4,621.9;668.2,697.6;677.3,540.1;716.7,467.5;713.6,467.5;748.4,414.5;783.3,570.4;801.4,528.0;753.0,479.6;677.3,446.3;598.6,461.4;595.6,464.5
153#789.7,707.4;747.1,619.1;701.5,543.1;643.7,540.0;686.3,613.1;671.0,698.3;671.0,540.0;707.6,448.7;716.7,439.6;757.8,404.6;771.5,564.4;786.7,515.7;747.1,467.0;668.0,427.4;607.1,439.6;598.0,439.6
154#789.8,683.5;742.4,598.8;698.3,520.9;640.7,524.3;684.8,602.2;674.6,693.7;667.8,524.3;701.7,429.4;708.5,419.2;755.9,371.8;766.1,558.2;776.2,500.6;739.0,442.9;661.0,412.5;613.6,412.5;583.1,409.1
155#768.6,660.4;734.9,572.5;690.9,494.8;633.5,501.6;674.0,589.4;674.0,677.3;663.9,501.6;694.3,407.0;701.1,400.2;743.3,344.5;761.9,538.7;761.9,481.3;734.9,420.5;653.8,396.8;636.9,450.9;603.1,505.0
156#745.7,643.1;728.0,558.4;689.2,480.8;629.3,480.8;661.0,579.6;671.6,674.8;661.0,480.8;689.2,385.6;692.8,382.1;726.3,320.3;759.8,516.1;749.2,456.1;731.6,399.7;646.9,371.5;632.8,438.5;615.2,494.9
157#722.4,626.0;718.7,548.2;689.1,466.7;629.8,466.7;644.6,566.8;666.9,655.7;659.4,463.0;685.4,366.7;685.4,359.3;709.5,290.7;744.7,470.4;744.7,422.3;722.4,377.8;644.6,355.6;629.8,422.3;648.3,448.2
158#705.2,608.4;705.2,534.8;687.8,456.8;631.5,452.5;631.5,556.4;640.2,638.7;657.5,452.5;674.8,344.2;679.2,339.8;687.8,270.5;726.8,426.5;739.8,400.5;709.5,348.5;644.5,344.2;627.2,400.5;631.5,430.8
