1#828.5,645.0;832.2,589.6;806.4,619.1;758.4,626.5;739.9,718.8;747.3,807.4;784.2,619.1;765.8,501.0;765.8,501.0;762.1,438.2;797.1,399.5;810.1,441.9;806.4,489.9;721.5,508.4;732.5,489.9;754.7,471.5
2#828.2,653.7;820.8,590.5;809.6,620.3;761.3,627.7;742.7,724.4;750.1,813.6;783.6,620.3;768.7,505.0;768.7,505.0;761.3,441.8;802.2,408.3;813.3,452.9;809.6,497.5;724.1,508.7;735.2,505.0;787.3,531.0
3#827.5,659.3;823.8,604.3;809.2,619.0;761.5,633.7;743.2,729.0;750.5,820.7;783.5,630.0;768.8,505.3;768.8,509.0;761.5,446.6;801.8,413.6;812.8,457.6;809.2,498.0;724.8,512.6;732.2,564.0;787.2,531.0
4#825.2,677.5;825.2,597.4;799.7,622.9;748.7,633.8;737.7,732.2;748.7,819.7;777.8,633.8;766.9,506.3;766.9,513.5;759.6,447.9;799.7,418.8;814.3,462.5;807.0,502.6;723.2,513.5;726.8,553.6;734.1,608.3
5#826.2,680.0;822.7,599.6;791.2,631.1;738.8,638.1;728.3,725.5;742.3,816.4;766.8,634.6;763.3,505.2;763.3,508.7;756.3,445.8;798.2,421.3;815.7,459.8;808.7,498.3;717.8,508.7;724.8,554.2;780.7,536.7
6#821.7,683.9;814.7,609.7;786.4,616.8;733.5,627.4;708.7,708.6;737.0,789.8;761.7,620.3;761.7,496.7;761.7,496.7;751.1,436.7;800.5,429.6;814.7,464.9;804.1,493.2;715.8,503.8;726.4,539.1;775.8,532.0
7#822.4,684.7;808.0,609.1;779.2,609.1;725.2,619.9;689.2,670.3;739.6,745.9;754.0,612.7;757.6,490.2;754.0,486.6;746.8,425.4;800.8,432.6;822.4,465.0;800.8,483.0;710.8,493.8;725.2,526.2;768.4,526.2
8#821.5,684.5;805.2,606.4;775.9,590.1;727.1,593.3;681.5,642.2;740.1,704.0;753.1,590.1;746.6,479.5;743.4,476.2;736.8,411.1;798.7,437.2;818.2,469.7;792.2,473.0;697.8,486.0;707.6,538.0;736.8,518.5
9#820.3,685.9;809.0,609.9;780.9,579.0;727.5,579.0;660.0,593.1;719.0,654.9;752.8,587.4;733.1,466.5;730.3,458.1;717.6,397.6;800.6,441.2;814.7,469.3;778.1,452.4;685.3,477.8;693.7,491.8;719.0,480.6
10#817.6,689.7;809.1,619.3;775.3,563.0;724.6,565.8;640.1,540.4;699.3,610.8;750.0,565.8;719.0,450.3;716.2,439.0;695.0,395.4;834.5,461.6;811.9,461.6;766.9,439.0;671.1,464.4;696.4,503.8;719.0,495.4
11#818.2,694.4;802.8,620.5;772.0,549.6;728.9,555.8;793.6,617.4;818.2,685.2;750.5,552.7;707.3,435.7;701.2,423.4;678.1,372.5;790.5,432.6;809.0,438.8;753.5,420.3;655.0,448.0;682.7,488.0;704.3,500.4
12#815.5,684.3;786.7,614.0;764.4,540.6;722.9,540.6;636.6,476.7;684.5,547.0;745.2,540.6;694.1,419.2;690.9,406.5;660.6,360.1;783.5,422.4;805.9,416.0;742.0,403.3;646.2,432.0;665.4,486.3;697.3,467.1
13#791.2,677.1;775.1,599.7;749.3,522.4;710.6,525.6;639.7,480.4;678.4,544.9;733.2,522.4;684.8,399.8;681.6,393.4;663.9,343.4;754.1,349.8;791.2,383.7;730.0,386.9;642.9,412.7;597.8,403.0;646.1,386.9
14#774.0,654.3;766.0,578.3;733.2,516.5;691.9,520.9;636.4,492.6;675.8,558.8;714.8,517.7;676.1,392.9;673.5,387.2;662.1,334.7;737.9,339.8;772.2,373.9;720.2,383.2;634.1,401.4;601.0,385.1;643.0,369.5
15#756.8,631.4;756.8,557.0;717.0,510.6;673.1,516.2;633.0,504.9;673.3,572.8;696.4,513.0;667.4,386.0;665.4,380.9;660.3,326.0;721.7,329.8;753.1,364.1;710.3,379.4;625.2,390.1;604.2,367.2;639.9,352.1
16#739.5,608.6;747.7,535.6;700.9,504.7;654.4,511.4;629.7,517.1;670.7,586.7;678.0,508.4;658.6,379.0;657.4,374.7;658.5,317.2;705.6,319.8;734.1,354.4;700.5,375.7;616.4,378.7;607.5,349.3;636.8,334.6
17#722.3,585.7;738.5,514.3;684.7,498.8;635.6,506.7;626.3,529.4;668.2,600.7;659.6,503.7;649.9,372.1;649.3,368.4;656.7,308.5;689.4,309.8;715.0,344.6;690.6,371.9;607.5,367.4;610.7,331.4;633.7,317.2
18#705.1,562.9;729.4,492.9;668.6,492.9;616.9,502.0;623.0,541.6;665.6,614.6;641.2,499.0;641.2,365.2;641.2,362.2;654.9,299.8;673.2,299.8;696.0,334.8;680.8,368.2;598.7,356.1;613.9,313.5;630.6,299.8
19#682.4,542.9;705.2,464.8;649.9,490.8;604.4,500.6;620.6,552.6;662.9,620.9;627.1,497.3;633.6,367.3;636.9,364.0;643.4,302.2;679.1,318.5;695.4,357.5;675.9,370.5;591.3,357.5;588.1,409.5;614.1,399.8
20#676.2,541.5;697.5,466.9;641.6,491.2;592.7,500.2;608.4,537.2;652.0,602.3;616.3,497.6;627.4,371.3;630.8,365.2;638.1,307.3;677.8,334.2;691.6,370.1;668.6,373.9;586.1,361.9;580.4,412.9;609.8,402.4
21#669.9,540.1;689.8,469.0;633.2,491.6;580.9,499.9;596.1,521.7;641.0,583.8;605.5,497.9;621.1,375.4;624.7,366.4;632.8,312.5;676.5,350.0;687.9,382.8;661.3,377.3;580.9,366.4;572.7,416.3;605.5,405.0
22#663.7,538.7;682.2,471.2;624.9,492.1;569.2,499.5;583.9,506.3;630.1,565.2;594.7,498.2;614.9,379.4;618.5,367.5;627.6,317.6;675.3,365.7;684.1,395.4;654.1,380.7;575.6,370.8;565.0,419.7;601.2,407.7
23#657.4,537.3;674.5,473.3;616.5,492.5;557.4,499.2;571.6,490.8;619.1,546.7;583.9,498.5;608.6,383.5;612.4,368.7;622.3,322.8;674.0,381.5;680.4,408.1;646.8,384.1;570.4,375.3;557.3,423.1;596.9,410.3
24#651.2,535.9;666.8,475.4;608.2,492.9;545.7,498.8;559.4,475.4;608.2,528.1;573.1,498.8;602.4,387.5;606.3,369.9;617.0,327.9;672.7,397.2;676.6,420.7;639.5,387.5;565.2,379.7;549.6,426.5;592.6,412.9
25#642.3,565.9;671.5,488.7;606.8,515.8;542.1,499.1;617.2,480.3;627.7,526.3;581.7,507.5;602.6,390.6;604.7,369.7;620.4,339.4;677.8,411.4;677.8,444.8;646.5,394.7;562.9,382.2;560.8,426.1;585.9,426.1
26#637.9,572.9;677.7,497.2;604.0,507.2;540.3,491.2;616.0,483.3;645.9,559.0;590.1,505.2;606.0,393.6;610.0,371.7;623.0,346.8;675.7,419.5;677.7,459.4;651.8,397.6;564.2,381.7;536.3,421.5;528.3,463.3
27#635.6,588.3;674.5,508.4;602.8,502.3;555.7,494.1;609.0,471.6;639.7,572.0;582.3,496.2;611.0,391.7;617.2,373.2;630.5,347.6;674.5,432.6;668.4,455.2;658.1,401.9;566.0,377.3;537.3,410.1;531.1,467.5
28#634.1,598.2;669.7,516.7;601.0,493.8;560.3,483.6;606.1,481.1;634.1,588.0;580.6,488.7;616.3,389.5;621.4,374.2;635.4,329.7;679.9,445.5;669.7,460.7;662.1,402.2;573.0,371.7;560.3,420.0;590.8,422.6
29#630.7,612.5;662.1,531.7;604.6,489.9;562.9,482.1;620.3,492.5;633.4,599.5;583.8,484.7;620.3,382.9;625.5,367.3;645.1,332.0;685.5,456.0;675.1,463.8;664.7,401.2;575.9,367.3;560.3,416.8;591.6,424.7
30#633.5,626.6;654.4,540.2;606.7,483.5;565.0,474.6;627.5,498.4;630.5,617.7;582.8,477.6;624.6,379.2;627.5,367.3;652.9,315.1;684.2,471.6;684.2,459.7;669.3,397.1;582.8,358.4;559.0,412.0;559.0,450.8
31#644.1,639.7;647.3,549.7;615.2,488.6;573.4,475.7;634.5,504.7;637.7,607.5;599.1,482.1;628.0,369.6;631.3,360.0;658.6,306.9;689.1,482.1;692.3,450.0;669.8,388.9;589.5,347.1;560.5,331.1;583.0,360.0
32#648.1,639.5;648.1,552.9;627.3,476.7;582.3,469.8;627.3,500.9;613.5,552.9;603.1,473.2;630.8,362.4;634.3,355.5;656.8,288.0;693.1,490.5;693.1,442.1;675.8,379.7;592.7,345.1;561.5,307.0;589.3,307.0
33#642.8,632.6;661.2,548.3;635.5,471.3;587.8,467.7;620.8,500.7;613.5,559.3;609.8,471.3;635.5,354.0;635.5,346.7;653.8,284.4;694.2,478.7;697.8,434.7;679.5,372.3;595.2,335.7;573.2,288.0;619.0,267.9
34#643.3,618.2;670.9,531.8;643.3,469.5;591.4,466.1;626.0,507.6;612.2,566.3;619.1,466.1;639.8,348.5;643.3,338.2;651.9,274.2;681.3,452.3;712.4,410.8;684.8,362.4;601.8,334.7;589.7,274.2;591.4,428.1
35#651.8,595.9;684.0,517.2;641.1,463.6;587.4,463.6;630.3,499.3;612.5,578.0;612.5,463.6;644.6,338.4;644.6,331.2;655.4,270.4;673.2,417.1;726.9,395.6;687.5,349.1;601.7,327.7;594.6,281.2;608.9,234.7
36#659.8,577.9;698.9,499.7;649.1,464.2;595.8,464.2;631.3,514.0;610.0,595.7;620.7,464.2;645.6,332.7;645.6,325.6;659.8,265.1;681.1,375.3;738.0,378.9;691.8,339.8;602.9,322.0;585.1,279.3;615.3,234.9
37#676.2,548.7;714.6,479.0;651.8,451.1;596.0,454.6;627.4,524.3;606.5,608.0;623.9,454.6;648.3,325.6;648.3,322.1;658.8,255.9;739.0,343.0;749.4,360.4;693.6,332.6;603.0,318.6;578.6,287.2;615.2,250.6
38#691.9,518.1;730.7,447.7;653.2,451.2;603.9,454.7;614.5,532.2;607.4,609.7;628.5,454.7;646.2,320.9;649.7,313.9;662.0,248.7;709.5,342.0;751.8,327.9;695.5,324.4;603.9,310.3;586.3,289.2;614.5,261.0
39#699.4,491.8;734.5,418.1;664.3,442.6;611.6,442.6;608.1,526.9;604.6,604.2;636.2,442.6;653.7,316.2;653.7,312.7;659.0,244.2;692.4,291.6;748.5,309.2;695.9,316.2;608.1,309.2;590.5,302.2;611.6,281.1
40#701.3,475.2;732.8,398.1;669.8,440.1;620.7,443.6;610.2,520.7;596.2,597.8;641.7,440.1;648.7,314.0;652.2,310.5;661.0,238.7;697.8,271.9;739.8,296.5;697.8,314.0;606.7,310.5;585.7,310.5;617.2,286.0
41#705.9,458.5;727.8,381.9;676.7,440.3;629.3,440.3;607.4,513.3;596.4,593.6;651.2,440.3;654.8,312.5;654.8,305.2;662.1,239.5;709.6,257.7;731.5,290.6;698.6,316.1;607.4,312.5;589.1,345.3;629.3,327.1
42#714.5,453.7;725.5,365.7;677.8,439.0;633.8,450.0;608.2,508.6;600.8,589.3;655.8,446.3;652.2,314.3;652.2,303.3;663.2,244.7;710.8,241.0;729.2,277.7;699.8,314.3;608.2,318.0;593.5,362.0;593.5,347.3
43#711.4,448.5;725.5,363.5;679.5,445.0;633.4,445.0;612.2,505.2;608.6,583.2;658.2,445.0;654.7,317.4;654.7,303.3;658.2,243.0;729.1,232.4;725.5,274.9;700.7,313.9;608.6,317.4;598.0,370.6;598.0,345.8
44#718.9,454.1;725.7,379.1;684.8,443.9;637.0,447.3;613.1,501.9;619.9,580.4;660.9,443.9;654.1,317.7;654.1,310.8;657.5,246.0;735.9,235.8;725.7,266.5;701.8,310.8;606.3,324.5;596.1,382.5;589.2,382.5
45#730.0,484.2;726.6,410.6;683.1,444.1;632.8,447.4;612.7,490.9;636.2,568.0;659.6,447.4;652.9,323.5;652.9,313.4;652.9,249.8;733.3,249.8;730.0,263.2;699.8,313.4;606.0,330.2;596.0,387.1;592.6,400.5
46#729.2,508.6;723.1,429.7;683.7,447.9;629.1,444.9;613.9,481.3;647.3,554.1;659.4,447.9;647.3,326.6;647.3,314.5;648.8,249.2;732.2,269.0;726.1,308.4;692.8,314.5;601.8,335.7;589.7,396.3;583.6,423.6
47#726.7,520.1;721.3,433.8;680.8,420.3;632.3,436.5;613.4,466.1;653.9,536.3;659.3,433.8;643.1,323.2;643.1,312.4;644.4,257.1;734.8,288.1;726.7,315.1;683.5,315.1;597.2,339.4;583.7,404.1;613.4,379.8
48#725.7,536.3;728.4,452.6;679.8,431.1;617.8,441.9;604.3,444.5;647.5,509.3;650.2,441.9;639.4,328.6;639.4,312.4;638.0,257.1;733.8,296.2;725.7,323.2;682.5,312.4;590.8,336.7;580.0,398.7;612.4,406.8
49#726.6,553.9;726.6,470.8;675.0,436.4;623.5,447.9;623.5,427.8;640.6,482.3;649.2,442.2;632.0,327.6;634.9,313.2;636.3,251.6;732.3,313.2;720.9,336.2;680.8,319.0;583.3,336.2;566.1,393.5;609.1,376.3
50#726.9,570.8;720.6,482.6;670.2,432.2;616.6,444.8;635.5,460.5;597.7,485.7;641.8,441.6;629.2,328.2;629.2,312.5;629.2,252.6;726.9,334.5;717.4,347.1;676.5,318.8;578.8,331.4;544.2,366.0;588.3,372.3
51#724.4,580.2;708.1,501.9;675.5,439.9;616.7,439.9;600.4,466.0;597.1,495.4;646.1,443.2;623.3,319.1;626.5,309.4;624.9,245.7;727.7,348.5;711.4,358.3;672.2,319.1;574.3,322.4;531.9,345.3;558.0,345.3
52#715.9,577.3;702.7,501.1;672.8,428.2;623.2,431.5;629.8,468.0;600.0,514.3;649.7,431.5;623.2,315.6;623.2,305.7;621.5,241.1;732.5,358.7;712.6,362.0;669.5,315.6;573.5,312.3;537.0,325.5;553.6,338.8
53#698.7,573.2;701.9,482.5;663.1,414.6;611.3,417.8;637.2,485.8;614.5,521.4;637.2,417.8;624.3,311.0;624.3,298.1;622.6,238.2;737.5,375.7;711.6,359.6;672.8,314.3;578.9,311.0;549.8,311.0;566.0,275.4
54#682.3,552.9;701.7,471.9;659.6,410.3;604.5,420.1;620.7,449.2;614.3,536.7;630.5,413.6;627.2,309.9;630.5,300.2;632.1,237.0;730.9,394.1;714.7,365.0;675.8,316.4;585.1,303.4;562.4,300.2;568.9,261.3
55#674.9,530.2;701.0,452.0;657.6,408.6;611.2,414.4;608.3,449.1;614.1,527.3;631.5,414.4;637.3,313.1;640.2,298.6;641.6,248.0;735.7,405.7;715.4,365.2;683.6,318.9;596.8,301.5;567.8,298.6;579.4,266.8
56#672.5,498.8;705.7,429.6;663.5,414.5;615.4,417.6;606.3,465.7;612.3,547.0;639.4,417.6;645.5,306.2;645.5,297.2;653.0,244.5;735.7,414.5;726.7,369.4;693.6,321.2;600.3,297.2;567.2,330.3;585.3,279.1
57#714.4,470.6;681.9,473.9;668.9,421.8;623.4,421.8;603.8,483.6;613.6,561.7;646.1,421.8;652.6,308.0;652.6,295.0;664.0,234.9;737.2,405.6;737.2,366.6;701.4,317.8;607.1,298.3;568.1,334.0;584.3,301.5
58#717.8,493.6;701.2,397.4;681.3,420.6;631.5,420.6;604.9,496.9;611.6,576.6;658.0,420.6;661.3,301.1;661.3,291.2;669.6,233.1;734.3,377.5;754.3,350.9;707.8,307.8;614.9,297.8;578.4,347.6;585.0,324.4
59#713.9,514.5;692.8,444.2;685.8,416.1;640.1,423.1;622.6,496.9;612.0,581.2;664.7,419.6;671.8,300.1;671.8,286.1;670.0,228.1;742.0,331.8;770.1,331.8;720.9,300.1;626.1,300.1;587.4,352.8;587.4,335.3
60#719.3,526.4;707.1,465.4;694.9,407.5;643.1,410.5;627.8,486.8;630.9,578.2;670.5,410.5;676.6,291.6;673.6,279.4;675.1,238.3;749.8,300.8;774.2,297.7;725.4,291.6;627.8,297.7;591.3,355.7;588.2,361.8
61#715.4,522.7;702.4,438.1;695.9,405.6;647.1,399.1;624.4,470.6;650.4,558.4;673.1,405.6;676.4,295.0;676.4,282.0;678.0,221.9;728.4,243.0;757.7,272.3;721.9,288.5;627.6,298.3;598.3,356.8;585.3,373.1
62#716.7,535.7;706.8,456.7;703.6,404.0;657.5,400.8;627.9,453.4;654.2,522.5;680.5,404.0;673.9,288.9;673.9,282.3;667.4,223.0;736.5,219.8;752.9,249.4;726.6,275.7;624.6,302.0;604.8,351.4;591.7,387.6
63#713.8,540.5;710.7,463.3;707.6,398.4;661.3,395.3;624.2,423.1;652.0,484.9;686.0,398.4;664.4,296.4;664.4,287.1;650.5,230.0;730.8,230.0;744.7,247.0;710.7,277.9;618.0,308.8;602.6,364.4;587.1,404.6
64#716.6,558.3;716.6,481.5;707.0,404.8;659.0,404.8;646.2,481.5;623.8,455.9;684.6,404.8;652.6,296.1;649.4,289.7;635.0,236.9;745.3,260.9;742.1,267.3;694.2,280.1;607.9,315.3;595.1,376.0;582.3,420.8
65#725.2,567.1;718.6,485.0;702.2,399.6;659.5,402.9;712.0,488.3;643.1,448.9;682.5,399.6;636.5,294.5;633.2,288.0;611.9,237.1;735.0,271.6;738.3,284.7;679.2,278.1;593.8,314.2;587.3,373.3;580.7,425.9
66#731.1,558.3;715.2,472.6;693.0,402.7;648.5,405.9;689.8,478.9;623.1,485.3;670.8,405.9;623.1,294.7;620.0,282.0;596.1,239.1;743.8,288.4;724.8,294.7;667.6,278.8;578.7,310.6;569.1,370.9;578.7,415.4
67#740.6,552.5;724.3,467.7;682.0,396.0;623.3,402.5;711.3,471.0;613.5,497.1;652.6,402.5;613.5,295.0;613.5,285.2;592.3,231.4;682.0,314.5;727.6,298.2;659.1,281.9;567.9,304.8;545.1,366.7;584.2,396.0
68#748.4,540.0;728.7,454.4;659.5,391.8;606.8,398.4;718.8,464.3;616.7,503.8;633.2,398.4;606.8,293.0;603.5,289.8;582.1,225.5;718.8,319.4;722.1,302.9;649.6,286.5;560.7,299.6;521.2,352.3;577.2,365.5
69#772.2,525.1;725.6,444.4;641.8,394.8;592.2,413.4;629.4,432.0;617.0,515.8;617.0,410.3;589.1,298.6;589.1,289.2;579.8,227.2;716.3,326.5;707.0,311.0;635.6,295.5;545.6,304.8;505.3,338.9;545.6,332.7
70#789.4,510.1;722.4,443.1;634.1,400.5;573.2,427.9;618.8,449.2;615.8,537.5;609.7,415.7;579.3,309.1;579.3,300.0;577.7,234.5;728.5,357.8;691.9,327.4;621.9,306.1;536.6,312.2;500.1,324.3;512.3,315.2
71#794.9,497.0;712.4,439.0;614.7,408.4;565.8,439.0;611.6,457.3;617.7,536.7;593.3,423.7;565.8,316.8;568.8,313.7;570.4,248.1;718.5,371.8;678.8,350.4;605.5,319.9;526.1,319.9;492.5,326.0;535.2,301.5
72#791.3,490.0;704.6,438.0;594.7,417.7;548.5,446.6;603.4,472.7;612.1,542.0;571.6,432.2;560.1,331.0;560.1,322.3;561.5,260.2;713.3,385.9;675.7,362.8;600.5,333.9;522.5,342.6;539.8,409.1;516.7,452.4
73#782.3,484.6;699.6,437.4;587.4,434.4;546.1,461.0;596.3,487.6;608.1,579.1;563.8,446.3;554.9,345.8;554.9,337.0;560.8,275.0;711.4,399.0;667.1,375.4;593.3,348.8;519.5,345.8;481.1,348.8;587.4,452.2
74#778.0,487.2;692.7,444.6;570.5,473.0;527.9,484.4;593.3,510.0;604.6,598.1;545.0,473.0;553.5,362.2;553.5,350.8;563.4,304.0;704.1,416.2;664.3,393.5;596.1,365.0;519.4,362.2;522.2,441.8;502.3,490.1
75#753.1,518.9;684.0,452.7;554.4,490.2;519.9,495.9;600.5,527.6;606.3,622.6;534.3,493.0;554.4,377.9;557.3,369.2;567.4,318.9;704.1,432.6;663.8,409.5;597.6,383.6;522.8,377.9;476.7,386.5;738.7,507.4
76#747.2,538.9;680.2,477.6;549.1,497.1;518.5,513.8;596.6,547.3;607.7,636.5;540.8,502.7;557.5,399.5;557.5,388.3;558.9,333.9;702.5,449.7;666.3,430.1;593.8,405.0;518.5,393.9;479.4,405.0;518.5,399.5
77#736.2,574.3;684.3,505.1;563.3,510.9;528.7,533.9;597.8,565.6;609.4,660.8;546.0,522.4;557.5,418.6;557.5,407.1;561.8,356.6;707.4,470.5;667.0,450.3;600.7,424.4;517.1,415.7;479.7,424.4;525.8,395.6
78#729.4,619.6;688.7,529.4;581.1,526.5;537.5,552.7;598.6,584.7;610.2,669.0;557.8,541.1;560.7,439.3;560.7,430.6;562.2,368.0;709.1,488.7;668.4,468.4;604.4,439.3;517.1,436.4;482.2,445.1;525.9,416.0
79#730.3,660.4;691.0,581.8;603.3,557.6;548.8,578.7;597.2,609.0;609.3,690.7;576.0,569.7;560.9,457.7;560.9,451.7;565.4,389.7;712.2,506.1;672.8,485.0;603.3,457.7;518.5,460.8;491.3,466.8;524.6,436.6
80#728.3,702.6;687.3,623.5;614.0,570.7;555.4,600.0;590.6,629.3;608.2,702.6;584.7,585.4;564.2,477.0;564.2,471.1;565.7,414.0;719.5,523.9;675.6,500.4;608.2,474.1;523.2,479.9;493.9,491.6;532.0,456.5
81#727.8,737.6;682.8,654.0;618.5,589.7;567.1,609.0;589.6,644.4;615.3,724.7;596.0,599.4;567.1,499.7;567.1,496.5;562.3,427.4;724.6,544.7;679.6,519.0;615.3,496.5;522.1,506.1;499.6,522.2;586.4,544.7
82#728.3,767.7;688.4,681.4;628.7,615.0;575.6,628.3;592.2,661.5;615.4,744.4;602.2,621.6;578.9,525.4;578.9,518.8;564.0,450.7;724.9,561.9;688.4,538.7;622.1,518.8;535.8,528.7;545.7,591.8;588.9,605.1
83#736.2,782.3;692.5,701.0;629.9,635.3;576.8,647.8;579.9,682.2;617.4,754.1;601.8,644.7;583.0,544.6;583.0,538.4;575.2,471.1;726.9,572.8;686.2,557.1;626.8,538.4;539.2,554.0;551.8,610.3;598.7,604.0
84#752.0,800.8;705.2,724.8;640.9,669.2;579.5,680.9;567.8,698.5;614.6,756.9;614.6,672.1;591.2,566.9;591.2,558.1;586.8,498.2;728.6,587.4;690.6,578.6;638.0,561.0;547.4,575.7;556.1,631.2;597.1,631.2
85#767.4,816.9;717.0,742.7;648.7,689.3;592.3,704.2;556.7,713.1;616.1,772.4;625.0,698.2;601.2,588.5;601.2,579.6;592.3,514.3;725.9,597.4;699.2,603.3;645.7,582.5;559.7,594.4;538.9,633.0;547.8,606.3
86#769.7,834.0;725.5,756.1;655.3,714.5;590.3,719.7;618.9,800.3;617.6,869.1;626.7,719.7;608.5,605.3;605.9,597.5;596.8,541.6;730.7,615.7;707.3,618.3;652.7,602.7;561.7,613.1;533.1,654.7;548.7,641.7
87#771.9,853.1;738.6,774.6;662.6,734.2;600.8,739.0;569.9,731.8;612.7,796.0;634.1,739.0;615.0,632.0;612.7,615.4;602.0,561.9;733.9,627.3;714.9,634.4;660.2,622.5;567.5,641.5;529.5,679.5;555.6,662.9
88#781.5,870.5;743.6,786.9;675.2,759.1;612.0,759.1;574.0,741.4;612.0,807.2;644.9,761.6;622.1,647.7;619.5,632.5;606.9,576.8;728.4,645.2;718.3,650.2;670.2,640.1;576.5,657.8;528.4,695.8;546.1,688.2
89#785.7,871.8;746.1,800.1;681.8,777.8;622.4,782.7;575.4,758.0;610.0,822.3;652.1,782.7;624.9,664.0;624.9,649.1;610.0,594.7;728.8,661.5;723.8,666.4;674.4,654.1;577.8,676.3;530.8,713.4;520.9,715.9
90#776.8,873.3;749.5,813.7;682.4,784.0;625.3,788.9;573.2,776.5;605.5,843.5;652.7,786.4;627.8,674.7;625.3,659.8;610.5,605.2;714.7,677.2;724.6,677.2;672.5,664.8;578.2,687.1;523.6,721.9;533.5,716.9
91#758.2,886.0;740.5,830.3;674.7,789.8;624.1,792.3;573.5,787.3;614.0,865.7;651.9,792.3;624.1,681.0;621.5,665.8;611.4,612.6;727.9,686.0;722.8,693.6;669.6,673.4;576.0,691.1;517.8,721.5;527.9,716.4
92#767.2,924.8;735.6,846.0;670.0,793.5;614.8,796.1;572.8,801.4;617.4,880.2;641.1,793.5;617.4,683.2;617.4,670.0;608.2,624.0;725.1,701.5;717.2,701.5;664.7,677.9;567.5,685.8;517.6,712.1;549.1,701.5
93#762.0,933.6;727.7,851.9;664.5,791.3;606.5,796.6;567.0,820.3;609.2,888.8;632.9,793.9;611.8,680.6;609.2,664.8;597.3,626.6;706.6,714.9;711.9,709.6;656.6,678.0;567.0,685.9;514.3,696.4;559.1,672.7
94#760.2,931.2;712.3,844.4;649.5,784.5;598.6,787.5;559.7,835.4;601.6,904.2;622.6,787.5;604.6,679.8;604.6,673.8;597.1,615.5;697.4,733.7;700.4,715.7;646.5,676.8;565.7,682.8;568.7,760.6;562.7,649.9
95#745.2,931.2;710.7,846.4;638.4,774.1;585.0,783.6;559.9,855.8;600.7,921.8;610.2,777.3;597.6,679.9;594.5,670.5;596.0,612.4;685.5,745.9;695.0,720.8;641.6,679.9;556.8,676.8;531.6,661.1;569.3,629.7
96#716.4,915.6;710.0,832.4;633.2,778.0;582.0,784.4;566.0,864.4;598.0,934.8;607.6,784.4;594.8,678.7;594.8,669.1;594.8,611.5;694.0,752.4;684.4,726.8;639.6,678.7;553.2,675.5;540.4,643.5;572.4,614.7
97#698.4,893.4;720.9,806.4;633.9,777.5;576.0,790.3;576.0,874.1;598.5,948.2;608.2,783.9;595.3,674.4;595.3,668.0;595.3,606.8;691.9,761.4;679.0,725.9;637.2,680.8;556.7,671.2;543.8,635.8;569.5,603.5
98#696.8,865.2;720.9,786.0;621.1,768.8;569.5,786.0;583.2,875.5;597.0,954.7;597.0,779.2;597.0,669.0;597.0,662.1;600.4,600.2;696.8,779.2;679.6,720.6;638.3,675.9;555.7,665.6;541.9,624.3;562.6,593.3
99#681.7,831.1;720.0,765.0;615.7,772.0;570.5,782.4;584.4,869.3;591.4,956.2;591.4,778.9;598.3,660.7;598.3,657.2;601.8,594.7;695.7,768.5;681.7,712.9;640.0,667.7;560.1,653.8;542.7,615.5;553.1,580.8
100#675.5,810.6;716.2,739.4;614.5,770.0;570.4,780.1;573.8,871.7;577.2,953.0;590.7,776.7;597.5,654.7;597.5,654.7;604.3,593.6;685.7,746.2;692.5,702.1;641.6,664.8;560.2,651.3;543.3,610.6;543.3,569.9
101#671.8,803.2;710.9,731.5;613.1,770.6;574.1,780.4;570.8,871.6;557.8,949.8;593.6,773.9;600.1,656.6;600.1,653.3;603.4,591.4;688.1,725.0;697.8,692.4;642.5,663.1;557.8,646.8;538.2,617.5;546.4,580.0
102#672.3,805.6;708.5,730.0;623.1,772.7;570.5,782.6;567.2,868.0;544.2,946.8;593.5,776.0;596.8,661.0;596.8,657.8;603.4,595.3;682.2,674.2;698.6,684.0;639.5,664.3;557.4,654.5;524.5,634.8;540.9,592.0
103#671.1,812.6;709.6,741.9;619.7,774.0;571.5,780.4;558.6,870.4;536.1,947.5;594.0,777.2;590.8,661.6;594.0,658.3;597.2,597.3;677.5,671.2;700.0,677.6;635.7,664.8;552.2,655.1;516.9,651.9;539.3,606.9
104#677.3,839.5;713.1,764.8;618.9,771.3;570.1,781.1;550.7,872.0;534.4,950.0;592.9,777.8;589.6,664.2;589.6,657.7;588.0,597.6;664.3,680.4;700.1,673.9;635.1,664.2;547.4,660.9;514.9,660.9;537.7,621.9
105#675.5,864.0;713.0,795.3;619.3,767.2;566.2,779.7;550.6,873.4;531.9,951.5;594.3,776.6;588.1,667.3;588.1,661.0;586.5,600.1;659.9,670.4;700.5,670.4;634.9,664.1;544.3,661.0;513.1,676.6;538.1,632.9
106#716.4,916.9;710.2,804.5;619.7,770.2;563.5,779.6;547.9,873.2;532.3,951.2;591.6,776.4;585.3,667.2;585.3,661.0;583.8,603.2;644.6,661.0;694.6,661.0;632.1,664.1;541.6,664.1;510.4,685.9;538.5,645.4
107#722.5,922.9;699.8,816.0;615.5,770.6;560.5,783.6;544.3,871.1;531.3,952.1;589.6,777.1;586.4,663.7;586.4,660.5;581.5,600.5;622.0,634.5;673.9,647.5;628.5,663.7;544.3,654.0;511.9,696.1;531.3,666.9
108#669.5,898.9;689.8,831.5;619.0,770.9;565.1,777.6;534.8,861.8;528.0,949.4;592.1,777.6;585.3,656.3;581.9,652.9;573.5,594.0;602.2,615.9;646.0,632.7;622.4,659.7;544.9,659.7;507.8,706.9;524.7,683.3
109#665.8,912.6;665.8,840.3;614.2,761.1;559.1,767.9;524.6,847.1;528.1,936.7;586.6,767.9;579.7,654.3;576.3,644.0;572.8,592.3;590.1,592.3;627.9,619.9;617.6,647.4;538.4,661.2;510.9,716.3;524.6,688.8
110#668.1,919.0;647.5,839.9;609.7,750.6;561.6,754.1;510.1,829.6;523.8,908.7;585.6,754.1;568.5,647.6;568.5,640.7;561.6,582.3;589.1,572.0;599.4,685.3;602.8,640.7;530.7,654.4;513.5,716.3;530.7,699.1
111#670.4,918.1;630.4,838.0;607.0,747.9;557.0,747.9;490.3,811.3;517.0,881.4;583.7,747.9;560.3,641.2;560.3,634.5;550.3,574.5;570.3,681.2;592.0,562.8;593.7,631.2;520.3,651.2;510.3,714.6;523.6,701.2
112#653.0,897.9;633.5,831.0;605.7,741.9;555.5,741.9;477.5,789.3;511.0,853.3;580.6,741.9;552.7,636.1;550.0,627.7;541.6,572.0;589.0,572.0;605.7,599.9;591.7,622.2;511.0,650.0;497.0,702.9;519.3,700.1
113#654.4,885.6;628.8,824.1;595.5,739.6;544.3,742.2;464.9,770.4;500.8,831.8;572.4,742.2;544.3,637.2;541.7,627.0;527.6,571.9;590.4,586.0;610.9,614.2;587.8,624.4;503.3,647.4;459.8,683.3;480.3,680.7
114#650.2,859.5;620.2,812.0;582.8,734.5;530.2,737.0;457.8,754.5;497.8,814.5;560.2,734.5;530.2,637.0;530.2,627.0;522.8,572.0;595.2,597.0;607.8,627.0;572.8,627.0;487.8,644.5;435.2,669.5;460.2,667.0
115#653.8,863.8;631.6,811.2;573.2,729.5;519.5,736.5;451.8,741.1;486.8,811.2;547.5,729.5;524.2,636.0;524.2,629.0;513.7,574.1;591.9,610.3;605.9,636.0;566.2,629.0;484.5,643.0;426.1,647.7;428.4,652.4
116#638.0,868.6;634.4,805.2;562.7,731.1;512.5,738.3;443.1,743.1;479.0,812.4;534.0,731.1;517.2,637.9;514.9,628.3;510.1,575.7;593.7,621.1;600.9,647.4;555.5,630.7;479.0,637.9;436.0,630.7;457.5,609.2
117#628.8,865.2;626.3,778.5;549.3,732.7;498.7,740.0;438.5,749.6;460.2,824.3;525.2,740.0;505.9,638.8;508.3,629.2;510.8,576.2;590.2,631.6;595.0,655.7;546.9,636.4;474.6,638.8;453.0,624.4;438.5,597.9
118#567.3,864.6;579.0,778.1;542.9,738.6;494.0,741.7;441.3,767.8;453.1,841.8;519.7,741.7;509.5,638.4;512.0,627.5;513.2,581.0;591.7,638.1;591.3,660.4;550.3,637.7;477.0,638.4;458.1,648.5;449.4,642.5
119#505.7,864.0;531.8,777.8;536.6,744.6;489.2,743.5;444.1,786.1;445.9,859.4;514.2,743.5;513.2,638.1;515.8,625.9;515.7,585.8;593.2,644.6;587.7,665.2;553.7,639.1;479.4,638.1;463.3,672.7;460.2,687.1
120#444.2,863.4;484.5,777.4;530.2,750.5;484.5,745.2;446.9,804.3;438.8,876.9;508.7,745.2;516.8,637.7;519.5,624.2;518.1,590.6;594.7,651.1;584.0,669.9;557.1,640.4;481.8,637.7;468.4,696.8;471.1,731.7
121#477.4,828.5;483.0,817.4;530.1,739.7;483.0,739.7;452.5,806.3;441.4,881.2;507.9,742.5;519.0,634.3;521.8,620.5;528.7,585.8;596.7,667.6;580.0,675.9;560.6,634.3;480.2,631.6;435.8,656.5;444.1,637.1
122#518.9,805.4;513.5,800.0;540.5,737.8;486.4,729.7;456.7,797.3;432.4,875.6;510.8,737.8;527.0,629.7;527.0,616.1;531.0,587.8;572.9,670.2;589.1,689.1;570.2,632.4;486.4,624.3;435.1,645.9;451.3,632.4
123#516.4,811.9;558.4,747.5;552.8,716.7;496.8,711.1;454.8,778.3;432.4,862.3;524.8,711.1;533.2,618.7;533.2,613.1;531.8,561.3;589.2,677.5;611.6,663.5;575.2,621.5;488.4,613.1;440.8,649.5;443.6,663.5
124#519.5,819.9;555.6,753.7;555.6,702.5;504.4,696.5;456.3,762.7;441.2,844.0;528.5,705.5;534.5,615.2;537.5,612.2;536.0,550.5;591.7,669.4;627.8,651.3;576.7,615.2;492.4,612.2;450.3,657.4;444.2,672.4
125#518.5,832.5;551.5,769.5;560.5,703.5;506.5,694.5;458.5,742.5;455.5,823.5;536.5,700.5;539.5,613.5;539.5,607.5;541.0,549.0;605.5,628.5;641.5,634.5;584.5,613.5;494.5,610.5;458.5,661.5;446.5,676.5
126#520.2,828.6;555.6,767.3;558.7,702.5;506.3,695.0;472.7,747.8;474.1,823.1;534.8,700.5;538.7,609.4;539.2,603.9;542.2,546.6;612.8,625.8;638.9,631.8;583.6,609.4;493.9,606.9;455.5,651.8;450.9,665.3
127#522.0,824.8;559.6,765.1;556.8,701.5;506.1,695.5;486.9,753.0;492.7,822.7;533.0,700.5;537.9,605.3;538.9,600.3;543.3,544.2;620.1,623.1;636.3,629.1;582.6,605.3;493.2,603.3;452.6,642.2;455.3,654.1
128#523.7,820.9;563.7,763.0;555.0,700.6;506.0,696.1;501.0,758.2;511.3,822.2;531.2,700.5;537.2,601.1;538.6,596.7;544.5,541.7;627.5,620.4;633.7,626.3;581.7,601.1;492.6,599.6;449.6,632.5;459.8,643.0
129#525.4,817.0;567.8,760.8;553.2,699.6;505.8,696.6;515.2,763.5;529.9,821.8;529.5,700.5;536.4,597.0;538.3,593.1;545.7,539.3;634.8,617.7;631.1,623.6;580.8,597.0;492.0,596.0;446.6,622.8;464.2,631.8
130#527.2,813.2;571.8,758.6;551.3,698.6;505.6,697.1;529.4,768.8;548.5,821.4;527.8,700.5;535.6,592.9;538.0,589.5;546.8,536.9;642.1,615.0;628.5,620.9;579.8,592.9;491.3,592.4;443.7,613.2;468.6,620.6
131#528.9,809.3;575.9,756.4;549.5,697.6;505.4,697.6;543.6,774.0;567.1,821.0;526.0,700.5;534.8,588.8;537.7,585.9;548.0,534.5;649.4,612.3;625.9,618.2;578.9,588.8;490.7,588.8;440.7,603.5;473.0,609.4
132#545.4,792.7;594.6,737.4;551.5,685.1;505.4,688.2;545.4,755.8;560.8,826.5;530.0,691.3;536.2,586.7;536.2,589.8;550.0,529.9;653.0,623.6;619.2,620.5;570.0,586.7;499.3,583.7;480.8,611.3;474.7,592.9
133#565.8,763.5;605.2,710.9;549.3,671.4;503.3,684.6;546.0,766.8;562.5,839.2;523.0,681.3;539.5,585.9;539.5,585.9;560.8,521.8;644.7,641.8;621.7,628.7;578.9,585.9;500.0,585.9;513.2,631.9;513.2,645.1
134#590.4,747.0;609.5,677.2;542.9,658.2;498.5,689.9;536.5,753.3;558.7,845.3;523.8,680.4;542.9,582.0;542.9,582.0;566.7,523.4;644.4,648.6;615.8,626.4;580.9,582.0;514.3,578.9;492.1,613.8;514.3,655.0
135#592.6,703.8;616.3,649.7;548.6,673.4;504.7,686.9;531.7,768.1;562.2,869.6;521.6,686.9;558.8,578.7;558.8,578.7;643.3,707.2;596.0,717.4;599.4,673.4;606.1,659.9;514.8,571.9;481.0,582.1;511.4,599.0
136#598.0,714.3;606.8,673.8;557.6,667.7;513.5,680.8;533.0,761.1;553.6,855.1;532.9,678.6;564.5,576.6;565.2,575.1;633.8,658.1;611.7,697.7;618.0,657.3;608.9,638.9;521.8,570.7;484.5,583.6;514.0,603.0
137#603.4,724.8;597.4,697.8;566.5,662.0;522.2,674.7;534.2,754.1;545.1,840.5;544.1,670.2;570.1,574.5;571.6,571.5;624.3,608.9;627.5,678.0;636.6,641.1;611.6,618.0;528.8,569.5;488.1,585.1;516.6,607.0
138#608.8,735.4;587.9,721.9;575.5,656.3;531.0,668.6;535.5,747.0;536.5,826.0;555.4,661.9;575.8,572.3;578.0,567.8;614.8,559.8;643.2,658.4;655.2,625.0;614.4,597.0;535.7,568.4;491.6,586.6;519.3,610.9
139#614.2,745.9;578.5,745.9;584.4,650.6;539.8,662.5;536.8,740.0;527.9,811.4;566.6,653.6;581.5,570.2;584.4,564.2;605.3,510.6;658.9,638.7;673.8,608.9;617.2,576.1;542.7,567.2;495.1,588.1;521.9,614.9
140#602.7,754.1;590.2,734.3;591.3,650.0;545.5,655.1;538.8,734.1;530.0,806.3;571.9,651.0;591.2,569.0;594.1,565.0;612.3,509.9;670.2,608.0;683.0,596.7;628.3,573.9;554.1,565.1;513.8,586.6;541.1,607.3
141#591.1,762.3;601.9,722.6;598.2,649.3;551.2,647.6;540.8,728.2;532.2,801.1;577.1,648.5;601.0,567.8;603.9,565.8;619.3,509.2;681.6,577.4;692.2,584.4;639.3,571.6;565.4,563.0;532.6,585.0;560.4,599.6
142#579.6,770.5;613.6,711.0;605.1,648.7;556.9,640.2;542.8,722.3;534.3,796.0;582.4,645.9;610.7,566.6;613.6,566.6;626.3,508.5;692.9,546.7;701.4,572.2;650.4,569.4;576.8,560.9;551.3,583.5;579.6,592.0
143#574.5,788.8;608.4,729.5;614.1,656.0;568.9,647.6;537.8,715.3;535.0,783.1;591.5,653.2;616.9,560.0;616.9,562.8;629.6,504.9;701.6,537.4;696.0,562.8;650.8,562.8;580.2,554.4;535.0,562.8;549.1,582.6
144#577.1,796.9;604.8,733.1;624.3,663.7;577.1,647.1;538.2,697.0;532.7,769.2;599.3,655.4;621.5,558.3;621.5,555.5;620.1,509.7;702.0,549.9;699.2,569.4;654.8,558.3;582.6,555.5;541.0,561.0;557.7,591.6
145#581.9,804.8;611.1,731.8;631.6,658.8;587.8,647.2;541.1,670.5;541.1,734.8;611.1,655.9;619.9,553.7;619.9,550.8;615.5,505.5;704.6,562.5;698.7,582.9;654.9,553.7;581.9,553.7;535.2,571.2;558.6,580.0
146#594.5,803.2;621.2,743.8;642.0,654.7;588.5,636.9;555.8,708.2;496.4,726.0;612.3,645.8;621.2,553.7;621.2,547.7;613.8,501.7;701.4,562.6;704.4,568.5;653.9,550.7;579.6,553.7;541.0,577.4;570.7,574.5
147#607.1,796.2;636.6,719.6;639.5,654.7;577.6,640.0;571.7,696.0;501.0,734.3;613.0,645.9;618.9,557.5;621.8,548.6;620.4,500.0;695.5,569.3;642.5,563.4;654.3,557.5;586.5,557.5;548.2,589.9;574.7,560.4
148#620.4,769.6;655.5,701.4;633.8,650.8;578.7,641.0;567.4,688.1;517.0,734.9;608.0,644.9;623.3,555.0;625.3,545.8;628.8,502.4;692.3,578.4;664.3,568.7;658.3,555.0;589.5,552.6;546.8,580.7;571.0,568.4
149#633.6,743.0;674.5,683.2;628.1,646.9;579.7,642.0;563.1,680.3;533.0,735.4;602.9,644.0;627.8,552.5;628.7,543.0;637.2,504.8;689.2,587.4;686.2,574.1;662.4,552.5;592.5,547.6;545.5,571.4;567.3,576.3
150#646.9,716.4;693.4,665.0;622.4,643.0;580.8,643.0;558.8,672.4;549.0,736.0;597.9,643.0;632.2,550.0;632.2,540.2;645.6,507.2;686.0,596.5;708.0,579.4;666.4,550.0;595.5,542.7;544.1,562.2;563.6,584.3
151#651.7,710.3;696.2,658.8;626.7,634.5;584.6,635.6;564.3,668.0;555.3,731.3;602.5,635.0;633.0,544.2;633.0,534.8;645.6,500.8;685.1,589.4;707.9,573.8;667.4,543.8;596.4,537.9;546.5,558.4;567.4,579.4
152#656.5,704.3;699.0,652.5;630.9,626.0;588.4,628.2;569.7,663.5;561.5,726.6;607.1,627.1;633.9,538.4;633.9,529.5;645.6,494.3;684.3,582.4;707.9,568.1;668.3,537.6;597.3,533.1;548.9,554.5;571.1,574.4
153#661.4,698.2;701.9,646.2;635.2,617.4;592.2,620.8;575.2,659.1;567.8,721.9;611.8,619.1;634.7,532.6;634.7,524.1;645.6,487.9;683.4,575.3;707.8,562.4;669.3,531.5;598.2,528.2;551.3,550.7;574.9,569.5
154#666.2,692.2;704.7,640.0;639.4,608.9;596.0,613.4;580.6,654.6;574.1,717.2;616.4,611.1;635.5,526.8;635.5,518.7;645.6,481.4;682.6,568.2;707.7,556.8;670.3,525.3;599.1,523.4;553.7,546.8;578.6,564.6
155#671.0,686.1;707.5,633.8;643.7,600.4;599.8,606.0;586.1,650.2;580.4,712.5;621.0,603.2;636.4,521.0;636.4,513.4;645.6,475.0;681.7,561.1;707.6,551.1;671.2,519.1;600.0,518.6;556.1,543.0;582.4,559.6
156#675.9,680.1;710.3,627.5;647.9,591.9;603.6,598.6;591.5,645.7;586.6,707.8;625.6,595.2;637.2,515.2;637.2,508.0;645.6,468.5;680.9,554.0;707.5,545.5;672.2,512.9;600.9,513.8;558.5,539.1;586.1,554.7
157#680.7,674.0;713.1,621.2;652.2,583.3;607.5,591.2;597.0,641.3;592.9,703.0;630.3,587.2;638.0,509.3;638.0,502.6;645.5,462.1;680.0,547.0;707.5,539.9;673.2,506.7;601.9,508.9;560.8,535.3;589.9,549.8
158#685.5,667.9;715.9,615.0;656.5,574.8;611.3,583.8;602.5,636.9;599.2,698.3;634.9,579.3;638.9,503.5;638.9,497.3;645.5,455.7;679.1,539.9;707.4,534.2;674.1,500.5;602.8,504.1;563.2,531.5;593.6,544.8
159#690.3,661.9;718.8,608.8;660.7,566.3;615.1,576.4;607.9,632.4;605.5,693.6;639.5,571.3;639.7,497.7;639.7,491.9;645.5,449.2;678.3,532.8;707.3,528.5;675.1,494.4;603.7,499.3;565.6,527.6;597.4,539.9
160#695.1,655.8;721.6,602.5;665.0,557.8;618.9,569.0;613.4,628.0;611.8,688.9;644.1,563.3;640.5,491.9;640.5,486.5;645.5,442.8;677.4,525.8;707.2,522.9;676.1,488.2;604.6,494.5;568.0,523.8;601.1,535.0
161#700.0,649.8;724.4,596.2;669.2,549.2;622.7,561.6;618.8,623.5;618.0,684.2;648.8,555.4;641.4,486.1;641.4,481.2;645.5,436.3;676.6,518.7;707.2,517.2;677.0,482.0;605.5,489.6;570.4,519.9;604.9,530.0
162#704.8,643.7;727.2,590.0;673.5,540.7;626.5,554.2;624.3,619.1;624.3,679.5;653.4,547.4;642.2,480.3;642.2,475.8;645.5,429.9;675.7,511.6;707.1,511.6;678.0,475.8;606.4,484.8;572.8,516.1;608.6,525.1
163#704.9,618.4;730.2,562.8;667.0,552.7;619.0,565.3;613.9,623.5;616.5,681.6;641.7,560.3;639.2,476.9;641.7,471.8;653.1,432.7;679.6,504.7;715.0,507.2;677.1,476.9;601.3,476.9;553.3,494.6;591.2,524.9
164#695.0,613.2;718.7,555.0;659.0,540.6;610.6,551.4;606.7,611.2;607.9,669.9;634.2,547.6;631.9,465.9;634.2,461.2;646.9,421.4;675.1,497.7;708.6,496.9;669.9,465.9;593.9,465.1;545.1,482.9;579.3,514.9
165#685.1,608.0;707.3,547.1;651.0,528.4;602.2,537.5;599.5,598.9;599.3,658.2;626.7,534.8;624.6,454.9;626.7,450.6;640.6,410.0;670.6,490.6;702.2,486.7;662.8,454.9;586.4,453.3;536.9,471.1;567.3,504.9
166#675.2,602.8;695.8,539.3;642.9,516.3;593.8,523.5;592.3,586.6;590.7,646.5;619.2,522.1;617.3,443.9;619.2,440.0;634.4,398.7;666.1,483.6;695.7,476.4;655.6,443.9;579.0,441.5;528.7,459.4;555.4,494.9
167#665.2,597.6;684.4,531.4;634.9,504.1;585.4,509.6;585.2,574.3;582.1,634.8;611.7,509.4;610.0,433.0;611.7,429.4;628.1,387.3;661.5,476.6;689.3,466.1;648.4,433.0;571.5,429.7;520.4,447.6;543.4,484.9
168#655.3,592.4;672.9,523.6;626.9,492.0;577.0,495.7;578.0,562.0;573.5,623.1;604.2,496.6;602.7,422.0;604.2,418.8;621.9,376.0;657.0,469.5;682.9,455.9;641.3,422.0;564.1,417.9;512.2,435.9;531.5,474.9
169#645.4,587.2;661.4,515.8;618.9,479.8;568.6,481.8;570.8,549.7;564.9,611.4;596.7,483.9;595.4,411.0;596.7,408.2;615.7,364.6;652.5,462.5;676.5,445.6;634.1,411.0;556.7,406.1;504.0,424.2;519.5,464.9
170#635.5,581.9;650.0,507.9;610.8,467.7;560.3,467.8;563.6,537.3;556.2,599.8;589.2,471.2;588.0,400.0;589.2,397.7;609.4,353.3;648.0,455.5;670.0,435.3;626.9,400.0;549.2,394.3;495.8,412.4;507.6,454.8
171#625.6,576.7;638.5,500.1;602.8,455.5;551.9,453.9;556.4,525.0;547.6,588.1;581.7,458.5;580.7,389.0;581.7,387.1;603.2,341.9;643.5,448.5;663.6,425.0;619.7,389.0;541.8,382.5;487.6,400.7;495.6,444.8
172#615.7,571.5;627.0,492.3;594.8,443.4;543.5,440.0;549.2,512.7;539.0,576.4;574.2,445.7;573.4,378.0;574.2,376.5;597.0,330.6;639.0,441.4;657.2,414.8;612.6,378.0;534.4,370.7;479.4,389.0;483.7,434.8
173#605.8,566.3;615.6,484.4;586.8,431.2;535.1,426.1;542.0,500.4;530.4,564.7;566.7,433.0;566.1,367.0;566.7,365.9;590.7,319.2;634.5,434.4;650.8,404.5;605.4,367.0;526.9,358.9;471.1,377.2;471.7,424.8
174#595.8,561.1;604.1,476.6;578.7,419.1;526.7,412.1;534.9,488.1;521.8,553.0;559.2,420.3;558.8,356.1;559.2,355.3;584.5,307.9;629.9,427.4;644.3,394.2;598.2,356.1;519.5,347.1;462.9,365.5;459.8,414.8
175#585.9,555.9;592.7,468.7;570.7,406.9;518.3,398.2;527.7,475.8;513.2,541.3;551.7,407.5;551.5,345.1;551.7,344.7;578.2,296.5;625.4,420.3;637.9,384.0;591.1,345.1;512.0,335.3;454.7,353.7;447.8,404.8
176#576.0,550.7;581.2,460.9;562.7,394.8;509.9,384.3;520.5,463.5;504.6,529.6;544.2,394.8;544.2,334.1;544.2,334.1;572.0,285.2;620.9,413.3;631.5,373.7;583.9,334.1;504.6,323.5;446.5,342.0;435.9,394.8
177#562.5,536.7;567.7,448.7;544.4,376.3;490.1,378.9;515.9,453.9;492.7,508.2;523.7,376.3;526.3,314.3;534.1,303.9;545.7,279.4;611.6,412.5;616.8,360.8;572.8,316.9;492.7,306.5;438.4,322.0;422.9,376.3
178#548.1,527.6;553.5,434.2;512.4,357.3;465.7,362.8;506.9,445.2;479.4,502.9;479.4,360.1;520.6,291.4;523.3,288.7;549.4,254.3;600.2,395.8;603.0,343.6;570.0,294.2;476.7,285.9;421.7,294.2;416.2,346.3
179#537.6,502.1;543.5,416.8;502.3,349.2;449.3,346.2;499.4,431.5;469.9,493.3;469.9,349.2;511.1,269.8;514.1,263.9;539.1,215.3;590.5,372.7;590.5,319.8;555.2,275.6;469.9,263.9;405.2,269.8;414.1,310.9
180#524.8,488.5;534.3,399.4;499.3,335.8;445.2,332.6;480.2,418.5;458.0,494.8;470.7,335.8;496.1,246.7;502.5,243.5;523.2,187.8;575.7,348.5;578.9,291.2;540.7,246.7;448.4,243.5;391.1,249.9;432.5,265.8
181#517.4,474.8;520.8,383.9;490.5,320.0;443.4,323.3;463.6,404.1;446.8,501.7;460.2,320.0;480.4,225.7;487.1,219.0;505.7,163.5;567.9,320.0;557.8,262.7;517.4,222.4;443.4,222.4;382.8,225.7;419.8,219.0
182#508.6,458.8;508.6,358.9;481.1,297.0;432.8,303.8;450.1,379.6;436.3,489.8;453.5,300.4;470.7,197.1;470.7,190.2;482.8,123.1;553.4,293.5;549.9,235.0;515.5,197.1;426.0,197.1;381.2,204.0;412.2,238.4
183#499.6,439.4;496.1,345.4;471.7,275.7;419.5,282.7;429.9,369.8;423.0,453.3;443.8,282.7;454.3,174.7;454.3,171.3;463.0,99.9;541.4,261.8;530.9,209.6;499.6,174.7;412.5,178.2;412.5,220.0;454.3,268.8
184#494.0,427.2;483.3,324.1;462.0,256.5;408.7,263.6;422.9,341.9;412.2,445.0;433.6,260.1;440.7,164.0;440.7,153.4;438.9,94.7;529.6,242.3;511.8,188.9;479.8,156.9;408.7,167.6;415.8,217.4;447.8,253.0
185#489.4,420.0;482.4,318.3;450.8,248.1;391.1,255.1;408.7,349.8;405.1,448.1;419.2,251.6;419.2,153.3;419.2,146.3;413.9,74.3;517.5,223.5;492.9,177.9;450.8,142.8;387.6,163.8;401.6,220.0;440.2,262.1
186#489.7,413.1;475.6,307.4;436.8,244.0;380.4,254.5;394.5,346.1;394.5,451.9;408.6,247.5;405.1,141.8;405.1,134.7;385.7,69.6;507.3,205.2;475.6,170.0;433.3,131.2;376.9,155.9;387.5,201.7;429.8,229.9
